,f,fv,value
0,0.000,0.000,669.6491251422165
1,0.000,0.005,668.302629817838
2,0.000,0.010,666.9536853827547
3,0.000,0.015,665.6023058549187
4,0.000,0.020,664.2485055201608
5,0.000,0.025,662.8922989335712
6,0.000,0.030,661.5337009208437
7,0.000,0.035,660.1727265795834
8,0.000,0.040,658.8093912805754
9,0.000,0.045,657.4437106690135
10,0.000,0.050,656.0757006656897
11,0.000,0.055,654.7053774681395
12,0.000,0.060,653.332757551747
13,0.000,0.065,651.9578576708033
14,0.000,0.070,650.5806948595216
15,0.000,0.075,649.2012864330047
16,0.000,0.080,647.8196499881658
17,0.000,0.085,646.4358034046
18,0.000,0.090,645.049764845406
19,0.000,0.095,643.6615527579571
20,0.000,0.100,642.2711858746203
21,0.000,0.105,640.8786832134209
22,0.000,0.110,639.484064078654
23,0.000,0.115,638.0873480614399
24,0.000,0.120,636.6885550402224
25,0.000,0.125,635.2877051812097
26,0.000,0.130,633.8848189387563
27,0.000,0.135,632.4799170556844
28,0.000,0.140,631.0730205635438
29,0.000,0.145,629.6641507828107
30,0.000,0.150,628.2533293230215
31,0.000,0.155,626.8405780828431
32,0.000,0.160,625.4259192500767
33,0.000,0.165,624.0093753015958
34,0.000,0.170,622.5909690032152
35,0.000,0.175,621.1707234094923
36,0.000,0.180,619.7486618634583
37,0.000,0.185,618.3248079962774
38,0.000,0.190,616.8991857268358
39,0.000,0.195,615.4718192612564
40,0.000,0.200,614.0427330923409
41,0.000,0.205,612.6119519989354
42,0.000,0.210,611.179501045222
43,0.000,0.215,609.7454055799329
44,0.000,0.220,608.3096912354871
45,0.000,0.225,606.8723839270485
46,0.000,0.230,605.4335098515058
47,0.000,0.235,603.9930954863704
48,0.000,0.240,602.5511675885957
49,0.000,0.245,601.1077531933138
50,0.000,0.250,599.6628796124892
51,0.000,0.255,598.2165744334915
52,0.000,0.260,596.7688655175817
53,0.000,0.265,595.3197809983177
54,0.000,0.270,593.8693492798714
55,0.000,0.275,592.4175990352626
56,0.000,0.280,590.9645592045066
57,0.000,0.285,589.5102589926747
58,0.000,0.290,588.0547278678687
59,0.000,0.295,586.5979955591065
60,0.000,0.300,585.1400920541223
61,0.000,0.305,583.6810475970769
62,0.000,0.310,582.2208926861804
63,0.000,0.315,580.7596580712261
64,0.000,0.320,579.2973747510362
65,0.000,0.325,577.8340739708178
66,0.000,0.330,576.3697872194299
67,0.000,0.335,574.9045462265622
68,0.000,0.340,573.4383829598231
69,0.000,0.345,571.9713296217409
70,0.000,0.350,570.5034186466729
71,0.000,0.355,569.0346826976283
72,0.000,0.360,567.5651546630012
73,0.000,0.365,566.0948676532145
74,0.000,0.370,564.6238549972765
75,0.000,0.375,563.1521502392488
76,0.000,0.380,561.6797871346276
77,0.000,0.385,560.2067996466367
78,0.000,0.390,558.7332219424344
79,0.000,0.395,557.2590883892341
80,0.000,0.400,555.7844335503397
81,0.000,0.405,554.3092921810961
82,0.000,0.410,552.833699224755
83,0.000,0.415,551.3576898082572
84,0.000,0.420,549.881299237934
85,0.000,0.425,548.4045629951238
86,0.000,0.430,546.9275167317111
87,0.000,0.435,545.4501962655836
88,0.000,0.440,543.9726375760109
89,0.000,0.445,542.4948767989462
90,0.000,0.450,541.0169502222504
91,0.000,0.455,539.5388942808421
92,0.000,0.460,538.0607455517722
93,0.000,0.465,536.5825407492267
94,0.000,0.470,535.1043167194579
95,0.000,0.475,533.6261104356449
96,0.000,0.480,532.1479589926874
97,0.000,0.485,530.6698996019297
98,0.000,0.490,529.191969585823
99,0.000,0.495,527.7142063725202
100,0.000,0.500,526.2366474904117
101,0.000,0.505,524.759330562599
102,0.000,0.510,523.2822933013113
103,0.000,0.515,521.8055735022633
104,0.000,0.520,520.3292090389613
105,0.000,0.525,518.8532378569536
106,0.000,0.530,517.3776979680313
107,0.000,0.535,515.9026274443814
108,0.000,0.540,514.4280644126908
109,0.000,0.545,512.9540470482075
110,0.000,0.550,511.480613568759
111,0.000,0.555,510.00780222873
112,0.000,0.560,508.53565131300263
113,0.000,0.565,507.06419913086097
114,0.000,0.570,505.59348400986175
115,0.000,0.575,504.12354428967376
116,0.000,0.580,502.65441831589044
117,0.000,0.585,501.18614443381347
118,0.000,0.590,499.718760982215
119,0.000,0.595,498.252306287077
120,0.000,0.600,496.7868186553131
121,0.000,0.605,495.32233636847235
122,0.000,0.610,493.85889767643135
123,0.000,0.615,492.3965407910737
124,0.000,0.620,490.9353038799616
125,0.000,0.625,489.475225060001
126,0.000,0.630,488.0163423911042
127,0.000,0.635,486.55869386985074
128,0.000,0.640,485.1023174231512
129,0.000,0.645,483.6472509019148
130,0.000,0.650,482.19353207472494
131,0.000,0.655,480.7411986215244
132,0.000,0.660,479.29028812731303
133,0.000,0.665,477.84083807586086
134,0.000,0.670,476.3928858434395
135,0.000,0.675,474.9464686925735
136,0.000,0.680,473.5016237658158
137,0.000,0.685,472.05838807954837
138,0.000,0.690,470.6167985178123
139,0.000,0.695,469.1768918261686
140,0.000,0.700,467.7387046055928
141,0.000,0.705,466.30227330640645
142,0.000,0.710,464.86763422224755
143,0.000,0.715,463.4348234840824
144,0.000,0.720,462.0038770542622
145,0.000,0.725,460.5748307206258
146,0.000,0.730,459.14772009065183
147,0.000,0.735,457.7225805856629
148,0.000,0.740,456.29944743508344
149,0.000,0.745,454.8783556707542
150,0.000,0.750,453.4593401213063
151,0.000,0.755,452.0424354065955
152,0.000,0.760,450.62767593220065
153,0.000,0.765,449.215095883988
154,0.000,0.770,447.80472922274345
155,0.000,0.775,446.3966096788749
156,0.000,0.780,444.99077074718673
157,0.000,0.785,443.58724568172994
158,0.000,0.790,442.1860674907266
159,0.000,0.795,440.78726893157517
160,0.000,0.800,439.3908825059345
161,0.000,0.805,437.99694045489076
162,0.000,0.810,436.6054747542083
163,0.000,0.815,435.2165171096671
164,0.000,0.820,433.83009895248665
165,0.000,0.825,432.44625143484006
166,0.000,0.830,431.06500542545876
167,0.000,0.835,429.68639150532954
168,0.000,0.840,428.3104399634855
169,0.000,0.845,426.93718079289283
170,0.000,0.850,425.5666436864332
171,0.000,0.855,424.1988580329858
172,0.000,0.860,422.83385291360673
173,0.000,0.865,421.4716570978105
174,0.000,0.870,420.1122990399518
175,0.000,0.875,418.7558068757106
176,0.000,0.880,417.40220841868023
177,0.000,0.885,416.0515311570607
178,0.000,0.890,414.703802250456
179,0.000,0.895,413.35904852677874
180,0.000,0.900,412.01729647926084
181,0.000,0.905,410.6785722635718
182,0.000,0.910,409.34290169504504
183,0.000,0.915,408.0103102460125
184,0.000,0.920,406.68082304324815
185,0.000,0.925,405.3544648655212
186,0.000,0.930,404.0312601412583
187,0.000,0.935,402.711232946316
188,0.000,0.940,401.39440700186316
189,0.000,0.945,400.08080567237306
190,0.000,0.950,398.77045196372654
191,0.000,0.955,397.4633685214243
192,0.000,0.960,396.1595776289096
193,0.000,0.965,394.8591012060013
194,0.000,0.970,393.5619608074359
195,0.000,0.975,392.2681776215195
196,0.000,0.980,390.97777246888865
197,0.000,0.985,389.6907658013796
198,0.000,0.990,388.4071777010064
199,0.000,0.995,387.127027879046
200,0.000,1.000,385.8503356752316
201,0.005,0.000,668.495138720233
202,0.005,0.005,667.1442629949681
203,0.005,0.010,665.7909286323853
204,0.005,0.015,664.4351497999612
205,0.005,0.020,663.076940936052
206,0.005,0.025,661.7163167512914
207,0.005,0.030,660.3532922299522
208,0.005,0.035,658.9878826312695
209,0.005,0.040,657.6201034907245
210,0.005,0.045,656.2499706212897
211,0.005,0.050,654.8775001146292
212,0.005,0.055,653.5027083422614
213,0.005,0.060,652.1256119566733
214,0.005,0.065,650.746227892393
215,0.005,0.070,649.3645733670148
216,0.005,0.075,647.9806658821776
217,0.005,0.080,646.5945232244945
218,0.005,0.085,645.2061634664337
219,0.005,0.090,643.8156049671474
220,0.005,0.095,642.4228663732501
221,0.005,0.100,641.0279666195433
222,0.005,0.105,639.6309249296856
223,0.005,0.110,638.2317608168081
224,0.005,0.115,636.8304940840725
225,0.005,0.120,635.427144825172
226,0.005,0.125,634.0217334247739
227,0.005,0.130,632.6142805588996
228,0.005,0.135,631.2048071952472
229,0.005,0.140,629.7933345934482
230,0.005,0.145,628.3798843052632
231,0.005,0.150,626.9644781747113
232,0.005,0.155,625.547138338135
233,0.005,0.160,624.127887224198
234,0.005,0.165,622.7067475538139
235,0.005,0.170,621.2837423400076
236,0.005,0.175,619.858894887706
237,0.005,0.180,618.4322287934565
238,0.005,0.185,617.0037679450755
239,0.005,0.190,615.5735365212215
240,0.005,0.195,614.1415589908953
241,0.005,0.200,612.7078601128646
242,0.005,0.205,611.2724649350129
243,0.005,0.210,609.8353987936106
244,0.005,0.215,608.3966873125088
245,0.005,0.220,606.9563564022532
246,0.005,0.225,605.5144322591195
247,0.005,0.230,604.0709413640675
248,0.005,0.235,602.6259104816135
249,0.005,0.240,601.1793666586209
250,0.005,0.245,599.7313372230076
251,0.005,0.250,598.2818497823696
252,0.005,0.255,596.8309322225205
253,0.005,0.260,595.3786127059449
254,0.005,0.265,593.9249196701678
255,0.005,0.270,592.4698818260356
256,0.005,0.275,591.0135281559113
257,0.005,0.280,589.5558879117823
258,0.005,0.285,588.0969906132798
259,0.005,0.290,586.6368660456095
260,0.005,0.295,585.1755442573948
261,0.005,0.300,583.7130555584281
262,0.005,0.305,582.2494305173364
263,0.005,0.310,580.7846999591528
264,0.005,0.315,579.3188949628013
265,0.005,0.320,577.8520468584892
266,0.005,0.325,576.38418722501
267,0.005,0.330,574.9153478869551
268,0.005,0.335,573.4455609118355
269,0.005,0.340,571.9748586071122
270,0.005,0.345,570.5032735171362
271,0.005,0.350,569.0308384199981
272,0.005,0.355,567.5575863242865
273,0.005,0.360,566.0835504657574
274,0.005,0.365,564.6087643039123
275,0.005,0.370,563.1332615184873
276,0.005,0.375,561.6570760058523
277,0.005,0.380,560.1802418753222
278,0.005,0.385,558.7027934453776
279,0.005,0.390,557.2247652397996
280,0.005,0.395,555.7461919837157
281,0.005,0.400,554.2671085995592
282,0.005,0.405,552.7875502029423
283,0.005,0.410,551.3075520984439
284,0.005,0.415,549.8271497753126
285,0.005,0.420,548.3463789030856
286,0.005,0.425,546.8652753271244
287,0.005,0.430,545.3838750640701
288,0.005,0.435,543.9022142972149
289,0.005,0.440,542.4203293717961
290,0.005,0.445,540.9382567902103
291,0.005,0.450,539.4560332071497
292,0.005,0.455,537.9736954246625
293,0.005,0.460,536.4912803871381
294,0.005,0.465,535.0088251762185
295,0.005,0.470,533.5263670056373
296,0.005,0.475,532.0439432159878
297,0.005,0.480,530.5615912694219
298,0.005,0.485,529.0793487442814
299,0.005,0.490,527.5972533296626
300,0.005,0.495,526.1153428199174
301,0.005,0.500,524.6336551090902
302,0.005,0.505,523.1522281852956
303,0.005,0.510,521.6711001250358
304,0.005,0.515,520.1903090874613
305,0.005,0.520,518.7098933085762
306,0.005,0.525,517.2298910953906
307,0.005,0.530,515.7503408200213
308,0.005,0.535,514.2712809137433
309,0.005,0.540,512.7927498609953
310,0.005,0.545,511.31478619333905
311,0.005,0.550,509.83742848337687
312,0.005,0.555,508.36071533862895
313,0.005,0.560,506.88468539537183
314,0.005,0.565,505.4093773124421
315,0.005,0.570,503.9348297650061
316,0.005,0.575,502.46108143829895
317,0.005,0.580,500.98817102133495
318,0.005,0.585,499.51613720059254
319,0.005,0.590,498.04501865367445
320,0.005,0.595,496.5748540429485
321,0.005,0.600,495.105682009169
322,0.005,0.605,493.6375411650824
323,0.005,0.610,492.1704700890198
324,0.005,0.615,490.70450731847967
325,0.005,0.620,489.23969134370077
326,0.005,0.625,487.77606060123196
327,0.005,0.630,486.3136534674982
328,0.005,0.635,484.85250825236665
329,0.005,0.640,483.3926631927162
330,0.005,0.645,481.9341564460118
331,0.005,0.650,480.477026083888
332,0.005,0.655,479.0213100857426
333,0.005,0.660,477.56704633234443
334,0.005,0.665,476.1142725994577
335,0.005,0.670,474.6630265514853
336,0.005,0.675,473.213345735134
337,0.005,0.680,471.7652675731046
338,0.005,0.685,470.3188293578091
339,0.005,0.690,468.87406824511817
340,0.005,0.695,467.43102124814123
341,0.005,0.700,465.9897252310418
342,0.005,0.705,464.5502169028915
343,0.005,0.710,463.1125328115639
344,0.005,0.715,461.67670933767243
345,0.005,0.720,460.24278268855426
346,0.005,0.725,458.81078889230184
347,0.005,0.730,457.3807637918465
348,0.005,0.735,455.95274303909497
349,0.005,0.740,454.5267620891221
350,0.005,0.745,453.1028561944222
351,0.005,0.750,451.6810603992213
352,0.005,0.755,450.2614095338522
353,0.005,0.760,448.84393820919604
354,0.005,0.765,447.4286808111906
355,0.005,0.770,446.0156714954102
356,0.005,0.775,444.6049441817163
357,0.005,0.780,443.1965325489844
358,0.005,0.785,441.790470029906
359,0.005,0.790,440.38678980587025
360,0.005,0.795,438.9855248019261
361,0.005,0.800,437.58670768182714
362,0.005,0.805,436.1903708431605
363,0.005,0.810,434.79654641256326
364,0.005,0.815,433.40526624102597
365,0.005,0.820,432.016561899287
366,0.005,0.825,430.6304646733179
367,0.005,0.830,429.24700555990273
368,0.005,0.835,427.86621526231113
369,0.005,0.840,426.48812418606894
370,0.005,0.845,425.1127624348257
371,0.005,0.850,423.74015980632146
372,0.005,0.855,422.3703457884543
373,0.005,0.860,421.0033495554487
374,0.005,0.865,419.6391999641282
375,0.005,0.870,418.2779255502899
376,0.005,0.875,416.9195545251859
377,0.005,0.880,415.5641147721092
378,0.005,0.885,414.21163384308744
379,0.005,0.890,412.86213895568335
380,0.005,0.895,411.51565698990436
381,0.005,0.900,410.17221448522093
382,0.005,0.905,408.83183763769455
383,0.005,0.910,407.4945522972164
384,0.005,0.915,406.16038396485595
385,0.005,0.920,404.82935779032186
386,0.005,0.925,403.5014985695336
387,0.005,0.930,402.1768307423045
388,0.005,0.935,400.85537839013847
389,0.005,0.940,399.5371652341368
390,0.005,0.945,398.2222146330188
391,0.005,0.950,396.9105495812537
392,0.005,0.955,395.6021927073055
393,0.005,0.960,394.29716627198934
394,0.005,0.965,392.9954921669397
395,0.005,0.970,391.6971919131909
396,0.005,0.975,390.4022866598686
397,0.005,0.980,389.11079718299175
398,0.005,0.985,387.82274388438583
399,0.005,0.990,386.5381467907062
400,0.005,0.995,385.2570255525698
401,0.005,1.000,383.9793994437973
402,0.010,0.000,667.3358213015011
403,0.010,0.005,665.9805327800805
404,0.010,0.010,664.6227759854886
405,0.010,0.015,663.2625652364712
406,0.010,0.020,661.8999151257027
407,0.010,0.025,660.5348405212017
408,0.010,0.030,659.1673565677089
409,0.010,0.035,657.797478688028
410,0.010,0.040,656.4252225843246
411,0.010,0.045,655.0506042393858
412,0.010,0.050,653.6736399178374
413,0.010,0.055,652.2943461673169
414,0.010,0.060,650.9127398196041
415,0.010,0.065,649.5288379917034
416,0.010,0.070,648.1426580868814
417,0.010,0.075,646.754217795656
418,0.010,0.080,645.3635350967351
419,0.010,0.085,643.9706282579067
420,0.010,0.090,642.5755158368768
421,0.010,0.095,641.1782166820526
422,0.010,0.100,639.7787499332757
423,0.010,0.105,638.3771350224957
424,0.010,0.110,636.9733916743915
425,0.010,0.115,635.567539906931
426,0.010,0.120,634.1596000318757
427,0.010,0.125,632.7495926552227
428,0.010,0.130,631.3375386775878
429,0.010,0.135,629.9234592945234
430,0.010,0.140,628.5073759967765
431,0.010,0.145,627.0893105704791
432,0.010,0.150,625.6692850972746
433,0.010,0.155,624.247321954376
434,0.010,0.160,622.8234438145577
435,0.010,0.165,621.3976736460764
436,0.010,0.170,619.9700347125232
437,0.010,0.175,618.5405505726035
438,0.010,0.180,617.1092450798444
439,0.010,0.185,615.6761423822297
440,0.010,0.190,614.2412669217592
441,0.010,0.195,612.8046434339329
442,0.010,0.200,611.366296947159
443,0.010,0.205,609.9262527820838
444,0.010,0.210,608.4845365508437
445,0.010,0.215,607.0411741562375
446,0.010,0.220,605.596191790818
447,0.010,0.225,604.1496159359033
448,0.010,0.230,602.701473360505
449,0.010,0.235,601.2517911201746
450,0.010,0.240,599.8005965557647
451,0.010,0.245,598.3479172921072
452,0.010,0.250,596.8937812366055
453,0.010,0.255,595.4382165777405
454,0.010,0.260,593.9812517834902
455,0.010,0.265,592.5229155996626
456,0.010,0.270,591.0632370481401
457,0.010,0.275,589.6022454250342
458,0.010,0.280,588.1399702987538
459,0.010,0.285,586.6764415079824
460,0.010,0.290,585.2116891595643
461,0.010,0.295,583.7457436263028
462,0.010,0.300,582.278635544665
463,0.010,0.305,580.8103958123983
464,0.010,0.310,579.3410555860519
465,0.010,0.315,577.8706462784105
466,0.010,0.320,576.3991995558329
467,0.010,0.325,574.9267473355
468,0.010,0.330,573.4533217825704
469,0.010,0.335,571.9789553072442
470,0.010,0.340,570.5036805617336
471,0.010,0.345,569.0275304371423
472,0.010,0.350,567.5505380602511
473,0.010,0.355,566.0727367902142
474,0.010,0.360,564.594160215161
475,0.010,0.365,563.1148421487079
476,0.010,0.370,561.6348166263788
477,0.010,0.375,560.1541179019335
478,0.010,0.380,558.6727804436072
479,0.010,0.385,557.1908389302589
480,0.010,0.390,555.7083282474306
481,0.010,0.395,554.2252834833176
482,0.010,0.400,552.7417399246506
483,0.010,0.405,551.2577330524899
484,0.010,0.410,549.7732985379328
485,0.010,0.415,548.2884722377356
486,0.010,0.420,546.8032901898493
487,0.010,0.425,545.3177886088721
488,0.010,0.430,543.8320038814177
489,0.010,0.435,542.3459725614023
490,0.010,0.440,540.8597313652497
491,0.010,0.445,539.373317167017
492,0.010,0.450,537.8867669934414
493,0.010,0.455,536.4001180189085
494,0.010,0.460,534.913407560347
495,0.010,0.465,533.4266730720454
496,0.010,0.470,531.9399521403985
497,0.010,0.475,530.4532824785799
498,0.010,0.480,528.9667019211447
499,0.010,0.485,527.4802484185652
500,0.010,0.490,525.9939600316973
501,0.010,0.495,524.5078749261833
502,0.010,0.500,523.0220313667912
503,0.010,0.505,521.5364677116914
504,0.010,0.510,520.0512224066754
505,0.010,0.515,518.5663339793139
506,0.010,0.520,517.0818410330636
507,0.010,0.525,515.597782241316
508,0.010,0.530,514.1141963413968
509,0.010,0.535,512.6311221285152
510,0.010,0.540,511.148598449667
511,0.010,0.545,509.66666419749026
512,0.010,0.550,508.18535830408103
513,0.010,0.555,506.70471973476674
514,0.010,0.560,505.22478748184176
515,0.010,0.565,503.74560055826794
516,0.010,0.570,502.2671979913411
517,0.010,0.575,500.7896188163277
518,0.010,0.580,499.3129020700716
519,0.010,0.585,497.8370867845763
520,0.010,0.590,496.3622119805645
521,0.010,0.595,494.8883166610151
522,0.010,0.600,493.41543980468407
523,0.010,0.605,491.94362035960876
524,0.010,0.610,490.4728972366006
525,0.010,0.615,489.0033093027268
526,0.010,0.620,487.5348953747851
527,0.010,0.625,486.06769421277494
528,0.010,0.630,484.60174451336525
529,0.010,0.635,483.13708490336427
530,0.010,0.640,481.6737539331927
531,0.010,0.645,480.2117900703636
532,0.010,0.650,478.75123169297143
533,0.010,0.655,477.2921170831934
534,0.010,0.660,475.8344844208048
535,0.010,0.665,474.3783717767137
536,0.010,0.670,472.9238171065142
537,0.010,0.675,471.4708582440643
538,0.010,0.680,470.019532895089
539,0.010,0.685,468.56987863081264
540,0.010,0.690,467.1219328816226
541,0.010,0.695,465.675732930767
542,0.010,0.700,464.23131590809015
543,0.010,0.705,462.78871878380664
544,0.010,0.710,461.3479783623189
545,0.010,0.715,459.9091312760791
546,0.010,0.720,458.4722139794994
547,0.010,0.725,457.0372627429114
548,0.010,0.730,455.60431364658035
549,0.010,0.735,454.1734025747727
550,0.010,0.740,452.7445652098832
551,0.010,0.745,451.3178370266223
552,0.010,0.750,449.89325328626546
553,0.010,0.755,448.4708490309691
554,0.010,0.760,447.0506590781534
555,0.010,0.765,445.63271801495574
556,0.010,0.770,444.217060192756
557,0.010,0.775,442.80371972177664
558,0.010,0.780,441.39273046575977
559,0.010,0.785,439.98412603672256
560,0.010,0.790,438.57793978979447
561,0.010,0.795,437.1742048181366
562,0.010,0.800,435.7729539479469
563,0.010,0.805,434.3742197335517
564,0.010,0.810,432.9780344525863
565,0.010,0.815,431.5844301012665
566,0.010,0.820,430.1934383897517
567,0.010,0.825,428.8050907376028
568,0.010,0.830,427.4194182693359
569,0.010,0.835,426.0364518100722
570,0.010,0.840,424.6562218812879
571,0.010,0.845,423.2787586966635
572,0.010,0.850,421.90409215803516
573,0.010,0.855,420.5322518514483
574,0.010,0.860,419.1632670433158
575,0.010,0.865,417.79716667668174
576,0.010,0.870,416.43397936759055
577,0.010,0.875,415.073733401564
578,0.010,0.880,413.7164567301874
579,0.010,0.885,412.3621769678032
580,0.010,0.890,411.01092138831643
581,0.010,0.895,409.66271692210995
582,0.010,0.900,408.3175901530712
583,0.010,0.905,406.97556731573167
584,0.010,0.910,405.6366742925181
585,0.010,0.915,404.3009366111175
586,0.010,0.920,402.96837944195534
587,0.010,0.925,401.63902759578724
588,0.010,0.930,400.3129055214054
589,0.010,0.935,398.990037303459
590,0.010,0.940,397.67044666038845
591,0.010,0.945,396.35415694247445
592,0.010,0.950,395.041191130002
593,0.010,0.955,393.7315718315377
594,0.010,0.960,392.4253212823217
595,0.010,0.965,391.12246134277376
596,0.010,0.970,389.8230134971125
597,0.010,0.975,388.5269988520884
598,0.010,0.980,387.2344381358294
599,0.010,0.985,385.945351696799
600,0.010,0.990,384.6597595028661
601,0.010,0.995,383.3776811404868
602,0.010,1.000,382.0991358139958
603,0.015,0.000,666.1711267698864
604,0.015,0.005,664.8113926373007
605,0.015,0.010,663.4491804840488
606,0.015,0.015,662.0845047819131
607,0.015,0.020,660.7173802797013
608,0.015,0.025,659.3478220046816
609,0.015,0.030,657.9758452639776
610,0.015,0.035,656.6014656459251
611,0.015,0.040,655.2246990213894
612,0.015,0.045,653.8455615450376
613,0.015,0.050,652.4640696565738
614,0.015,0.055,651.0802400819233
615,0.015,0.060,649.6940898343784
616,0.015,0.065,648.3056362156923
617,0.015,0.070,646.9148968171289
618,0.015,0.075,645.5218895204624
619,0.015,0.080,644.126632498927
620,0.015,0.085,642.7291442181147
621,0.015,0.090,641.3294434368222
622,0.015,0.095,639.9275492078426
623,0.015,0.100,638.5234808787025
624,0.015,0.105,637.1172580923436
625,0.015,0.110,635.7089007877464
626,0.015,0.115,634.298429200495
627,0.015,0.120,632.8858638632827
628,0.015,0.125,631.4712256063566
629,0.015,0.130,630.0545355578995
630,0.015,0.135,628.6358151443484
631,0.015,0.140,627.2150860906496
632,0.015,0.145,625.792370420446
633,0.015,0.150,624.3676904561993
634,0.015,0.155,622.9410688192432
635,0.015,0.160,621.5125284297677
636,0.015,0.165,620.082092506732
637,0.015,0.170,618.6497845677079
638,0.015,0.175,617.2156284286486
639,0.015,0.180,615.7796482035855
640,0.015,0.185,614.3418683042477
641,0.015,0.190,612.902313439609
642,0.015,0.195,611.461008615355
643,0.015,0.200,610.017979133275
644,0.015,0.205,608.5732505905717
645,0.015,0.210,607.126848879094
646,0.015,0.215,605.6788001844881
647,0.015,0.220,604.2291309852651
648,0.015,0.225,602.7778680517893
649,0.015,0.230,601.325038445179
650,0.015,0.235,599.8706695161264
651,0.015,0.240,598.4147889036299
652,0.015,0.245,596.9574245336412
653,0.015,0.250,595.4986046176257
654,0.015,0.255,594.0383576510358
655,0.015,0.260,592.5767124116945
656,0.015,0.265,591.1136979580918
657,0.015,0.270,589.6493436275903
658,0.015,0.275,588.1836790345419
659,0.015,0.280,586.7167340683129
660,0.015,0.285,585.2485388912179
661,0.015,0.290,583.7791239363632
662,0.015,0.295,582.3085199053971
663,0.015,0.300,580.8367577661681
664,0.015,0.305,579.3638687502901
665,0.015,0.310,577.8898843506148
666,0.015,0.315,576.4148363186114
667,0.015,0.320,574.9387566616509
668,0.015,0.325,573.4616776401991
669,0.015,0.330,571.9836317649136
670,0.015,0.335,570.504651793649
671,0.015,0.340,569.024770728366
672,0.015,0.345,567.5440218119489
673,0.015,0.350,566.0624385249281
674,0.015,0.355,564.5800545821091
675,0.015,0.360,563.0969039291084
676,0.015,0.365,561.6130207387968
677,0.015,0.370,560.1284394076478
678,0.015,0.375,558.6431945519973
679,0.015,0.380,557.1573210042075
680,0.015,0.385,555.6708538087411
681,0.015,0.390,554.183828218145
682,0.015,0.395,552.6962796889422
683,0.015,0.400,551.2082438774354
684,0.015,0.405,549.7197566354198
685,0.015,0.410,548.2308540058101
686,0.015,0.415,546.7415722181778
687,0.015,0.420,545.251947684203
688,0.015,0.425,543.7620169930412
689,0.015,0.430,542.2718169066047
690,0.015,0.435,540.7813843547601
691,0.015,0.440,539.2907564304451
692,0.015,0.445,537.7999703847029
693,0.015,0.450,536.309063621637
694,0.015,0.455,534.8180736932873
695,0.015,0.460,533.3270382944295
696,0.015,0.465,531.8359952572981
697,0.015,0.470,530.3449825462362
698,0.015,0.475,528.8540382522707
699,0.015,0.480,527.3632005876182
700,0.015,0.485,525.8725078801207
701,0.015,0.490,524.3819985676141
702,0.015,0.495,522.8917111922294
703,0.015,0.500,521.4016843946313
704,0.015,0.505,519.9119569081937
705,0.015,0.510,518.4225675531159
706,0.015,0.515,516.9335552304789
707,0.015,0.520,515.4449589162465
708,0.015,0.525,513.9568176552132
709,0.015,0.530,512.4691705548973
710,0.015,0.535,510.98205677938785
711,0.015,0.540,509.4955155431403
712,0.015,0.545,508.00958610473
713,0.015,0.550,506.52430776056093
714,0.015,0.555,505.0397198385344
715,0.015,0.560,503.55586169167964
716,0.015,0.565,502.0727726917487
717,0.015,0.570,500.5904922227778
718,0.015,0.575,499.1090596746186
719,0.015,0.580,497.62851443644087
720,0.015,0.585,496.14889589020964
721,0.015,0.590,494.6702434041401
722,0.015,0.595,493.19259632613085
723,0.015,0.600,491.7159939771818
724,0.015,0.605,490.240475644795
725,0.015,0.610,488.76608057636474
726,0.015,0.615,487.29284797255764
727,0.015,0.620,485.8208169806867
728,0.015,0.625,484.3500266880813
729,0.015,0.630,482.88051611545575
730,0.015,0.635,481.4123242102809
731,0.015,0.640,479.9454898401589
732,0.015,0.645,478.4800517862067
733,0.015,0.650,477.01604873644914
734,0.015,0.655,475.5535192792261
735,0.015,0.660,474.09250189661446
736,0.015,0.665,472.63303495786977
737,0.015,0.670,471.17515671289
738,0.015,0.675,469.71890528570316
739,0.015,0.680,468.2643186679823
740,0.015,0.685,466.8114347125915
741,0.015,0.690,465.36029112716443
742,0.015,0.695,463.9109254677184
743,0.015,0.700,462.46337513230804
744,0.015,0.705,461.01767735471975
745,0.015,0.710,459.5738691982096
746,0.015,0.715,458.1319875492899
747,0.015,0.720,456.69206911156357
748,0.015,0.725,455.2541503996118
749,0.015,0.730,453.81826773293557
750,0.015,0.735,452.38445722995624
751,0.015,0.740,450.952754802074
752,0.015,0.745,449.52319614779105
753,0.015,0.750,448.09581674689787
754,0.015,0.755,446.67065185472836
755,0.015,0.760,445.2477364964846
756,0.015,0.765,443.82710546163304
757,0.015,0.770,442.4087932983762
758,0.015,0.775,440.99283430820157
759,0.015,0.780,439.57926254050756
760,0.015,0.785,438.1681117873134
761,0.015,0.790,436.7594155780504
762,0.015,0.795,435.3532071744391
763,0.015,0.800,433.9495195654547
764,0.015,0.805,432.5483854623806
765,0.015,0.810,431.1498372939541
766,0.015,0.815,429.75390720160465
767,0.015,0.820,428.36062703478757
768,0.015,0.825,426.97002834641313
769,0.015,0.830,425.5821423883757
770,0.015,0.835,424.19700010718043
771,0.015,0.840,422.8146321396732
772,0.015,0.845,421.4350688088719
773,0.015,0.850,420.05834011990254
774,0.015,0.855,418.6844757560403
775,0.015,0.860,417.3135050748575
776,0.015,0.865,415.9454571044795
777,0.015,0.870,414.5803605399481
778,0.015,0.875,413.21824373969764
779,0.015,0.880,411.8591347221385
780,0.015,0.885,410.50306116235527
781,0.015,0.890,409.15005038891525
782,0.015,0.895,407.80012938079193
783,0.015,0.900,406.453324764401
784,0.015,0.905,405.1096628107517
785,0.015,0.910,403.76916943271283
786,0.015,0.915,402.4318701823944
787,0.015,0.920,401.0977902486449
788,0.015,0.925,399.766954454665
789,0.015,0.930,398.4393872557372
790,0.015,0.935,397.1151127370724
791,0.015,0.940,395.79415461177274
792,0.015,0.945,394.47653621891146
793,0.015,0.950,393.1622805217287
794,0.015,0.955,391.8514101059444
795,0.015,0.960,390.5439471781873
796,0.015,0.965,389.2399135645395
797,0.015,0.970,387.93933070919707
798,0.015,0.975,386.6422196732463
799,0.015,0.980,385.3486011335541
800,0.015,0.985,384.05849538177296
801,0.015,0.990,382.7719223234601
802,0.015,0.995,381.48890147730896
803,0.015,1.000,380.20945197449396
804,0.020,0.000,665.001008432941
805,0.020,0.005,663.636795446686
806,0.020,0.010,662.2700945781583
807,0.020,0.015,660.9009204539647
808,0.020,0.020,659.529287980886
809,0.020,0.025,658.155212347329
810,0.020,0.030,656.7787090247385
811,0.020,0.035,655.3997937689745
812,0.020,0.040,654.0184826216425
813,0.020,0.045,652.6347919113856
814,0.020,0.050,651.2487382551303
815,0.020,0.055,649.8603385592903
816,0.020,0.060,648.4696100209214
817,0.020,0.065,647.0765701288316
818,0.020,0.070,645.6812366646408
819,0.020,0.075,644.283627703793
820,0.020,0.080,642.8837616165155
821,0.020,0.085,641.4816570687267
822,0.020,0.090,640.0773330228915
823,0.020,0.095,638.6708087388198
824,0.020,0.100,637.2621037744115
825,0.020,0.105,635.851237986343
826,0.020,0.110,634.4382315306954
827,0.020,0.115,633.0231048635235
828,0.020,0.120,631.6058787413632
829,0.020,0.125,630.1865742216784
830,0.020,0.130,628.7652126632422
831,0.020,0.135,627.3418157264563
832,0.020,0.140,625.9164053736014
833,0.020,0.145,624.4890038690245
834,0.020,0.150,623.0596337792546
835,0.020,0.155,621.6283179730514
836,0.020,0.160,620.1950796213819
837,0.020,0.165,618.7599421973265
838,0.020,0.170,617.3229294759124
839,0.020,0.175,615.884065533871
840,0.020,0.180,614.4433747493237
841,0.020,0.185,613.000881801388
842,0.020,0.190,611.5566116697096
843,0.020,0.195,610.1105896339128
844,0.020,0.200,608.6628412729756
845,0.020,0.205,607.2133924645202
846,0.020,0.210,605.7622693840258
847,0.020,0.215,604.3094985039567
848,0.020,0.220,602.8551065928078
849,0.020,0.225,601.3991207140672
850,0.020,0.230,599.9415682250911
851,0.020,0.235,598.4824767758953
852,0.020,0.240,597.0218743078582
853,0.020,0.245,595.5597890523376
854,0.020,0.250,594.0962495291974
855,0.020,0.255,592.6312845452472
856,0.020,0.260,591.1649231925901
857,0.020,0.265,589.6971948468818
858,0.020,0.270,588.2281291654969
859,0.020,0.275,586.7577560856056
860,0.020,0.280,585.2861058221554
861,0.020,0.285,583.8132088657626
862,0.020,0.290,582.3390959805088
863,0.020,0.295,580.8637982016445
864,0.020,0.300,579.3873468331985
865,0.020,0.305,577.909773445493
866,0.020,0.310,576.431109872563
867,0.020,0.315,574.9513882094824
868,0.020,0.320,573.4706408095935
869,0.020,0.325,571.9889002816419
870,0.020,0.330,570.5061994868156
871,0.020,0.335,569.0225715356887
872,0.020,0.340,567.5380497850698
873,0.020,0.345,566.0526678347546
874,0.020,0.350,564.5664595241838
875,0.020,0.355,563.0794589290047
876,0.020,0.360,561.5917003575387
877,0.020,0.365,560.1032183471549
878,0.020,0.370,558.6140476605465
879,0.020,0.375,557.1242232819164
880,0.020,0.380,555.633780413068
881,0.020,0.385,554.1427544694017
882,0.020,0.390,552.651181075821
883,0.020,0.395,551.1590960625459
884,0.020,0.400,549.6665354608341
885,0.020,0.405,548.1735354986137
886,0.020,0.410,546.6801325960245
887,0.020,0.415,545.1863633608717
888,0.020,0.420,543.692264583991
889,0.020,0.425,542.1978732345269
890,0.020,0.430,540.7032264551261
891,0.020,0.435,539.2083615570447
892,0.020,0.440,537.7133160151723
893,0.020,0.445,536.2181274629752
894,0.020,0.450,534.7228336873563
895,0.020,0.455,533.227472623437
896,0.020,0.460,531.7320823492603
897,0.020,0.465,530.236701080416
898,0.020,0.470,528.7413671645929
899,0.020,0.475,527.2461190760556
900,0.020,0.480,525.7509954100499
901,0.020,0.485,524.2560348771374
902,0.020,0.490,522.7612762974621
903,0.020,0.495,521.2667585949507
904,0.020,0.500,519.7725207914465
905,0.020,0.505,518.2786020007817
906,0.020,0.510,516.785041422789
907,0.020,0.515,515.2918783372538
908,0.020,0.520,513.7991520978087
909,0.020,0.525,512.3069021257755
910,0.020,0.530,510.8151679039534
911,0.020,0.535,509.323988970357
912,0.020,0.540,507.83340491190734
913,0.020,0.545,506.3434553580765
914,0.020,0.550,504.85417997448997
915,0.020,0.555,503.3656184564875
916,0.020,0.560,501.8778105226459
917,0.020,0.565,500.3907959082674
918,0.020,0.570,498.9046143588327
919,0.020,0.575,497.4193056234255
920,0.020,0.580,495.93490944812766
921,0.020,0.585,494.45146556939034
922,0.020,0.590,492.96901370738135
923,0.020,0.595,491.487593559314
924,0.020,0.600,490.0072447927573
925,0.020,0.605,488.5280070389336
926,0.020,0.610,487.0499198860029
927,0.020,0.615,485.5730228723401
928,0.020,0.620,484.09735547980546
929,0.020,0.625,482.6229571270118
930,0.020,0.630,481.1498671625927
931,0.020,0.635,479.6781248584726
932,0.020,0.640,478.2077694031424
933,0.020,0.645,476.73883989494414
934,0.020,0.650,475.27137533536717
935,0.020,0.655,473.8054146223579
936,0.020,0.660,472.3409965436478
937,0.020,0.665,470.8781597701009
938,0.020,0.670,469.41694284908493
939,0.020,0.675,467.95738419786755
940,0.020,0.680,466.49952209704276
941,0.020,0.685,465.04339468398786
942,0.020,0.690,463.58903994635585
943,0.020,0.695,462.1364957156048
944,0.020,0.700,460.685799660568
945,0.020,0.705,459.23698928106705
946,0.020,0.710,457.79010190157055
947,0.020,0.715,456.34517466490183
948,0.020,0.720,454.9022445259985
949,0.020,0.725,453.46134824572545
950,0.020,0.730,452.0225223847447
951,0.020,0.735,450.58580329744575
952,0.020,0.740,449.1512271259364
953,0.020,0.745,447.71882979409963
954,0.020,0.750,446.2886470017172
955,0.020,0.755,444.8607142186626
956,0.020,0.760,443.4350666791666
957,0.020,0.765,442.011739376157
958,0.020,0.770,440.5907670556757
959,0.020,0.775,439.1721842113745
960,0.020,0.780,437.75602507909235
961,0.020,0.785,436.3423236315169
962,0.020,0.790,434.93111357293054
963,0.020,0.795,433.5224283340459
964,0.020,0.800,432.11630106693
965,0.020,0.805,430.7127646400209
966,0.020,0.810,429.3118516332374
967,0.020,0.815,427.9135943331854
968,0.020,0.820,426.5180247284611
969,0.020,0.825,425.1251745050527
970,0.020,0.830,423.73507504184397
971,0.020,0.835,422.3477574062194
972,0.020,0.840,420.96325234977354
973,0.020,0.845,419.5815903041252
974,0.020,0.850,418.20280137683886
975,0.020,0.855,416.82691534745356
976,0.020,0.860,415.4539616636215
977,0.020,0.865,414.0839694373563
978,0.020,0.870,412.716967441393
979,0.020,0.875,411.35298410566133
980,0.020,0.880,409.9920475138706
981,0.020,0.885,408.63418540021047
982,0.020,0.890,407.27942514616603
983,0.020,0.895,405.92779377744836
984,0.020,0.900,404.5793179610427
985,0.020,0.905,403.23402400237205
986,0.020,0.910,401.8919378425789
987,0.020,0.915,400.5530850559256
988,0.020,0.920,399.21749084731147
989,0.020,0.925,397.8851800499098
990,0.020,0.930,396.5561771229226
991,0.020,0.935,395.2305061494545
992,0.020,0.940,393.9081908345061
993,0.020,0.945,392.5892545030851
994,0.020,0.950,391.27372009843697
995,0.020,0.955,389.9616101803942
996,0.020,0.960,388.6529469238438
997,0.020,0.965,387.3477521173126
998,0.020,0.970,386.0460471616715
999,0.020,0.975,384.7478530689551
1000,0.020,0.980,383.45319046130027
1001,0.020,0.985,382.1620795699991
1002,0.020,0.990,380.87454023466904
1003,0.020,0.995,379.5905919025371
1004,0.020,1.000,378.31025362783834
1005,0.025,0.000,663.8254190132791
1006,0.025,0.005,662.4566934954204
1007,0.025,0.010,661.0854701170273
1008,0.025,0.015,659.711763661344
1009,0.025,0.020,658.3355891949849
1010,0.025,0.025,656.9569620694083
1011,0.025,0.030,655.5758979223465
1012,0.025,0.035,654.1924126791995
1013,0.025,0.040,652.8065225543837
1014,0.025,0.045,651.4182440526397
1015,0.025,0.050,650.0275939702946
1016,0.025,0.055,648.6345893964788
1017,0.025,0.060,647.2392477142967
1018,0.025,0.065,645.8415866019495
1019,0.025,0.070,644.4416240338074
1020,0.025,0.075,643.039378281433
1021,0.025,0.080,641.634867914551
1022,0.025,0.085,640.2281118019674
1023,0.025,0.090,638.8191291124307
1024,0.025,0.095,637.4079393154417
1025,0.025,0.100,635.9945621820028
1026,0.025,0.105,634.5790177853114
1027,0.025,0.110,633.1613265013932
1028,0.025,0.115,631.7415090096738
1029,0.025,0.120,630.3195862934908
1030,0.025,0.125,628.8955796405398
1031,0.025,0.130,627.4695106432582
1032,0.025,0.135,626.0414011991425
1033,0.025,0.140,624.6112735109978
1034,0.025,0.145,623.1791500871215
1035,0.025,0.150,621.7450537414143
1036,0.025,0.155,620.3090075934241
1037,0.025,0.160,618.8710350683158
1038,0.025,0.165,617.4311598967687
1039,0.025,0.170,615.9894061148001
1040,0.025,0.175,614.5457980635134
1041,0.025,0.180,613.1003603887702
1042,0.025,0.185,611.6531180407843
1043,0.025,0.190,610.2040962736368
1044,0.025,0.195,608.7533206447127
1045,0.025,0.200,607.3008170140563
1046,0.025,0.205,605.8466115436429
1047,0.025,0.210,604.3907306965714
1048,0.025,0.215,602.933201236169
1049,0.025,0.220,601.4740502250148
1050,0.025,0.225,600.0133050238749
1051,0.025,0.230,598.5509932905516
1052,0.025,0.235,597.0871429786466
1053,0.025,0.240,595.6217823362341
1054,0.025,0.245,594.1549399044447
1055,0.025,0.250,592.6866445159603
1056,0.025,0.255,591.2169252934181
1057,0.025,0.260,589.7458116477225
1058,0.025,0.265,588.2733332762652
1059,0.025,0.270,586.7995201610534
1060,0.025,0.275,585.3244025667423
1061,0.025,0.280,583.8480110385763
1062,0.025,0.285,582.3703764002345
1063,0.025,0.290,580.8915297515808
1064,0.025,0.295,579.41150246632
1065,0.025,0.300,577.9303261895561
1066,0.025,0.305,576.4480328352568
1067,0.025,0.310,574.9646545836194
1068,0.025,0.315,573.4802238783425
1069,0.025,0.320,571.9947734237975
1070,0.025,0.325,570.5083361821065
1071,0.025,0.330,569.0209453701208
1072,0.025,0.335,567.5326344563028
1073,0.025,0.340,566.0434371575116
1074,0.025,0.345,564.55338743569
1075,0.025,0.350,563.0625194944552
1076,0.025,0.355,561.5708677755938
1077,0.025,0.360,560.0784669554579
1078,0.025,0.365,558.5853519412661
1079,0.025,0.370,557.0915578673098
1080,0.025,0.375,555.5971200910606
1081,0.025,0.380,554.1020741891867
1082,0.025,0.385,552.6064559534709
1083,0.025,0.390,551.1103013866373
1084,0.025,0.395,549.6136466980828
1085,0.025,0.400,548.1165282995172
1086,0.025,0.405,546.6189828005108
1087,0.025,0.410,545.1210470039507
1088,0.025,0.415,543.6227579014075
1089,0.025,0.420,542.124152668412
1090,0.025,0.425,540.6252686596445
1091,0.025,0.430,539.1261434040362
1092,0.025,0.435,537.626814599785
1093,0.025,0.440,536.1273201092865
1094,0.025,0.445,534.6276979539808
1095,0.025,0.450,533.1279863091185
1096,0.025,0.455,531.6282234984437
1097,0.025,0.460,530.1284479888004
1098,0.025,0.465,528.6286983846582
1099,0.025,0.470,527.1290134225633
1100,0.025,0.475,525.6294319655154
1101,0.025,0.480,524.1299929972702
1102,0.025,0.485,522.630735616571
1103,0.025,0.490,521.1316990313119
1104,0.025,0.495,519.6329225526329
1105,0.025,0.500,518.1344455889488
1106,0.025,0.505,516.6363076399158
1107,0.025,0.510,515.1385482903358
1108,0.025,0.515,513.6412072040013
1109,0.025,0.520,512.1443241174826
1110,0.025,0.525,510.64793883386193
1111,0.025,0.530,509.1520912164119
1112,0.025,0.535,507.65682118222605
1113,0.025,0.540,506.16216869579887
1114,0.025,0.545,504.66817376256284
1115,0.025,0.550,503.17487642237944
1116,0.025,0.555,501.6823167429918
1117,0.025,0.560,500.190534813437
1118,0.025,0.565,498.69957073742427
1119,0.025,0.570,497.2094646266792
1120,0.025,0.575,495.7202565942589
1121,0.025,0.580,494.23198674783714
1122,0.025,0.585,492.74469518296667
1123,0.025,0.590,491.25842197631874
1124,0.025,0.595,489.77320717890274
1125,0.025,0.600,488.2890908092692
1126,0.025,0.605,486.8061128467001
1127,0.025,0.610,485.3243132243869
1128,0.025,0.615,483.84373182260146
1129,0.025,0.620,482.3644084618614
1130,0.025,0.625,480.8863828960935
1131,0.025,0.630,479.40969480579787
1132,0.025,0.635,477.9343837912156
1133,0.025,0.640,476.4604893655033
1134,0.025,0.645,474.9880509479167
1135,0.025,0.650,473.51710785700794
1136,0.025,0.655,472.04769930383725
1137,0.025,0.660,470.5798643852039
1138,0.025,0.665,469.11364207689854
1139,0.025,0.670,467.64907122697934
1140,0.025,0.675,466.1861905490769
1141,0.025,0.680,464.7250386157283
1142,0.025,0.685,463.2656538517451
1143,0.025,0.690,461.8080745276176
1144,0.025,0.695,460.352338752958
1145,0.025,0.700,458.8984844699857
1146,0.025,0.705,457.4465494470579
1147,0.025,0.710,455.9965712722474
1148,0.025,0.715,454.5485873469714
1149,0.025,0.720,453.1026348796736
1150,0.025,0.725,451.65875087956226
1151,0.025,0.730,450.2169721504077
1152,0.025,0.735,448.77733528440024
1153,0.025,0.740,447.3398766560741
1154,0.025,0.745,445.90463241629624
1155,0.025,0.750,444.4716384863261
1156,0.025,0.755,443.0409305519464
1157,0.025,0.760,441.61254405766886
1158,0.025,0.765,440.1865142010165
1159,0.025,0.770,438.76287592688556
1160,0.025,0.775,437.34166392198824
1161,0.025,0.780,435.92291260938055
1162,0.025,0.785,434.50665614307485
1163,0.025,0.790,433.09292840274196
1164,0.025,0.795,431.6817629885022
1165,0.025,0.800,430.2731932158107
1166,0.025,0.805,428.86725211043546
1167,0.025,0.810,427.4639724035321
1168,0.025,0.815,426.0633865268182
1169,0.025,0.820,424.6655266078452
1170,0.025,0.825,423.2704244653743
1171,0.025,0.830,421.8781116048542
1172,0.025,0.835,420.4886192140048
1173,0.025,0.840,419.10197815850654
1174,0.025,0.845,417.71821897779824
1175,0.025,0.850,416.3373718809844
1176,0.025,0.855,414.9594667428521
1177,0.025,0.860,413.584533100001
1178,0.025,0.865,412.2126001470854
1179,0.025,0.870,410.8436967331709
1180,0.025,0.875,409.4778513582058
1181,0.025,0.880,408.11509216960843
1182,0.025,0.885,406.7554469589722
1183,0.025,0.890,405.3989431588867
1184,0.025,0.895,404.04560783987876
1185,0.025,0.900,402.6954677074711
1186,0.025,0.905,401.3485490993616
1187,0.025,0.910,400.0048779827219
1188,0.025,0.915,398.664479951616
1189,0.025,0.920,397.32738022454106
1190,0.025,0.925,395.9936036420871
1191,0.025,0.930,394.66317466471946
1192,0.025,0.935,393.33611737068134
1193,0.025,0.940,392.0124554540188
1194,0.025,0.945,390.6922122227251
1195,0.025,0.950,389.3754105970082
1196,0.025,0.955,388.0620731076775
1197,0.025,0.960,386.7522218946519
1198,0.025,0.965,385.44587870558775
1199,0.025,0.970,384.14306489462734
1200,0.025,0.975,382.8438014212663
1201,0.025,0.980,381.5481088493392
1202,0.025,0.985,380.2560073461248
1203,0.025,0.990,378.96751668156793
1204,0.025,0.995,377.6826562276183
1205,0.025,1.000,376.4014449576854
1206,0.030,0.000,662.6443106398324
1207,0.030,0.005,661.2710384688841
1208,0.030,0.010,659.8952583398691
1209,0.030,0.015,658.5169851945008
1210,0.030,0.020,657.1362342611139
1211,0.030,0.025,655.7530210561554
1212,0.030,0.030,654.3673613856356
1213,0.030,0.035,652.9792713465386
1214,0.030,0.040,651.5887673281895
1215,0.030,0.045,650.1958660135784
1216,0.030,0.050,648.8005843806388
1217,0.030,0.055,647.4029397034801
1218,0.030,0.060,646.0029495535723
1219,0.030,0.065,644.6006318008824
1220,0.030,0.070,643.1960046149597
1221,0.030,0.075,641.7890864659709
1222,0.030,0.080,640.3798961256808
1223,0.030,0.085,638.9684526683815
1224,0.030,0.090,637.5547754717634
1225,0.030,0.095,636.1388842177315
1226,0.030,0.100,634.7207988931641
1227,0.030,0.105,633.30053979061
1228,0.030,0.110,631.8781275089283
1229,0.030,0.115,630.4535829538642
1230,0.030,0.120,629.026927338562
1231,0.030,0.125,627.5981821840156
1232,0.030,0.130,626.1673693194509
1233,0.030,0.135,624.7345108826424
1234,0.030,0.140,623.2996293201628
1235,0.030,0.145,621.8627473875612
1236,0.030,0.150,620.423888149472
1237,0.030,0.155,618.9830749796517
1238,0.030,0.160,617.5403315609421
1239,0.030,0.165,616.0956818851607
1240,0.030,0.170,614.6491502529129
1241,0.030,0.175,613.200761273331
1242,0.030,0.180,611.7505398637323
1243,0.030,0.185,610.2985112492006
1244,0.030,0.190,608.8447009620861
1245,0.030,0.195,607.3891348414246
1246,0.030,0.200,605.9318390322751
1247,0.030,0.205,604.4728399849727
1248,0.030,0.210,603.0121644542988
1249,0.030,0.215,601.5498394985648
1250,0.030,0.220,600.0858924786094
1251,0.030,0.225,598.6203510567096
1252,0.030,0.230,597.1532431954025
1253,0.030,0.235,595.6845971562186
1254,0.030,0.240,594.2144414983247
1255,0.030,0.245,592.7428050770759
1256,0.030,0.250,591.2697170424767
1257,0.030,0.255,589.7952068375489
1258,0.030,0.260,588.3193041966067
1259,0.030,0.265,586.8420391434383
1260,0.030,0.270,585.3634419893923
1261,0.030,0.275,583.8835433313697
1262,0.030,0.280,582.4023740497196
1263,0.030,0.285,580.9199653060397
1264,0.030,0.290,579.4363485408791
1265,0.030,0.295,577.9515554713446
1266,0.030,0.300,576.4656180886091
1267,0.030,0.305,574.9785686553223
1268,0.030,0.310,573.4904397029238
1269,0.030,0.315,572.0012640288567
1270,0.030,0.320,570.5110746936832
1271,0.030,0.325,569.0199050181019
1272,0.030,0.330,567.5277885798652
1273,0.030,0.335,566.0347592105984
1274,0.030,0.340,564.5408509925201
1275,0.030,0.345,563.0460982550634
1276,0.030,0.350,561.5505355713982
1277,0.030,0.355,560.054197754856
1278,0.030,0.360,558.5571198552548
1279,0.030,0.365,557.0593371551274
1280,0.030,0.370,555.560885165852
1281,0.030,0.375,554.0617996236842
1282,0.030,0.380,552.5621164856937
1283,0.030,0.385,551.0618719256044
1284,0.030,0.390,549.5611023295385
1285,0.030,0.395,548.0598442916662
1286,0.030,0.400,546.5581346097613
1287,0.030,0.405,545.056010280662
1288,0.030,0.410,543.5535084956408
1289,0.030,0.415,542.0506666356824
1290,0.030,0.420,540.5475222666701
1291,0.030,0.425,539.0441131344829
1292,0.030,0.430,537.5404771600051
1293,0.030,0.435,536.0366524340468
1294,0.030,0.440,534.53267721218
1295,0.030,0.445,533.0285899094883
1296,0.030,0.450,531.5244290952354
1297,0.030,0.455,530.0202334874477
1298,0.030,0.460,528.5160419474219
1299,0.030,0.465,527.011893474148
1300,0.030,0.470,525.5078271986598
1301,0.030,0.475,524.0038823783055
1302,0.030,0.480,522.5000983909482
1303,0.030,0.485,520.9965147290915
1304,0.030,0.490,519.4931709939364
1305,0.030,0.495,517.9901068893694
1306,0.030,0.500,516.4873622158844
1307,0.030,0.505,514.9849768644403
1308,0.030,0.510,513.4829908102566
1309,0.030,0.515,511.9814441065485
1310,0.030,0.520,510.4803768782049
1311,0.030,0.525,508.9798293154103
1312,0.030,0.530,507.47984166721426
1313,0.030,0.535,505.980454235049
1314,0.030,0.540,504.48170736619926
1315,0.030,0.545,502.9836414472262
1316,0.030,0.550,501.48629689734776
1317,0.030,0.555,499.98971416177795
1318,0.030,0.560,498.4939337050284
1319,0.030,0.565,496.99899600417336
1320,0.030,0.570,495.5049415420834
1321,0.030,0.575,494.01181080062656
1322,0.030,0.580,492.51964425384426
1323,0.030,0.585,491.0284823611014
1324,0.030,0.590,489.5383655602147
1325,0.030,0.595,488.0493342605621
1326,0.030,0.600,486.5614288361768
1327,0.030,0.605,485.07468961882654
1328,0.030,0.610,483.58915689108426
1329,0.030,0.615,482.10487087939015
1330,0.030,0.620,480.6218717471104
1331,0.030,0.625,479.14019958759417
1332,0.030,0.630,477.6598944172314
1333,0.030,0.635,476.18099616851714
1334,0.030,0.640,474.7035446831217
1335,0.030,0.645,473.2275797049727
1336,0.030,0.650,471.75314087335045
1337,0.030,0.655,470.2802677160002
1338,0.030,0.660,468.80899964226404
1339,0.030,0.665,467.3393759362362
1340,0.030,0.670,465.87143574994366
1341,0.030,0.675,464.40521809655627
1342,0.030,0.680,462.94076184362814
1343,0.030,0.685,461.4781057063746
1344,0.030,0.690,460.01728824098694
1345,0.030,0.695,458.5583478379878
1346,0.030,0.700,457.10132271563066
1347,0.030,0.705,455.64625091334614
1348,0.030,0.710,454.19317028523744
1349,0.030,0.715,452.7421184936297
1350,0.030,0.720,451.2931330026729
1351,0.030,0.725,449.8462510720046
1352,0.030,0.730,448.4015097504723
1353,0.030,0.735,446.95894586992114
1354,0.030,0.740,445.51859603904626
1355,0.030,0.745,444.0804966373154
1356,0.030,0.750,442.64468380896307
1357,0.030,0.755,441.2111934570587
1358,0.030,0.760,439.7800612376515
1359,0.030,0.765,438.3513225539953
1360,0.030,0.770,436.9250125508541
1361,0.030,0.775,435.5011661088922
1362,0.030,0.780,434.07981783915125
1363,0.030,0.785,432.66100207761474
1364,0.030,0.790,431.244752879864
1365,0.030,0.795,429.8311040158273
1366,0.030,0.800,428.4200889646236
1367,0.030,0.805,427.01174090950377
1368,0.030,0.810,425.6060927328898
1369,0.030,0.815,424.2031770115165
1370,0.030,0.820,422.8030260116742
1371,0.030,0.825,421.40567168455703
1372,0.030,0.830,420.01114566171657
1373,0.030,0.835,418.6194792506234
1374,0.030,0.840,417.23070343033805
1375,0.030,0.845,415.84484884729227
1376,0.030,0.850,414.46194581118266
1377,0.030,0.855,413.0820242909767
1378,0.030,0.860,411.7051139110349
1379,0.030,0.865,410.3312439473472
1380,0.030,0.870,408.9604433238868
1381,0.030,0.875,407.5927406090816
1382,0.030,0.880,406.2281640124043
1383,0.030,0.885,404.866741381082
1384,0.030,0.890,403.5085001969265
1385,0.030,0.895,402.1534675732843
1386,0.030,0.900,400.8016702521098
1387,0.030,0.905,399.4531346011594
1388,0.030,0.910,398.1078866113087
1389,0.030,0.915,396.7659518939923
1390,0.030,0.920,395.4273556787665
1391,0.030,0.925,394.09212281099684
1392,0.030,0.930,392.7602777496672
1393,0.030,0.935,391.43184456531384
1394,0.030,0.940,390.10684693808275
1395,0.030,0.945,388.78530815591023
1396,0.030,0.950,387.4672511128274
1397,0.030,0.955,386.15269830738686
1398,0.030,0.960,384.8416718412137
1399,0.030,0.965,383.53419341767716
1400,0.030,0.970,382.2302843406856
1401,0.030,0.975,380.9299655136025
1402,0.030,0.980,379.63325743828347
1403,0.030,0.985,378.34018021423316
1404,0.030,0.990,377.05075353788214
1405,0.030,0.995,375.76499670198245
1406,0.030,1.000,374.482928595121
1407,0.035,0.000,661.457634838986
1408,0.035,0.005,660.0797814415998
1409,0.035,0.010,658.6994098666493
1410,0.035,0.015,657.3165352161736
1411,0.035,0.020,655.9311728821356
1412,0.035,0.025,654.5433385479342
1413,0.035,0.030,653.153048189874
1414,0.035,0.035,651.7603180785942
1415,0.035,0.040,650.3651647804547
1416,0.035,0.045,648.9676051588763
1417,0.035,0.050,647.5676563756361
1418,0.035,0.055,646.1653358921159
1419,0.035,0.060,644.7606614705015
1420,0.035,0.065,643.3536511749329
1421,0.035,0.070,641.9443233726032
1422,0.035,0.075,640.5326967348057
1423,0.035,0.080,639.118790237926
1424,0.035,0.085,637.7026231643812
1425,0.035,0.090,636.2842151035011
1426,0.035,0.095,634.8635859523527
1427,0.035,0.100,633.4407559165053
1428,0.035,0.105,632.0157455107355
1429,0.035,0.110,630.5885755596718
1430,0.035,0.115,629.1592671983732
1431,0.035,0.120,627.7278418728478
1432,0.035,0.125,626.2943213405032
1433,0.035,0.130,624.8587276705298
1434,0.035,0.135,623.4210832442182
1435,0.035,0.140,621.9814107552054
1436,0.035,0.145,620.5397332096511
1437,0.035,0.150,619.0960739263423
1438,0.035,0.155,617.6504565367236
1439,0.035,0.160,616.2029049848549
1440,0.035,0.165,614.753443527292
1441,0.035,0.170,613.3020967328908
1442,0.035,0.175,611.848889482534
1443,0.035,0.180,610.3938469687772
1444,0.035,0.185,608.9369946954166
1445,0.035,0.190,607.4783584769735
1446,0.035,0.195,606.0179644380966
1447,0.035,0.200,604.5558390128807
1448,0.035,0.205,603.0920089441012
1449,0.035,0.210,601.6265012823611
1450,0.035,0.215,600.1593433851524
1451,0.035,0.220,598.6905629158294
1452,0.035,0.225,597.2201878424926
1453,0.035,0.230,595.7482464367831
1454,0.035,0.235,594.274767272586
1455,0.035,0.240,592.7997792246429
1456,0.035,0.245,591.3233114670705
1457,0.035,0.250,589.8453934717872
1458,0.035,0.255,588.3660550068453
1459,0.035,0.260,586.8853261346677
1460,0.035,0.265,585.4032372101898
1461,0.035,0.270,583.9198188789052
1462,0.035,0.275,582.4351020748137
1463,0.035,0.280,580.9491180182733
1464,0.035,0.285,579.4618982137528
1465,0.035,0.290,577.9734744474869
1466,0.035,0.295,576.4838787850325
1467,0.035,0.300,574.9931435687247
1468,0.035,0.305,573.5013014150345
1469,0.035,0.310,572.0083852118252
1470,0.035,0.315,570.5144281155101
1471,0.035,0.320,569.0194635481085
1472,0.035,0.325,567.5235251942022
1473,0.035,0.330,566.0266469977895
1474,0.035,0.335,564.5288631590421
1475,0.035,0.340,563.030208130957
1476,0.035,0.345,561.5307166159113
1477,0.035,0.350,560.0304235621145
1478,0.035,0.355,558.529364159962
1479,0.035,0.360,557.027573838287
1480,0.035,0.365,555.5250882605139
1481,0.035,0.370,554.0219433207125
1482,0.035,0.375,552.5181751395518
1483,0.035,0.380,551.0138200601574
1484,0.035,0.385,549.5089146438696
1485,0.035,0.390,548.0034956659051
1486,0.035,0.395,546.4976001109216
1487,0.035,0.400,544.9912651684863
1488,0.035,0.405,543.4845282284516
1489,0.035,0.410,541.9774268762336
1490,0.035,0.415,540.4699988879994
1491,0.035,0.420,538.9622822257621
1492,0.035,0.425,537.4543150323841
1493,0.035,0.430,535.9461356264916
1494,0.035,0.435,534.4377824972986
1495,0.035,0.440,532.9292942993455
1496,0.035,0.445,531.4207098471504
1497,0.035,0.450,529.9120681097758
1498,0.035,0.455,528.4034082053123
1499,0.035,0.460,526.8947693952814
1500,0.035,0.465,525.3861910789564
1501,0.035,0.470,523.8777127876069
1502,0.035,0.475,522.3693741786652
1503,0.035,0.480,520.861215029819
1504,0.035,0.485,519.35327523303
1505,0.035,0.490,517.8455947884819
1506,0.035,0.495,516.3382137984596
1507,0.035,0.500,514.831172461161
1508,0.035,0.505,513.324511064444
1509,0.035,0.510,511.8182699795104
1510,0.035,0.515,510.31248965452903
1511,0.035,0.520,508.80721060820224
1512,0.035,0.525,507.3024734232735
1513,0.035,0.530,505.7983187399844
1514,0.035,0.535,504.2947872494779
1515,0.035,0.540,502.7919196871555
1516,0.035,0.545,501.2897568259851
1517,0.035,0.550,499.7883394697682
1518,0.035,0.555,498.2877084463649
1519,0.035,0.560,496.78790460088027
1520,0.035,0.565,495.28896878881534
1521,0.035,0.570,493.7909418691862
1522,0.035,0.575,492.2938646976116
1523,0.035,0.580,490.7977781193745
1524,0.035,0.585,489.30272296245874
1525,0.035,0.590,487.80874003056397
1526,0.035,0.595,486.31587009610314
1527,0.035,0.600,484.8241538931831
1528,0.035,0.605,483.33363211057355
1529,0.035,0.610,481.84434538466576
1530,0.035,0.615,480.3563342924253
1531,0.035,0.620,478.86963934434056
1532,0.035,0.625,477.3843009773717
1533,0.035,0.630,475.9003595479011
1534,0.035,0.635,474.4178553246904
1535,0.035,0.640,472.93682848184585
1536,0.035,0.645,471.4573190917958
1537,0.035,0.650,469.97936711828294
1538,0.035,0.655,468.50301240937443
1539,0.035,0.660,467.02829469049414
1540,0.035,0.665,465.5552535574781
1541,0.035,0.670,464.083928469658
1542,0.035,0.675,462.6143587429749
1543,0.035,0.680,461.1465835431266
1544,0.035,0.685,459.6806418787516
1545,0.035,0.690,458.2165725946529
1546,0.035,0.695,456.7544143650641
1547,0.035,0.700,455.2942056869618
1548,0.035,0.705,453.8359848734258
1549,0.035,0.710,452.37979004705215
1550,0.035,0.715,450.9256591334195
1551,0.035,0.720,449.47362985461416
1552,0.035,0.725,448.0237397228141
1553,0.035,0.730,446.5760260339378
1554,0.035,0.735,445.1305258613574
1555,0.035,0.740,443.6872760496813
1556,0.035,0.745,442.2463132086089
1557,0.035,0.750,440.80767370685777
1558,0.035,0.755,439.3713936661687
1559,0.035,0.760,437.9375089553898
1560,0.035,0.765,436.5060551846419
1561,0.035,0.770,435.0770676995689
1562,0.035,0.775,433.6505815756736
1563,0.035,0.780,432.2266316127438
1564,0.035,0.785,430.80525232936856
1565,0.035,0.790,429.38647795754827
1566,0.035,0.795,427.9703424374008
1567,0.035,0.800,426.5568794119647
1568,0.035,0.805,425.1461222221022
1569,0.035,0.810,423.7381039015041
1570,0.035,0.815,422.3328571717987
1571,0.035,0.820,420.9304144377649
1572,0.035,0.825,419.5308077826539
1573,0.035,0.830,418.13406896361835
1574,0.035,0.835,416.7402294072535
1575,0.035,0.840,415.3493202052485
1576,0.035,0.845,413.9613721101528
1577,0.035,0.850,412.57641553125626
1578,0.035,0.855,411.19448053058557
1579,0.035,0.860,409.81559681901877
1580,0.035,0.865,408.4397937525165
1581,0.035,0.870,407.06710032847496
1582,0.035,0.875,405.69754518219736
1583,0.035,0.880,404.33115658348834
1584,0.035,0.885,402.96796243336934
1585,0.035,0.890,401.60799026091803
1586,0.035,0.895,400.2512672202307
1587,0.035,0.900,398.89782008750905
1588,0.035,0.905,397.5476752582715
1589,0.035,0.910,396.2008587446905
1590,0.035,0.915,394.8573961730538
1591,0.035,0.920,393.5173127813533
1592,0.035,0.925,392.1806334169981
1593,0.035,0.930,390.84738253465486
1594,0.035,0.935,389.51758419421367
1595,0.035,0.940,388.19126205887983
1596,0.035,0.945,386.8684393933924
1597,0.035,0.950,385.54913906236686
1598,0.035,0.955,384.2333835287652
1599,0.035,0.960,382.92119485248907
1600,0.035,0.965,381.6125946890995
1601,0.035,0.970,380.3076042886592
1602,0.035,0.975,379.00624449469956
1603,0.035,0.980,377.70853574331
1604,0.035,0.985,376.4144980623501
1605,0.035,0.990,375.1241510707828
1606,0.035,0.995,373.8375139781288
1607,0.035,1.000,372.55460558403985
1608,0.040,0.000,660.265342525594
1609,0.040,0.005,658.8828728680525
1610,0.040,0.010,657.49787468871
1611,0.040,0.015,656.11036325181
1612,0.040,0.020,654.720354114877
1613,0.040,0.025,653.3278631302486
1614,0.040,0.030,651.9329064465662
1615,0.040,0.035,650.5355005102232
1616,0.040,0.040,649.1356620667678
1617,0.040,0.045,647.7334081622631
1618,0.040,0.050,646.3287561445985
1619,0.040,0.055,644.9217236647534
1620,0.040,0.060,643.5123286780132
1621,0.040,0.065,642.1005894451333
1622,0.040,0.070,640.6865245334512
1623,0.040,0.075,639.2701528179466
1624,0.040,0.080,637.8514934822457
1625,0.040,0.085,636.4305660195697
1626,0.040,0.090,635.0073902336277
1627,0.040,0.095,633.5819862394477
1628,0.040,0.100,632.1543744641513
1629,0.040,0.105,630.7245756476642
1630,0.040,0.110,629.2926108433667
1631,0.040,0.115,627.8585014186767
1632,0.040,0.120,626.4222690555715
1633,0.040,0.125,624.9839357510394
1634,0.040,0.130,623.5435238174659
1635,0.040,0.135,622.1010558829482
1636,0.040,0.140,620.6565548915419
1637,0.040,0.145,619.2100441034331
1638,0.040,0.150,617.7615470950387
1639,0.040,0.155,616.3110877590327
1640,0.040,0.160,614.8586903042949
1641,0.040,0.165,613.4043792557843
1642,0.040,0.170,611.9481794543341
1643,0.040,0.175,610.4901160563653
1644,0.040,0.180,609.0302145335232
1645,0.040,0.185,607.5685006722279
1646,0.040,0.190,606.1050005731449
1647,0.040,0.195,604.6397406505708
1648,0.040,0.200,603.1727476317322
1649,0.040,0.205,601.7040485560001
1650,0.040,0.210,600.2336707740153
1651,0.040,0.215,598.7616419467273
1652,0.040,0.220,597.287990044341
1653,0.040,0.225,595.8127433451748
1654,0.040,0.230,594.3359304344269
1655,0.040,0.235,592.8575802028483
1656,0.040,0.240,591.377721845323
1657,0.040,0.245,589.8963848593544
1658,0.040,0.250,588.413599043456
1659,0.040,0.255,586.9293944954468
1660,0.040,0.260,585.4438016106495
1661,0.040,0.265,583.9568510799919
1662,0.040,0.270,582.4685738880104
1663,0.040,0.275,580.979001310754
1664,0.040,0.280,579.4881649135908
1665,0.040,0.285,577.9960965489128
1666,0.040,0.290,576.5028283537416
1667,0.040,0.295,575.0083927472339
1668,0.040,0.300,573.5128224280837
1669,0.040,0.305,572.0161503718265
1670,0.040,0.310,570.5184098280378
1671,0.040,0.315,569.0196343174329
1672,0.040,0.320,567.5198576288624
1673,0.040,0.325,566.0191138162071
1674,0.040,0.330,564.517437195168
1675,0.040,0.335,563.0148623399567
1676,0.040,0.340,561.5114240798807
1677,0.040,0.345,560.0071574958284
1678,0.040,0.350,558.5020979166508
1679,0.040,0.355,556.9962809154413
1680,0.040,0.360,555.4897423057139
1681,0.040,0.365,553.9825181374796
1682,0.040,0.370,552.4746446932226
1683,0.040,0.375,550.9661584837747
1684,0.040,0.380,549.4570962440907
1685,0.040,0.385,547.9474949289237
1686,0.040,0.390,546.4373917084012
1687,0.040,0.395,544.9268239635039
1688,0.040,0.400,543.415829281447
1689,0.040,0.405,541.9044454509639
1690,0.040,0.410,540.3927104574952
1691,0.040,0.415,538.8806624782834
1692,0.040,0.420,537.3683398773729
1693,0.040,0.425,535.855781200518
1694,0.040,0.430,534.3430251699999
1695,0.040,0.435,532.8301106793531
1696,0.040,0.440,531.3170767880033
1697,0.040,0.445,529.8039627158179
1698,0.040,0.450,528.2908078375707
1699,0.040,0.455,526.7776516773214
1700,0.040,0.460,525.2645339027135
1701,0.040,0.465,523.7514943191906
1702,0.040,0.470,522.2385728641318
1703,0.040,0.475,520.7258096009122
1704,0.040,0.480,519.2132447128844
1705,0.040,0.485,517.7009184972892
1706,0.040,0.490,516.1888713590919
1707,0.040,0.495,514.6771438047489
1708,0.040,0.500,513.165776435909
1709,0.040,0.505,511.65480994304534
1710,0.040,0.510,510.14428509902655
1711,0.040,0.515,508.6342427526258
1712,0.040,0.520,507.1247238219711
1713,0.040,0.525,505.6157692879385
1714,0.040,0.530,504.10742018749295
1715,0.040,0.535,502.59971760697545
1716,0.040,0.540,501.0927026753432
1717,0.040,0.545,499.58641655736227
1718,0.040,0.550,498.0809004467561
1719,0.040,0.555,496.57619555931495
1720,0.040,0.560,495.07234312596455
1721,0.040,0.565,493.56938438580096
1722,0.040,0.570,492.0673605790923
1723,0.040,0.575,490.5663129402502
1724,0.040,0.580,489.0662826907747
1725,0.040,0.585,487.5673110321752
1726,0.040,0.590,486.0694391388702
1727,0.040,0.595,484.57270815106904
1728,0.040,0.600,483.0771591676384
1729,0.040,0.605,481.58283323895694
1730,0.040,0.610,480.08977135976176
1731,0.040,0.615,478.5980144619876
1732,0.040,0.620,477.1076034076045
1733,0.040,0.625,475.6185789814555
1734,0.040,0.630,474.130981884098
1735,0.040,0.635,472.64485272465146
1736,0.040,0.640,471.16023201365607
1737,0.040,0.645,469.67716015594266
1738,0.040,0.650,468.19567744352105
1739,0.040,0.655,466.7158240484861
1740,0.040,0.660,465.23764001594697
1741,0.040,0.665,463.7611652569822
1742,0.040,0.670,462.28643954162396
1743,0.040,0.675,460.8135024918737
1744,0.040,0.680,459.34239357475343
1745,0.040,0.685,457.8731520953954
1746,0.040,0.690,456.4058171901734
1747,0.040,0.695,454.9404278198779
1748,0.040,0.700,453.4770227629396
1749,0.040,0.705,452.0156406087032
1750,0.040,0.710,450.5563197507549
1751,0.040,0.715,449.0990983803066
1752,0.040,0.720,447.6440144796401
1753,0.040,0.725,446.1911058156128
1754,0.040,0.730,444.74040993322984
1755,0.040,0.735,443.29196414928407
1756,0.040,0.740,441.8458055460669
1757,0.040,0.745,440.40197096515334
1758,0.040,0.750,438.9604970012628
1759,0.040,0.755,437.52141999620017
1760,0.040,0.760,436.0847760328774
1761,0.040,0.765,434.6506009294204
1762,0.040,0.770,433.2189302333619
1763,0.040,0.775,431.7897992159241
1764,0.040,0.780,430.36324286639274
1765,0.040,0.785,428.93929588658494
1766,0.040,0.790,427.51799268541333
1767,0.040,0.795,426.0993673735485
1768,0.040,0.800,424.68345375818194
1769,0.040,0.805,423.27028533789115
1770,0.040,0.810,421.85989529761
1771,0.040,0.815,420.45231650370476
1772,0.040,0.820,419.0475814991583
1773,0.040,0.825,417.64572249886504
1774,0.040,0.830,416.2467713850369
1775,0.040,0.835,414.85075970272266
1776,0.040,0.840,413.4577186554422
1777,0.040,0.845,412.0676791009374
1778,0.040,0.850,410.6806715470398
1779,0.040,0.855,409.296726147658
1780,0.040,0.860,407.91587269888475
1781,0.040,0.865,406.53814063522583
1782,0.040,0.870,405.1635590259506
1783,0.040,0.875,403.79215657156635
1784,0.040,0.880,402.42396160041693
1785,0.040,0.885,401.05900206540576
1786,0.040,0.890,399.6973055408455
1787,0.040,0.895,398.33889921943324
1788,0.040,0.900,396.9838099093534
1789,0.040,0.905,395.6320640315073
1790,0.040,0.910,394.2836876168711
1791,0.040,0.915,392.9387063039817
1792,0.040,0.920,391.59714533655097
1793,0.040,0.925,390.2590295612085
1794,0.040,0.930,388.9243834253731
1795,0.040,0.935,387.59323097525277
1796,0.040,0.940,386.2655958539731
1797,0.040,0.945,384.94150129983393
1798,0.040,0.950,383.62097014469487
1799,0.040,0.955,382.30402481248717
1800,0.040,0.960,380.9906873178548
1801,0.040,0.965,379.6809792649205
1802,0.040,0.970,378.37492184618003
1803,0.040,0.975,377.0725358415209
1804,0.040,0.980,375.77384161736717
1805,0.040,0.985,374.4788591259476
1806,0.040,0.990,373.1876079046883
1807,0.040,0.995,371.90010707572753
1808,0.040,1.000,370.6163753455523
1809,0.045,0.000,659.0673839938756
1810,0.045,0.005,657.6802625733841
1811,0.045,0.010,656.2906021592603
1812,0.045,0.015,654.8984181798531
1813,0.045,0.020,653.5037263602052
1814,0.045,0.025,652.1065427236059
1815,0.045,0.030,650.7068835931025
1816,0.045,0.035,649.3047655929677
1817,0.045,0.040,647.9002056501223
1818,0.045,0.045,646.4932209955126
1819,0.045,0.050,645.0838291654395
1820,0.045,0.055,643.6720480028391
1821,0.045,0.060,642.257895658514
1822,0.045,0.065,640.8413905923121
1823,0.045,0.070,639.4225515742534
1824,0.045,0.075,638.0013976856018
1825,0.045,0.080,636.5779483198826
1826,0.045,0.085,635.1522231838422
1827,0.045,0.090,633.7242422983495
1828,0.045,0.095,632.294025999238
1829,0.045,0.100,630.8615949380868
1830,0.045,0.105,629.4269700829394
1831,0.045,0.110,627.9901727189581
1832,0.045,0.115,626.5512244490138
1833,0.045,0.120,625.1101471942095
1834,0.045,0.125,623.6669631943349
1835,0.045,0.130,622.2216950082533
1836,0.045,0.135,620.7743655142164
1837,0.045,0.140,619.3249979101084
1838,0.045,0.145,617.8736157136168
1839,0.045,0.150,616.420242762327
1840,0.045,0.155,614.9649032137434
1841,0.045,0.160,613.5076215452318
1842,0.045,0.165,612.0484225538846
1843,0.045,0.170,610.587331356304
1844,0.045,0.175,609.1243733883076
1845,0.045,0.180,607.659574404549
1846,0.045,0.185,606.1929604780561
1847,0.045,0.190,604.7245579996852
1848,0.045,0.195,603.2543936774891
1849,0.045,0.200,601.7824945359977
1850,0.045,0.205,600.3088879154109
1851,0.045,0.210,598.833601470704
1852,0.045,0.215,597.3566631706394
1853,0.045,0.220,595.8781012966909
1854,0.045,0.225,594.3979444418737
1855,0.045,0.230,592.9162215094808
1856,0.045,0.235,591.4329617117264
1857,0.045,0.240,589.9481945682949
1858,0.045,0.245,588.4619499047903
1859,0.045,0.250,586.9742578510946
1860,0.045,0.255,585.4851488396226
1861,0.045,0.260,583.9946536034826
1862,0.045,0.265,582.5028031745355
1863,0.045,0.270,581.0096288813562
1864,0.045,0.275,579.5151623470924
1865,0.045,0.280,578.019435487224
1866,0.045,0.285,576.5224805072199
1867,0.045,0.290,575.0243299000934
1868,0.045,0.295,573.5250164438548
1869,0.045,0.300,572.0245731988606
1870,0.045,0.305,570.5230335050602
1871,0.045,0.310,569.0204309791387
1872,0.045,0.315,567.516799511555
1873,0.045,0.320,566.0121732634769
1874,0.045,0.325,564.5065866636122
1875,0.045,0.330,563.0000744049337
1876,0.045,0.335,561.492671441302
1877,0.045,0.340,559.9844129839826
1878,0.045,0.345,558.4753344980595
1879,0.045,0.350,556.9654716987443
1880,0.045,0.355,555.454860547582
1881,0.045,0.360,553.9435372485524
1882,0.045,0.365,552.431538244069
1883,0.045,0.370,550.9189002108748
1884,0.045,0.375,549.4056600558359
1885,0.045,0.380,547.8918549116328
1886,0.045,0.385,546.3775221323509
1887,0.045,0.390,544.8626992889707
1888,0.045,0.395,543.3474241647571
1889,0.045,0.400,541.8317347505508
1890,0.045,0.405,540.3156692399615
1891,0.045,0.410,538.7992660244626
1892,0.045,0.415,537.2825636883906
1893,0.045,0.420,535.7656010038507
1894,0.045,0.425,534.2484169255252
1895,0.045,0.430,532.7310505853924
1896,0.045,0.435,531.2135412873514
1897,0.045,0.440,529.6959285017588
1898,0.045,0.445,528.178251859875
1899,0.045,0.450,526.6605511482252
1900,0.045,0.455,525.1428663028722
1901,0.045,0.460,523.6252374036077
1902,0.045,0.465,522.1077046680593
1903,0.045,0.470,520.5903084457182
1904,0.045,0.475,519.0730892118873
1905,0.045,0.480,517.5560875615536
1906,0.045,0.485,516.0393442031836
1907,0.045,0.490,514.5228999524486
1908,0.045,0.495,513.0067957258768
1909,0.045,0.500,511.49107253443816
1910,0.045,0.505,509.97577147706255
1911,0.045,0.510,508.4609337340935
1912,0.045,0.515,506.9466005606808
1913,0.045,0.520,505.4328132801124
1914,0.045,0.525,503.91961327709134
1915,0.045,0.530,502.4070419909566
1916,0.045,0.535,500.8951409088523
1917,0.045,0.540,499.38395155884893
1918,0.045,0.545,497.8735155030158
1919,0.045,0.550,496.3638743304525
1920,0.045,0.555,494.8550696502759
1921,0.045,0.560,493.3471430845713
1922,0.045,0.565,491.84013626130803
1923,0.045,0.570,490.3340908072205
1924,0.045,0.575,488.82904834066187
1925,0.045,0.580,487.32505046442975
1926,0.045,0.585,485.8221387585688
1927,0.045,0.590,484.32035477315236
1928,0.045,0.595,482.81974002104664
1929,0.045,0.600,481.32033597066095
1930,0.045,0.605,479.82218403868535
1931,0.045,0.610,478.32532558282173
1932,0.045,0.615,476.8298018945085
1933,0.045,0.620,475.3356541916443
1934,0.045,0.625,473.84292361131264
1935,0.045,0.630,472.35165120251145
1936,0.045,0.635,470.86187791889
1937,0.045,0.640,469.3736446114975
1938,0.045,0.645,467.8869920215456
1939,0.045,0.650,466.4019607731882
1940,0.045,0.655,464.91859136632274
1941,0.045,0.660,463.436924169415
1942,0.045,0.665,461.9569994123512
1943,0.045,0.670,460.47885717932104
1944,0.045,0.675,459.00253740173383
1945,0.045,0.680,457.5280798511722
1946,0.045,0.685,456.0555241323854
1947,0.045,0.690,454.5849096763263
1948,0.045,0.695,453.11627573323454
1949,0.045,0.700,451.6496613657696
1950,0.045,0.705,450.18510544219635
1951,0.045,0.710,448.7226466296261
1952,0.045,0.715,447.26232338731734
1953,0.045,0.720,445.804173960037
1954,0.045,0.725,444.3482363714877
1955,0.045,0.730,442.89454841780196
1956,0.045,0.735,441.4431476611073
1957,0.045,0.740,439.99407142316466
1958,0.045,0.745,438.5473567790833
1959,0.045,0.750,437.1030405511142
1960,0.045,0.755,435.66115930252573
1961,0.045,0.760,434.22174933156316
1962,0.045,0.765,432.7848466654953
1963,0.045,0.770,431.35048705475083
1964,0.045,0.775,429.9187059671457
1965,0.045,0.780,428.489538582206
1966,0.045,0.785,427.06301978558645
1967,0.045,0.790,425.63918416358865
1968,0.045,0.795,424.2180659977794
1969,0.045,0.800,422.7996992597139
1970,0.045,0.805,421.38411760576287
1971,0.045,0.810,419.97135437204724
1972,0.045,0.815,418.5614425694832
1973,0.045,0.820,417.1544148789369
1974,0.045,0.825,415.75030364649297
1975,0.045,0.830,414.3491408788375
1976,0.045,0.835,412.9509582387568
1977,0.045,0.840,411.55578704075464
1978,0.045,0.845,410.16365824678763
1979,0.045,0.850,408.7746024621225
1980,0.045,0.855,407.3886499313141
1981,0.045,0.860,406.0058305343068
1982,0.045,0.865,404.6261737826609
1983,0.045,0.870,403.2497088159025
1984,0.045,0.875,401.87646439800176
1985,0.045,0.880,400.50646891397633
1986,0.045,0.885,399.1397503666239
1987,0.045,0.890,397.7763363733828
1988,0.045,0.895,396.4162541633215
1989,0.045,0.900,395.059530574259
1990,0.045,0.905,393.70619205001384
1991,0.045,0.910,392.3562646377849
1992,0.045,0.915,391.0097739856623
1993,0.045,0.920,389.6667453402702
1994,0.045,0.925,388.3272035445393
1995,0.045,0.930,386.9911730356122
1996,0.045,0.935,385.6586778428787
1997,0.045,0.940,384.3297415861429
1998,0.045,0.945,383.0043874739207
1999,0.045,0.950,381.68263830186754
2000,0.045,0.955,380.3645164513376
2001,0.045,0.960,379.05004388807106
2002,0.045,0.965,377.73924216101176
2003,0.045,0.970,376.4321324012535
2004,0.045,0.975,375.12873532111337
2005,0.045,0.980,373.8290712133334
2006,0.045,0.985,372.5331599504082
2007,0.045,0.990,371.2410209840383
2008,0.045,0.995,369.9526733447079
2009,0.045,1.000,368.6681356413866
2010,0.050,0.000,657.8637089081947
2011,0.050,0.005,656.4718997439669
2012,0.050,0.010,655.0775409837395
2013,0.050,0.015,653.680648221891
2014,0.050,0.020,652.2812373529631
2015,0.050,0.025,650.8793245732347
2016,0.050,0.030,649.4749263822545
2017,0.050,0.035,648.0680595843284
2018,0.050,0.040,646.6587412899623
2019,0.050,0.045,645.2469889172571
2020,0.050,0.050,643.8328201932571
2021,0.050,0.055,642.4162531552464
2022,0.050,0.060,640.9973061519968
2023,0.050,0.065,639.5759978449624
2024,0.050,0.070,638.1523472094196
2025,0.050,0.075,636.7263735355542
2026,0.050,0.080,635.2980964294892
2027,0.050,0.085,633.8675358142574
2028,0.050,0.090,632.4347119307128
2029,0.050,0.095,630.9996453383816
2030,0.050,0.100,629.5623569162528
2031,0.050,0.105,628.1228678635024
2032,0.050,0.110,626.6811997001552
2033,0.050,0.115,625.2373742676787
2034,0.050,0.120,623.7914137295104
2035,0.050,0.125,622.3433405715151
2036,0.050,0.130,620.8931776023726
2037,0.050,0.135,619.4409479538928
2038,0.050,0.140,617.9866750812577
2039,0.050,0.145,616.5303827631897
2040,0.050,0.150,615.0720951020426
2041,0.050,0.155,613.6118365238166
2042,0.050,0.160,612.149631778094
2043,0.050,0.165,610.6855059378953
2044,0.050,0.170,609.219484399454
2045,0.050,0.175,607.7515928819093
2046,0.050,0.180,606.2818574269149
2047,0.050,0.185,604.8103043981623
2048,0.050,0.190,603.336960480819
2049,0.050,0.195,601.8618526808792
2050,0.050,0.200,600.385008324425
2051,0.050,0.205,598.9064550567991
2052,0.050,0.210,597.426220841686
2053,0.050,0.215,595.9443339601017
2054,0.050,0.220,594.4608230092907
2055,0.050,0.225,592.9757169015284
2056,0.050,0.230,591.489044862829
2057,0.050,0.235,590.0008364315576
2058,0.050,0.240,588.5111214569445
2059,0.050,0.245,587.0199300975036
2060,0.050,0.250,585.5272928193502
2061,0.050,0.255,584.0332403944205
2062,0.050,0.260,582.5378038985909
2063,0.050,0.265,581.0410147096954
2064,0.050,0.270,579.5429045054424
2065,0.050,0.275,578.0435052612294
2066,0.050,0.280,576.5428492478527
2067,0.050,0.285,575.0409690291167
2068,0.050,0.290,573.5378974593366
2069,0.050,0.295,572.0336676807381
2070,0.050,0.300,570.5283131207516
2071,0.050,0.305,569.0218674892016
2072,0.050,0.310,567.5143647753899
2073,0.050,0.315,566.0058392450744
2074,0.050,0.320,564.4963254373398
2075,0.050,0.325,562.9858581613639
2076,0.050,0.330,561.4744724930775
2077,0.050,0.335,559.9622037717171
2078,0.050,0.340,558.4490875962723
2079,0.050,0.345,556.9351598218269
2080,0.050,0.350,555.4204565557939
2081,0.050,0.355,553.9050141540449
2082,0.050,0.360,552.3888692169342
2083,0.050,0.365,550.8720585852171
2084,0.050,0.370,549.3546193358657
2085,0.050,0.375,547.8365887777766
2086,0.050,0.380,546.3180044473798
2087,0.050,0.385,544.7989041041405
2088,0.050,0.390,543.2793257259617
2089,0.050,0.395,541.759307504482
2090,0.050,0.400,540.2388878402766
2091,0.050,0.405,538.7181053379546
2092,0.050,0.410,537.196998801161
2093,0.050,0.415,535.6756072274776
2094,0.050,0.420,534.1539698032299
2095,0.050,0.425,532.6321258981966
2096,0.050,0.430,531.110115060226
2097,0.050,0.435,529.587977009759
2098,0.050,0.440,528.0657516342604
2099,0.050,0.445,526.5434789825603
2100,0.050,0.450,525.0211992591072
2101,0.050,0.455,523.4989528181336
2102,0.050,0.460,521.9767801577367
2103,0.050,0.465,520.4547219138752
2104,0.050,0.470,518.9328188542858
2105,0.050,0.475,517.411111872317
2106,0.050,0.480,515.8896419806881
2107,0.050,0.485,514.3684503051707
2108,0.050,0.490,512.8475780781962
2109,0.050,0.495,511.3270666323932
2110,0.050,0.500,509.80695739405314
2111,0.050,0.505,508.28729187653147
2112,0.050,0.510,506.7681116735818
2113,0.050,0.515,505.24945845262874
2114,0.050,0.520,503.73137394798107
2115,0.050,0.525,502.2138999539861
2116,0.050,0.530,500.69707831813076
2117,0.050,0.535,499.18095093408994
2118,0.050,0.540,497.6655597347246
2119,0.050,0.545,496.1509466850338
2120,0.050,0.550,494.6371537750627
2121,0.050,0.555,493.12422301276933
2122,0.050,0.560,491.61219641685227
2123,0.050,0.565,490.10111600954446
2124,0.050,0.570,488.5910238093731
2125,0.050,0.575,487.08196182389133
2126,0.050,0.580,485.5739720423824
2127,0.050,0.585,484.0670964285415
2128,0.050,0.590,482.56137691313705
2129,0.050,0.595,481.0568553866549
2130,0.050,0.600,479.5535736919288
2131,0.050,0.605,478.05157361676015
2132,0.050,0.610,476.5508968865301
2133,0.050,0.615,475.051585156808
2134,0.050,0.620,473.55368000595865
2135,0.050,0.625,472.0572229277513
2136,0.050,0.630,470.5622553239756
2137,0.050,0.635,469.0688184970652
2138,0.050,0.640,467.57695364273457
2139,0.050,0.645,466.08670184263053
2140,0.050,0.650,464.5981040570037
2141,0.050,0.655,463.1112011174011
2142,0.050,0.660,461.62603371938525
2143,0.050,0.665,460.1426424152811
2144,0.050,0.670,458.66106760695646
2145,0.050,0.675,457.18134953863625
2146,0.050,0.680,455.70352828975683
2147,0.050,0.685,454.2276437678617
2148,0.050,0.690,452.75373570154204
2149,0.050,0.695,451.2818436334268
2150,0.050,0.700,449.81200691322306
2151,0.050,0.705,448.3442646908125
2152,0.050,0.710,446.8786559094045
2153,0.050,0.715,445.41521929875125
2154,0.050,0.720,443.95399336842655
2155,0.050,0.725,442.49501640117165
2156,0.050,0.730,441.0383264463113
2157,0.050,0.735,439.58396131324287
2158,0.050,0.740,438.1319585650011
2159,0.050,0.745,436.6823555119022
2160,0.050,0.750,435.2351892052688
2161,0.050,0.755,433.79049643123966
2162,0.050,0.760,432.34831370466634
2163,0.050,0.765,430.9086772630993
2164,0.050,0.770,429.471623060866
2165,0.050,0.775,428.0371867632447
2166,0.050,0.780,426.6054037407333
2167,0.050,0.785,425.1763090634204
2168,0.050,0.790,423.74993749545564
2169,0.050,0.795,422.32632348962585
2170,0.050,0.800,420.90550118203606
2171,0.050,0.805,419.4875043868999
2172,0.050,0.810,418.0723665914397
2173,0.050,0.815,416.66012095089854
2174,0.050,0.820,415.25080028366773
2175,0.050,0.825,413.8444370665278
2176,0.050,0.830,412.44106343000993
2177,0.050,0.835,411.0407111538742
2178,0.050,0.840,409.64341166271004
2179,0.050,0.845,408.2491960216578
2180,0.050,0.850,406.8580949322552
2181,0.050,0.855,405.4701387284075
2182,0.050,0.860,404.085357372484
2183,0.050,0.865,402.703780451542
2184,0.050,0.870,401.32543717367895
2185,0.050,0.875,399.9503563645137
2186,0.050,0.880,398.57856646379724
2187,0.050,0.885,397.21009552215514
2188,0.050,0.890,395.84497119796106
2189,0.050,0.895,394.4832207543418
2190,0.050,0.900,393.124871056316
2191,0.050,0.905,391.7699485680651
2192,0.050,0.910,390.41847935033746
2193,0.050,0.915,389.0704890579871
2194,0.050,0.920,387.72600293764503
2195,0.050,0.925,386.3850458255252
2196,0.050,0.930,385.04764214536397
2197,0.050,0.935,383.71381590649383
2198,0.050,0.940,382.38359070204996
2199,0.050,0.945,381.0569897073105
2200,0.050,0.950,379.7340356781702
2201,0.050,0.955,378.41475094974646
2202,0.050,0.960,377.0991574351171
2203,0.050,0.965,375.7872766241903
2204,0.050,0.970,374.4791295827056
2205,0.050,0.975,373.17473695136385
2206,0.050,0.980,371.87411894508875
2207,0.050,0.985,370.577295352415
2208,0.050,0.990,369.28428553500504
2209,0.050,0.995,367.99510842729285
2210,0.050,1.000,366.709782536252
2211,0.055,0.000,656.6542662937193
2212,0.055,0.005,655.2577329178511
2213,0.055,0.010,653.8586392100502
2214,0.055,0.015,652.4570009326726
2215,0.055,0.020,651.0528341517634
2216,0.055,0.025,649.6461552386545
2217,0.055,0.030,648.2369808715187
2218,0.055,0.035,646.825328036877
2219,0.055,0.040,645.411214031062
2220,0.055,0.045,643.9946564616322
2221,0.055,0.050,642.575673248738
2222,0.055,0.055,641.154282626437
2223,0.055,0.060,639.7305031439572
2224,0.055,0.065,638.3043536669084
2225,0.055,0.070,636.8758533784362
2226,0.055,0.075,635.4450217803236
2227,0.055,0.080,634.0118786940311
2228,0.055,0.085,632.5764442616817
2229,0.055,0.090,631.1387389469822
2230,0.055,0.095,629.6987835360857
2231,0.055,0.100,628.2565991383881
2232,0.055,0.105,626.8122071872623
2233,0.055,0.110,625.3656294407247
2234,0.055,0.115,623.916887982035
2235,0.055,0.120,622.4660052202271
2236,0.055,0.125,621.0130038905686
2237,0.055,0.130,619.5579070549509
2238,0.055,0.135,618.1007381022029
2239,0.055,0.140,616.641520748333
2240,0.055,0.145,615.1802790366942
2241,0.055,0.150,613.7170373380704
2242,0.055,0.155,612.251820350687
2243,0.055,0.160,610.784653100139
2244,0.055,0.165,609.3155609392388
2245,0.055,0.170,607.844569547781
2246,0.055,0.175,606.3717049322239
2247,0.055,0.180,604.8969934252847
2248,0.055,0.185,603.420461685449
2249,0.055,0.190,601.9421366963925
2250,0.055,0.195,600.4620457663132
2251,0.055,0.200,598.9802165271743
2252,0.055,0.205,597.4966769338547
2253,0.055,0.210,596.0114552632081
2254,0.055,0.215,594.5245801130275
2255,0.055,0.220,593.0360804009164
2256,0.055,0.225,591.5459853630628
2257,0.055,0.230,590.0543245529174
2258,0.055,0.235,588.5611278397735
2259,0.055,0.240,587.0664254072491
2260,0.055,0.245,585.5702477516684
2261,0.055,0.250,584.0726256803435
2262,0.055,0.255,582.5735903097546
2263,0.055,0.260,581.0731730636279
2264,0.055,0.265,579.571405670911
2265,0.055,0.270,578.0683201636447
2266,0.055,0.275,576.5639488747302
2267,0.055,0.280,575.0583244355918
2268,0.055,0.285,573.5514797737344
2269,0.055,0.290,572.0434481101944
2270,0.055,0.295,570.5342629568848
2271,0.055,0.300,569.023958113833
2272,0.055,0.305,567.5125676663122
2273,0.055,0.310,566.0001259818642
2274,0.055,0.315,564.4866677072155
2275,0.055,0.320,562.9722277650845
2276,0.055,0.325,561.4568413508822
2277,0.055,0.330,559.9405439293018
2278,0.055,0.335,558.4233712308042
2279,0.055,0.340,556.9053592479913
2280,0.055,0.345,555.3865442318744
2281,0.055,0.350,553.8669626880327
2282,0.055,0.355,552.3466513726656
2283,0.055,0.360,550.8256472885367
2284,0.055,0.365,549.303987680811
2285,0.055,0.370,547.7817100327866
2286,0.055,0.375,546.2588520615185
2287,0.055,0.380,544.735451713339
2288,0.055,0.385,543.2115471592721
2289,0.055,0.390,541.6871767903438
2290,0.055,0.395,540.1623792127898
2291,0.055,0.400,538.6371932431601
2292,0.055,0.405,537.1116579033226
2293,0.055,0.410,535.5858124153657
2294,0.055,0.415,534.0596961964017
2295,0.055,0.420,532.5333488532721
2296,0.055,0.425,531.0068101771556
2297,0.055,0.430,529.4801201380799
2298,0.055,0.435,527.9533188793401
2299,0.055,0.440,526.4264467118232
2300,0.055,0.445,524.8995441082411
2301,0.055,0.450,523.3726516972747
2302,0.055,0.455,521.8458102576284
2303,0.055,0.460,520.3190607119991
2304,0.055,0.465,518.7924441209597
2305,0.055,0.470,517.2660016767605
2306,0.055,0.475,515.7397746970491
2307,0.055,0.480,514.2138046185116
2308,0.055,0.485,512.6881329904362
2309,0.055,0.490,511.1628014682043
2310,0.055,0.495,509.63785180670567
2311,0.055,0.500,508.11332585368694
2312,0.055,0.505,506.5892655430295
2313,0.055,0.510,505.06571288796306
2314,0.055,0.515,503.5427099742165
2315,0.055,0.520,502.02029895310756
2316,0.055,0.525,500.4985220345746
2317,0.055,0.530,498.9774214801537
2318,0.055,0.535,497.4570395959025
2319,0.055,0.540,495.93741872527494
2320,0.055,0.545,494.4186012419479
2321,0.055,0.550,492.9006295426051
2322,0.055,0.555,491.38354603967883
2323,0.055,0.560,489.867393154053
2324,0.055,0.565,488.352213307732
2325,0.055,0.570,486.8380489164769
2326,0.055,0.575,485.32494238241185
2327,0.055,0.580,483.81293608660525
2328,0.055,0.585,482.30207238162734
2329,0.055,0.590,480.792393584089
2330,0.055,0.595,479.28394196716295
2331,0.055,0.600,477.77675975309256
2332,0.055,0.605,476.2708891056902
2333,0.055,0.610,474.76637212282947
2334,0.055,0.615,473.26325082893345
2335,0.055,0.620,471.76156716746345
2336,0.055,0.625,470.261362993411
2337,0.055,0.630,468.76268006579636
2338,0.055,0.635,467.2655600401776
2339,0.055,0.640,465.7700444611727
2340,0.055,0.645,464.276174754999
2341,0.055,0.650,462.7839922220324
2342,0.055,0.655,461.2935380293908
2343,0.055,0.660,459.80485320354455
2344,0.055,0.665,458.3179786229569
2345,0.055,0.670,456.83295501075867
2346,0.055,0.675,455.34982292746025
2347,0.055,0.680,453.8686227637037
2348,0.055,0.685,452.38939473305896
2349,0.055,0.690,450.91217886486766
2350,0.055,0.695,449.43701499713643
2351,0.055,0.700,447.9639427694849
2352,0.055,0.705,446.49300161615
2353,0.055,0.710,445.02423075905085
2354,0.055,0.715,443.55766920091645
2355,0.055,0.720,442.0933557184804
2356,0.055,0.725,440.63132885574464
2357,0.055,0.730,439.17162691731596
2358,0.055,0.735,437.7142879618179
2359,0.055,0.740,436.25934979538124
2360,0.055,0.745,434.8068499652159
2361,0.055,0.750,433.3568257532672
2362,0.055,0.755,431.9093141699581
2363,0.055,0.760,430.464351948023
2364,0.055,0.765,429.0219755364319
2365,0.055,0.770,427.5822210944115
2366,0.055,0.775,426.14512448556184
2367,0.055,0.780,424.7107212720748
2368,0.055,0.785,423.2790467090535
2369,0.055,0.790,421.85013573893747
2370,0.055,0.795,420.42402298603446
2371,0.055,0.800,419.00074275116083
2372,0.055,0.805,417.58032900639455
2373,0.055,0.810,416.1628153899402
2374,0.055,0.815,414.74823520111
2375,0.055,0.820,413.3366213954218
2376,0.055,0.825,411.9280065798159
2377,0.055,0.830,410.5224230079928
2378,0.055,0.835,409.1199025758731
2379,0.055,0.840,407.72047681718067
2380,0.055,0.845,406.32417689915246
2381,0.055,0.850,404.93103361837336
2382,0.055,0.855,403.5410773967403
2383,0.055,0.860,402.1543382775544
2384,0.055,0.865,400.77084592174447
2385,0.055,0.870,399.3906296042208
2386,0.055,0.875,398.0137182103616
2387,0.055,0.880,396.6401402326326
2388,0.055,0.885,395.2699237673397
2389,0.055,0.890,393.9030965115174
2390,0.055,0.895,392.5396857599507
2391,0.055,0.900,391.1797184023335
2392,0.055,0.905,389.8232209205629
2393,0.055,0.910,388.4702193861691
2394,0.055,0.915,387.1207394578822
2395,0.055,0.920,385.77480637933553
2396,0.055,0.925,384.43244497690523
2397,0.055,0.930,383.09367965768723
2398,0.055,0.935,381.7585344076093
2399,0.055,0.940,380.42703278968094
2400,0.055,0.945,379.09919794237805
2401,0.055,0.950,377.7750525781636
2402,0.055,0.955,376.4546189821433
2403,0.055,0.960,375.1379190108561
2404,0.055,0.965,373.8249740911983
2405,0.055,0.970,372.51580521948154
2406,0.055,0.975,371.2104329606224
2407,0.055,0.980,369.9088774474645
2408,0.055,0.985,368.61115838023085
2409,0.055,0.990,367.3172950261063
2410,0.055,0.995,366.0273062189488
2411,0.055,1.000,364.74121035912776
2412,0.060,0.000,655.4390045269662
2413,0.060,0.005,654.0377099750909
2414,0.060,0.010,652.633844218664
2415,0.060,0.015,651.2274231899878
2416,0.060,0.020,649.8184631286413
2417,0.060,0.025,648.4069805830987
2418,0.060,0.030,646.9929924123057
2419,0.060,0.035,645.5765157872088
2420,0.060,0.040,644.1575681922388
2421,0.060,0.045,642.7361674267452
2422,0.060,0.050,641.3123316063807
2423,0.060,0.055,639.8860791644349
2424,0.060,0.060,638.4574288531151
2425,0.060,0.065,637.0263997447722
2426,0.060,0.070,635.5930112330723
2427,0.060,0.075,634.1572830341106
2428,0.060,0.080,632.7192351874663
2429,0.060,0.085,631.2788880571987
2430,0.060,0.090,629.8362623327805
2431,0.060,0.095,628.3913790299697
2432,0.060,0.100,626.9442594916155
2433,0.060,0.105,625.4949253884
2434,0.060,0.110,624.0433987195114
2435,0.060,0.115,622.5897018132493
2436,0.060,0.120,621.1338573275591
2437,0.060,0.125,619.6758882504954
2438,0.060,0.130,618.2158179006123
2439,0.060,0.135,616.7536699272786
2440,0.060,0.140,615.2894683109176
2441,0.060,0.145,613.8232373631702
2442,0.060,0.150,612.355001726977
2443,0.060,0.155,610.8847863765831
2444,0.060,0.160,609.41261661746
2445,0.060,0.165,607.9385180861442
2446,0.060,0.170,606.4625167499928
2447,0.060,0.175,604.9846389068525
2448,0.060,0.180,603.5049111846424
2449,0.060,0.185,602.0233605408486
2450,0.060,0.190,600.5400142619288
2451,0.060,0.195,599.0548999626279
2452,0.060,0.200,597.5680455851997
2453,0.060,0.205,596.0794793985363
2454,0.060,0.210,594.5892299972045
2455,0.060,0.215,593.0973263003854
2456,0.060,0.220,591.6037975507172
2457,0.060,0.225,590.108673313043
2458,0.060,0.230,588.611983473057
2459,0.060,0.235,587.1137582358525
2460,0.060,0.240,585.6140281243704
2461,0.060,0.245,584.1128239777441
2462,0.060,0.250,582.6101769495438
2463,0.060,0.255,581.1061185059164
2464,0.060,0.260,579.6006804236221
2465,0.060,0.265,578.0938947879664
2466,0.060,0.270,576.5857939906256
2467,0.060,0.275,575.0764107273667
2468,0.060,0.280,573.5657779956612
2469,0.060,0.285,572.0539290921897
2470,0.060,0.290,570.5408976102408
2471,0.060,0.295,569.0267174369997
2472,0.060,0.300,567.5114227507289
2473,0.060,0.305,565.9950480178398
2474,0.060,0.310,564.4776279898546
2475,0.060,0.315,562.9591977002578
2476,0.060,0.320,561.4397924612394
2477,0.060,0.325,559.9194478603262
2478,0.060,0.330,558.3981997569035
2479,0.060,0.335,556.8760842786284
2480,0.060,0.340,555.3531378177291
2481,0.060,0.345,553.829397027199
2482,0.060,0.350,552.3048988168767
2483,0.060,0.355,550.7796803494193
2484,0.060,0.360,549.2537790361647
2485,0.060,0.365,547.7272325328863
2486,0.060,0.370,546.2000787354384
2487,0.060,0.375,544.6723557752944
2488,0.060,0.380,543.1441020149766
2489,0.060,0.385,541.6153560433808
2490,0.060,0.390,540.0861566709938
2491,0.060,0.395,538.5565429250064
2492,0.060,0.400,537.0265540443226
2493,0.060,0.405,535.496229474464
2494,0.060,0.410,533.965608862374
2495,0.060,0.415,532.4347320511193
2496,0.060,0.420,530.903639074492
2497,0.060,0.425,529.3723701515137
2498,0.060,0.430,527.8409656808411
2499,0.060,0.435,526.3094662350759
2500,0.060,0.440,524.7779125549815
2501,0.060,0.445,523.2463455436044
2502,0.060,0.450,521.7148062603073
2503,0.060,0.455,520.1833359147093
2504,0.060,0.460,518.6519758605411
2505,0.060,0.465,517.1207675894124
2506,0.060,0.470,515.5897527244967
2507,0.060,0.475,514.0589730141326
2508,0.060,0.480,512.5284703253458
2509,0.060,0.485,510.9982866372936
2510,0.060,0.490,509.4684640346326
2511,0.060,0.495,507.9390447008148
2512,0.060,0.500,506.41007091131024
2513,0.060,0.505,504.88158502676333
2514,0.060,0.510,503.35362948608156
2515,0.060,0.515,501.82624679946076
2516,0.060,0.520,500.29947954134974
2517,0.060,0.525,498.77337034335625
2518,0.060,0.530,497.2479618870967
2519,0.060,0.535,495.7232968969945
2520,0.060,0.540,494.1994181330262
2521,0.060,0.545,492.67636838342247
2522,0.060,0.550,491.1541904573229
2523,0.060,0.555,489.6329271773909
2524,0.060,0.560,488.11262137239
2525,0.060,0.565,486.59331586972434
2526,0.060,0.570,485.07505348794774
2527,0.060,0.575,483.5578770292437
2528,0.060,0.580,482.04182927187935
2529,0.060,0.585,480.5269529626374
2530,0.060,0.590,479.0132908092284
2531,0.060,0.595,477.5008854726877
2532,0.060,0.600,475.98977955975914
2533,0.060,0.605,474.48001561526974
2534,0.060,0.610,472.97163611449935
2535,0.060,0.615,471.464683455546
2536,0.060,0.620,469.9591999516946
2537,0.060,0.625,468.455227823788
2538,0.060,0.630,466.95280919260716
2539,0.060,0.635,465.45198607126224
2540,0.060,0.640,463.9528003575986
2541,0.060,0.645,462.4552938266207
2542,0.060,0.650,460.95950812293825
2543,0.060,0.655,459.46548475323743
2544,0.060,0.660,457.97326507878074
2545,0.060,0.665,456.4828903079386
2546,0.060,0.670,454.99440148875743
2547,0.060,0.675,453.5078395015659
2548,0.060,0.680,452.02324505162414
2549,0.060,0.685,450.54065866181844
2550,0.060,0.690,449.0601206654055
2551,0.060,0.695,447.58167119880903
2552,0.060,0.700,446.10535019447224
2553,0.060,0.705,444.6311973737696
2554,0.060,0.710,443.1592522399811
2555,0.060,0.715,441.68955407133166
2556,0.060,0.720,440.2221419141005
2557,0.060,0.725,438.75705457580125
2558,0.060,0.730,437.29433061843775
2559,0.060,0.735,435.83400835183784
2560,0.060,0.740,434.3761258270686
2561,0.060,0.745,432.920720829935
2562,0.060,0.750,431.4678308745659
2563,0.060,0.755,430.0174931970899
2564,0.060,0.760,428.5697447494033
2565,0.060,0.765,427.12462219303416
2566,0.060,0.770,425.68216189310294
2567,0.060,0.775,424.2423999123849
2568,0.060,0.780,422.8053720054743
2569,0.060,0.785,421.37111361305534
2570,0.060,0.790,419.9396598562795
2571,0.060,0.795,418.51104553125384
2572,0.060,0.800,417.0853051036411
2573,0.060,0.805,415.6624727033741
2574,0.060,0.810,414.24258211948757
2575,0.060,0.815,412.8256667950665
2576,0.060,0.820,411.41175982231704
2577,0.060,0.825,410.0008939377574
2578,0.060,0.830,408.59310151753397
2579,0.060,0.835,407.1884145728625
2580,0.060,0.840,405.78686474559584
2581,0.060,0.845,404.3884833039206
2582,0.060,0.850,402.99330113818394
2583,0.060,0.855,401.6013487568501
2584,0.060,0.860,400.2126562825909
2585,0.060,0.865,398.8272534485085
2586,0.060,0.870,397.4451695944927
2587,0.060,0.875,396.0664336637141
2588,0.060,0.880,394.69107419925257
2589,0.060,0.885,393.31911934086304
2590,0.060,0.890,391.95059682187895
2591,0.060,0.895,390.5855339662529
2592,0.060,0.900,389.22395768573716
2593,0.060,0.905,387.8658944772015
2594,0.060,0.910,386.5113704200913
2595,0.060,0.915,385.1604111740243
2596,0.060,0.920,383.8130419765275
2597,0.060,0.925,382.4692876409122
2598,0.060,0.930,381.12917255429016
2599,0.060,0.935,379.79272067572725
2600,0.060,0.940,378.459955534537
2601,0.060,0.945,377.1309002287124
2602,0.060,0.950,375.805577423496
2603,0.060,0.955,374.48400935008755
2604,0.060,0.960,373.1662178044888
2605,0.060,0.965,371.8522241464845
2606,0.060,0.970,370.5420492987595
2607,0.060,0.975,369.2357137461501
2608,0.060,0.980,367.93323753503006
2609,0.060,0.985,366.6346402728285
2610,0.060,0.990,365.3399411276813
2611,0.060,0.995,364.04915882821155
2612,0.060,1.000,362.7623116634412
2613,0.065,0.000,654.2178713262294
2614,0.065,0.005,652.8117781279502
2615,0.065,0.010,651.4031027125977
2616,0.065,0.015,649.9918611844156
2617,0.065,0.020,648.57806995857
2618,0.065,0.025,647.1617457627922
2619,0.065,0.030,645.7429056389773
2620,0.065,0.035,644.3215669447362
2621,0.065,0.040,642.8977473548998
2622,0.065,0.045,641.4714648629727
2623,0.065,0.050,640.0427377825391
2624,0.065,0.055,638.6115847486138
2625,0.065,0.060,637.1780247189408
2626,0.065,0.065,635.7420769752364
2627,0.065,0.070,634.303761124376
2628,0.065,0.075,632.8630970995232
2629,0.065,0.080,631.4201051611982
2630,0.065,0.085,629.9748058982865
2631,0.065,0.090,628.5272202289841
2632,0.065,0.095,627.0773694016792
2633,0.065,0.100,625.6252749957685
2634,0.065,0.105,624.1709589224052
2635,0.065,0.110,622.7144434251815
2636,0.065,0.115,621.2557510807368
2637,0.065,0.120,619.7949047992992
2638,0.065,0.125,618.3319278251499
2639,0.065,0.130,616.866843737016
2640,0.065,0.135,615.3996764483862
2641,0.065,0.140,613.9304502077495
2642,0.065,0.145,612.4591895987548
2643,0.065,0.150,610.9859195402913
2644,0.065,0.155,609.510665286486
2645,0.065,0.160,608.0334524266184
2646,0.065,0.165,606.5543068849528
2647,0.065,0.170,605.0732549204815
2648,0.065,0.175,603.5903231265839
2649,0.065,0.180,602.1055384305946
2650,0.065,0.185,600.6189280932842
2651,0.065,0.190,599.1305197082472
2652,0.065,0.195,597.640341201198
2653,0.065,0.200,596.1484208291743
2654,0.065,0.205,594.6547871796437
2655,0.065,0.210,593.1594691695168
2656,0.065,0.215,591.6624960440612
2657,0.065,0.220,590.1638973757177
2658,0.065,0.225,588.6637030628182
2659,0.065,0.230,587.1619433282012
2660,0.065,0.235,585.6586487177283
2661,0.065,0.240,584.1538500986956
2662,0.065,0.245,582.647578658144
2663,0.065,0.250,581.1398659010639
2664,0.065,0.255,579.6307436484949
2665,0.065,0.260,578.12024403552
2666,0.065,0.265,576.6083995091528
2667,0.065,0.270,575.0952428261164
2668,0.065,0.275,573.5808070505154
2669,0.065,0.280,572.0651255513984
2670,0.065,0.285,570.548232000211
2671,0.065,0.290,569.0301603681387
2672,0.065,0.295,567.5109449233403
2673,0.065,0.300,565.9906202280691
2674,0.065,0.305,564.469221135684
2675,0.065,0.310,562.946782787548
2676,0.065,0.315,561.4233406098163
2677,0.065,0.320,559.8989303101104
2678,0.065,0.325,558.3735878740824
2679,0.065,0.330,556.8473495618654
2680,0.065,0.335,555.3202519044117
2681,0.065,0.340,553.7923316997201
2682,0.065,0.345,552.2636260089504
2683,0.065,0.350,550.7341721524251
2684,0.065,0.355,549.2040077055219
2685,0.065,0.360,547.6731704944527
2686,0.065,0.365,546.1416985919325
2687,0.065,0.370,544.6096303127384
2688,0.065,0.375,543.0770042091585
2689,0.065,0.380,541.5438590663313
2690,0.065,0.385,540.010233897476
2691,0.065,0.390,538.4761679390177
2692,0.065,0.395,536.9417006456014
2693,0.065,0.400,535.4068716850043
2694,0.065,0.405,533.8717209329393
2695,0.065,0.410,532.3362884677584
2696,0.065,0.415,530.8006145650495
2697,0.065,0.420,529.2647396921334
2698,0.065,0.425,527.7287045024614
2699,0.065,0.430,526.1925498299121
2700,0.065,0.435,524.6563166829917
2701,0.065,0.440,523.1200462389379
2702,0.065,0.445,521.5837798377298
2703,0.065,0.450,520.0475589760051
2704,0.065,0.455,518.5114253008858
2705,0.065,0.460,516.9754206037148
2706,0.065,0.465,515.4395868137063
2707,0.065,0.470,513.90396599151
2708,0.065,0.475,512.368600322691
2709,0.065,0.480,510.83353211113223
2710,0.065,0.485,509.2988037723531
2711,0.065,0.490,507.76445782675574
2712,0.065,0.495,506.2305368927944
2713,0.065,0.500,504.69708368007394
2714,0.065,0.505,503.1641409823785
2715,0.065,0.510,501.6317516706335
2716,0.065,0.515,500.0999586858034
2717,0.065,0.520,498.5688050317274
2718,0.065,0.525,497.03833376789646
2719,0.065,0.530,495.5085880021749
2720,0.065,0.535,493.97961088346705
2721,0.065,0.540,492.4514455943349
2722,0.065,0.545,490.9241353435685
2723,0.065,0.550,489.3977233587103
2724,0.065,0.555,487.87225287854017
2725,0.065,0.560,486.3477671455205
2726,0.065,0.565,484.8243093982072
2727,0.065,0.570,483.30192286362876
2728,0.065,0.575,481.7806507496358
2729,0.065,0.580,480.26053623722646
2730,0.065,0.585,478.74162247284863
2731,0.065,0.590,477.2239525606843
2732,0.065,0.595,475.7075695549185
2733,0.065,0.600,474.1925164519952
2734,0.065,0.605,472.678836182867
2735,0.065,0.610,471.16657160523715
2736,0.065,0.615,469.6557654958026
2737,0.065,0.620,468.1464605424969
2738,0.065,0.625,466.63869933674033
2739,0.065,0.630,465.13252436569763
2740,0.065,0.635,463.62797800454956
2741,0.065,0.640,462.12510250877983
2742,0.065,0.645,460.623940006482
2743,0.065,0.650,459.1245324906891
2744,0.065,0.655,457.6269218117316
2745,0.065,0.660,456.13114966962354
2746,0.065,0.665,454.63725760648407
2747,0.065,0.670,453.1452869989958
2748,0.065,0.675,451.65527905090454
2749,0.065,0.680,450.16727478556237
2750,0.065,0.685,448.6813150385203
2751,0.065,0.690,447.1974404501705
2752,0.065,0.695,445.71569145844387
2753,0.065,0.700,444.23610829156684
2754,0.065,0.705,442.75873096087764
2755,0.065,0.710,441.2835992537089
2756,0.065,0.715,439.81075272633825
2757,0.065,0.720,438.34023069700913
2758,0.065,0.725,436.8720722390274
2759,0.065,0.730,435.40631617393484
2760,0.065,0.735,433.94300106476413
2761,0.065,0.740,432.4821652093764
2762,0.065,0.745,431.0238466338875
2763,0.065,0.750,429.56808308618207
2764,0.065,0.755,428.11491202952163
2765,0.065,0.760,426.6643706362474
2766,0.065,0.765,425.21649578158156
2767,0.065,0.770,423.77132403752927
2768,0.065,0.775,422.32889166688443
2769,0.065,0.780,420.88923461734123
2770,0.065,0.785,419.4523885157138
2771,0.065,0.790,418.0183886622678
2772,0.065,0.795,416.587270025164
2773,0.065,0.800,415.1590672350181
2774,0.065,0.805,413.73381457957765
2775,0.065,0.810,412.3115459985192
2776,0.065,0.815,410.8922950783657
2777,0.065,0.820,409.47609504752955
2778,0.065,0.825,408.06297877147904
2779,0.065,0.830,406.65297874803275
2780,0.065,0.835,405.24612710278245
2781,0.065,0.840,403.84245558464636
2782,0.065,0.845,402.4419955615543
2783,0.065,0.850,401.0447780162648
2784,0.065,0.855,399.65083354231814
2785,0.065,0.860,398.26019234012404
2786,0.065,0.865,396.8728842131852
2787,0.065,0.870,395.48893856446006
2788,0.065,0.875,394.108384392863
2789,0.065,0.880,392.73125028990336
2790,0.065,0.885,391.357564436466
2791,0.065,0.890,389.98735459973096
2792,0.065,0.895,388.620648130235
2793,0.065,0.900,387.2574719590742
2794,0.065,0.905,385.8978525952492
2795,0.065,0.910,384.54181612315205
2796,0.065,0.915,383.18938820019457
2797,0.065,0.920,381.8405940545812
2798,0.065,0.925,380.4954584832216
2799,0.065,0.930,379.15400584978727
2800,0.065,0.935,377.8162600829092
2801,0.065,0.940,376.48224467451763
2802,0.065,0.945,375.15198267832255
2803,0.065,0.950,373.8254967084358
2804,0.065,0.955,372.5028089381327
2805,0.065,0.960,371.1839410987536
2806,0.065,0.965,369.86891447874416
2807,0.065,0.970,368.5577499228338
2808,0.065,0.975,367.25046783135156
2809,0.065,0.980,365.9470881596779
2810,0.065,0.985,364.6476304178315
2811,0.065,0.990,363.3521136701909
2812,0.065,0.995,362.06055653534844
2813,0.065,1.000,360.77297718609606
2814,0.070,0.000,652.9908137418962
2815,0.070,0.005,651.5798839109866
2816,0.070,0.010,650.1663607072669
2817,0.070,0.015,648.7502604089385
2818,0.070,0.020,647.3315996088334
2819,0.070,0.025,645.9103952160809
2820,0.070,0.030,644.4866644577297
2821,0.070,0.035,643.0604248803224
2822,0.070,0.040,641.6316943514207
2823,0.070,0.045,640.2004910610822
2824,0.070,0.050,638.7668335232837
2825,0.070,0.055,637.330740577293
2826,0.070,0.060,635.892231388985
2827,0.070,0.065,634.4513254521025
2828,0.070,0.070,633.0080425894588
2829,0.070,0.075,631.5624029540826
2830,0.070,0.080,630.1144270302999
2831,0.070,0.085,628.6641356347562
2832,0.070,0.090,627.211549917374
2833,0.070,0.095,625.7566913622444
2834,0.070,0.100,624.2995817884537
2835,0.070,0.105,622.8402433508406
2836,0.070,0.110,621.3786985406839
2837,0.070,0.115,619.9149701863186
2838,0.070,0.120,618.4490814536811
2839,0.070,0.125,616.9810558467767
2840,0.070,0.130,615.510917208075
2841,0.070,0.135,614.0386897188264
2842,0.070,0.140,612.5643978992979
2843,0.070,0.145,611.0880666089332
2844,0.070,0.150,609.609721046427
2845,0.070,0.155,608.129386749718
2846,0.070,0.160,606.6470895958977
2847,0.070,0.165,605.1628558010319
2848,0.070,0.170,603.676711919896
2849,0.070,0.175,602.1886848456209
2850,0.070,0.180,600.6988018092487
2851,0.070,0.185,599.207090379198
2852,0.070,0.190,597.713578460635
2853,0.070,0.195,596.2182942947508
2854,0.070,0.200,594.7212664579446
2855,0.070,0.205,593.222523860909
2856,0.070,0.210,591.7220957476179
2857,0.070,0.215,590.2200116942147
2858,0.070,0.220,588.7163016078026
2859,0.070,0.225,587.2109957251307
2860,0.070,0.230,585.7041246111801
2861,0.070,0.235,584.1957191576447
2862,0.070,0.240,582.68581058131
2863,0.070,0.245,581.1744304223238
2864,0.070,0.250,579.6616105423628
2865,0.070,0.255,578.1473831226908
2866,0.070,0.260,576.631780662109
2867,0.070,0.265,575.1148359747986
2868,0.070,0.270,573.5965821880519
2869,0.070,0.275,572.0770527398951
2870,0.070,0.280,570.5562813765986
2871,0.070,0.285,569.0343021500771
2872,0.070,0.290,567.511149415177
2873,0.070,0.295,565.9868578268504
2874,0.070,0.300,564.4614623372181
2875,0.070,0.305,562.934998192518
2876,0.070,0.310,561.4075009299397
2877,0.070,0.315,559.8790063743457
2878,0.070,0.320,558.3495506348778
2879,0.070,0.325,556.819170101451
2880,0.070,0.330,555.2879014411304
2881,0.070,0.335,553.7557815943965
2882,0.070,0.340,552.2228477712938
2883,0.070,0.345,550.6891374474674
2884,0.070,0.350,549.1546883600846
2885,0.070,0.355,547.6195385036427
2886,0.070,0.360,546.0837261256644
2887,0.070,0.365,544.547289722279
2888,0.070,0.370,543.0102680336928
2889,0.070,0.375,541.4727000395467
2890,0.070,0.380,539.9346249541624
2891,0.070,0.385,538.3960822216789
2892,0.070,0.390,536.8571115110785
2893,0.070,0.395,535.3177527111055
2894,0.070,0.400,533.7780459250746
2895,0.070,0.405,532.2380314655743
2896,0.070,0.410,530.6977498490644
2897,0.070,0.415,529.1572417903682
2898,0.070,0.420,527.6165481970613
2899,0.070,0.425,526.0757101637595
2900,0.070,0.430,524.5347689663054
2901,0.070,0.435,522.9937660558545
2902,0.070,0.440,521.4527430528675
2903,0.070,0.445,519.9117417410022
2904,0.070,0.450,518.3708040609143
2905,0.070,0.455,516.8299721039651
2906,0.070,0.460,515.2892881058383
2907,0.070,0.465,513.748794440068
2908,0.070,0.470,512.2085336114814
2909,0.070,0.475,510.66854824955584
2910,0.070,0.480,509.12888110169484
2911,0.070,0.485,507.5895750264222
2912,0.070,0.490,506.0506729865011
2913,0.070,0.495,504.5122180419756
2914,0.070,0.500,502.97425334314096
2915,0.070,0.505,501.43682212344265
2916,0.070,0.510,499.8999676923083
2917,0.070,0.515,498.3637334279149
2918,0.070,0.520,496.82816276989286
2919,0.070,0.525,495.2932992119719
2920,0.070,0.530,493.7591862945686
2921,0.070,0.535,492.22586759732286
2922,0.070,0.540,490.693386731581
2923,0.070,0.545,489.16178733283283
2924,0.070,0.550,487.6311130531043
2925,0.070,0.555,486.1014075533075
2926,0.070,0.560,484.5727144955538
2927,0.070,0.565,483.04507753543066
2928,0.070,0.570,481.5185403142486
2929,0.070,0.575,479.99314645125776
2930,0.070,0.580,478.4689395358408
2931,0.070,0.585,476.9459631196839
2932,0.070,0.590,475.424260708929
2933,0.070,0.595,473.90387575631263
2934,0.070,0.600,472.38485165329234
2935,0.070,0.605,470.8672317221656
2936,0.070,0.610,469.35105920818563
2937,0.070,0.615,467.83637727167525
2938,0.070,0.620,466.32322898014496
2939,0.070,0.625,464.8116573004168
2940,0.070,0.630,463.3017050907593
2941,0.070,0.635,461.7934150930354
2942,0.070,0.640,460.2868299248687
2943,0.070,0.645,458.7819920718305
2944,0.070,0.650,457.27894387965165
2945,0.070,0.655,455.77772754646276
2946,0.070,0.660,454.2783851150668
2947,0.070,0.665,452.78095846524695
2948,0.070,0.670,451.2854893061139
2949,0.070,0.675,449.7920191684961
2950,0.070,0.680,448.30058939737614
2951,0.070,0.685,446.81124114437756
2952,0.070,0.690,445.32401536030477
2953,0.070,0.695,443.8389527877398
2954,0.070,0.700,442.3560939537004
2955,0.070,0.705,440.87547916236053
2956,0.070,0.710,439.3971484878395
2957,0.070,0.715,437.9211417670611
2958,0.070,0.720,436.44749859268643
2959,0.070,0.725,434.97625830612424
2960,0.070,0.730,433.5074599906216
2961,0.070,0.735,432.04114246443805
2962,0.070,0.740,430.5773442741064
2963,0.070,0.745,429.1161036877828
2964,0.070,0.750,427.65745868869044
2965,0.070,0.755,426.2014469686578
2966,0.070,0.760,424.7481059217559
2967,0.070,0.765,423.2974726380364
2968,0.070,0.770,421.8495838973745
2969,0.070,0.775,420.4044761634171
2970,0.070,0.780,418.96218557764115
2971,0.070,0.785,417.52274795352344
2972,0.070,0.790,416.086198770824
2973,0.070,0.795,414.65257316998674
2974,0.070,0.800,413.2219059466579
2975,0.070,0.805,411.7942315463257
2976,0.070,0.810,410.3695840590835
2977,0.070,0.815,408.9479972145164
2978,0.070,0.820,407.52950437671643
2979,0.070,0.825,406.11413853942526
2980,0.070,0.830,404.7019323213073
2981,0.070,0.835,403.2929179613558
2982,0.070,0.840,401.8871273144308
2983,0.070,0.845,400.4845918469345
2984,0.070,0.850,399.08534263262044
2985,0.070,0.855,397.68941034854214
2986,0.070,0.860,396.2968252711398
2987,0.070,0.865,394.90761727246723
2988,0.070,0.870,393.5218158165592
2989,0.070,0.875,392.1394499559405
2990,0.070,0.880,390.76054832827873
2991,0.070,0.885,389.38513915317805
2992,0.070,0.890,388.0132502291191
2993,0.070,0.895,386.6449089305415
2994,0.070,0.900,385.28014220507157
2995,0.070,0.905,383.9189765708957
2996,0.070,0.910,382.5614381142775
2997,0.070,0.915,381.20755248722156
2998,0.070,0.920,379.85734490528176
2999,0.070,0.925,378.5108401455148
3000,0.070,0.930,377.1680625445795
3001,0.070,0.935,375.8290359969802
3002,0.070,0.940,374.49378395345474
3003,0.070,0.945,373.16232941950625
3004,0.070,0.950,371.8346949540794
3005,0.070,0.955,370.5109026683784
3006,0.070,0.960,369.1909742248275
3007,0.070,0.965,367.87493083617363
3008,0.070,0.970,366.5627932647281
3009,0.070,0.975,365.2545818217494
3010,0.070,0.980,363.9503163669639
3011,0.070,0.985,362.65001630822337
3012,0.070,0.990,361.35370060130066
3013,0.070,0.995,360.06138774981844
3014,0.070,1.000,358.7730958053128
3015,0.075,0.000,651.7577781466498
3016,0.075,0.005,650.3419731710192
3017,0.075,0.010,648.9235635202117
3018,0.075,0.015,647.5025656484266
3019,0.075,0.020,646.0789963282646
3020,0.075,0.025,644.6528726524201
3021,0.075,0.030,643.2242120353269
3022,0.075,0.035,641.7930322147552
3023,0.075,0.040,640.3593512533605
3024,0.075,0.045,638.9231875401812
3025,0.075,0.050,637.4845597920821
3026,0.075,0.055,636.0434870551468
3027,0.075,0.060,634.5999887060113
3028,0.075,0.065,633.1540844531447
3029,0.075,0.070,631.7057943380664
3030,0.075,0.075,630.2551387365078
3031,0.075,0.080,628.8021383595088
3032,0.075,0.085,627.3468142544534
3033,0.075,0.090,625.8891878060396
3034,0.075,0.095,624.4292807371825
3035,0.075,0.100,622.9671151098505
3036,0.075,0.105,621.5027133258321
3037,0.075,0.110,620.0360981274299
3038,0.075,0.115,618.5672925980846
3039,0.075,0.120,617.0963201629231
3040,0.075,0.125,615.6232045892319
3041,0.075,0.130,614.1479699868528
3042,0.075,0.135,612.6706408085001
3043,0.075,0.140,611.191241849998
3044,0.075,0.145,609.7097982504354
3045,0.075,0.150,608.2263354922386
3046,0.075,0.155,606.7408794011583
3047,0.075,0.160,605.253456146171
3048,0.075,0.165,603.7640922392932
3049,0.075,0.170,602.2728145353057
3050,0.075,0.175,600.7796502313878
3051,0.075,0.180,599.2846268666602
3052,0.075,0.185,597.7877723216338
3053,0.075,0.190,596.2891148175652
3054,0.075,0.195,594.7886829157139
3055,0.075,0.200,593.2865055165063
3056,0.075,0.205,591.7826118585971
3057,0.075,0.210,590.277031517834
3058,0.075,0.215,588.7697944061194
3059,0.075,0.220,587.2609307701726
3060,0.075,0.225,585.7504711901857
3061,0.075,0.230,584.2384465783778
3062,0.075,0.235,582.724888177442
3063,0.075,0.240,581.2098275588884
3064,0.075,0.245,579.6932966212756
3065,0.075,0.250,578.1753275883394
3066,0.075,0.255,576.6559530070065
3067,0.075,0.260,575.1352057453026
3068,0.075,0.265,573.6131189901481
3069,0.075,0.270,572.0897262450402
3070,0.075,0.275,570.5650613276259
3071,0.075,0.280,569.03915836716
3072,0.075,0.285,567.5120518018498
3073,0.075,0.290,565.9837763760854
3074,0.075,0.295,564.4543671375566
3075,0.075,0.300,562.9238594342521
3076,0.075,0.305,561.3922889113461
3077,0.075,0.310,559.8596915079675
3078,0.075,0.315,558.3261034538526
3079,0.075,0.320,556.7915612658828
3080,0.075,0.325,555.2561017445053
3081,0.075,0.330,553.7197619700366
3082,0.075,0.335,552.1825792988518
3083,0.075,0.340,550.644591359454
3084,0.075,0.345,549.1058360484309
3085,0.075,0.350,547.566351526293
3086,0.075,0.355,546.0261762131983
3087,0.075,0.360,544.485348784558
3088,0.075,0.365,542.9439081665323
3089,0.075,0.370,541.4018935314066
3090,0.075,0.375,539.8593442928577
3091,0.075,0.380,538.3163001011045
3092,0.075,0.385,536.7728008379479
3093,0.075,0.390,535.2288866116969
3094,0.075,0.395,533.6845977519869
3095,0.075,0.400,532.1399748044851
3096,0.075,0.405,530.5950585254894
3097,0.075,0.410,529.0498898764189
3098,0.075,0.415,527.5045100181977
3099,0.075,0.420,525.9589603055344
3100,0.075,0.425,524.4132822810968
3101,0.075,0.430,522.8675176695857
3102,0.075,0.435,521.3217083717061
3103,0.075,0.440,519.7758964580416
3104,0.075,0.445,518.2301241628295
3105,0.075,0.450,516.6844338776406
3106,0.075,0.455,515.1388681449655
3107,0.075,0.460,513.5934696517099
3108,0.075,0.465,512.0482812225979
3109,0.075,0.470,510.5033458134893
3110,0.075,0.475,508.9587065046107
3111,0.075,0.480,507.41440649370304
3112,0.075,0.485,505.87048908908844
3113,0.075,0.490,504.32699770265793
3114,0.075,0.495,502.783975842784
3115,0.075,0.500,501.2414671071578
3116,0.075,0.505,499.69951517555677
3117,0.075,0.510,498.15816380254364
3118,0.075,0.515,496.61745681009864
3119,0.075,0.520,495.0774380801905
3120,0.075,0.525,493.5381515472867
3121,0.075,0.530,491.99964119080664
3122,0.075,0.535,490.4619510275207
3123,0.075,0.540,488.92512510389923
3124,0.075,0.545,487.3892074884124
3125,0.075,0.550,485.85424226378655
3126,0.075,0.555,484.3202735192185
3127,0.075,0.560,482.78734534255176
3128,0.075,0.565,481.25550181241783
3129,0.075,0.570,479.7247869903465
3130,0.075,0.575,478.1952449128472
3131,0.075,0.580,476.6669195834671
3132,0.075,0.585,475.13985496482627
3133,0.075,0.590,473.6140949706371
3134,0.075,0.595,472.0896834577082
3135,0.075,0.600,470.56666421793886
3136,0.075,0.605,469.045080970306
3137,0.075,0.610,467.5249773528485
3138,0.075,0.615,466.0063969146514
3139,0.075,0.620,464.4893831078347
3140,0.075,0.625,462.97397927954995
3141,0.075,0.630,461.4602286639876
3142,0.075,0.635,459.94817437440116
3143,0.075,0.640,458.4378593951486
3144,0.075,0.645,456.9293265737579
3145,0.075,0.650,455.4226186130176
3146,0.075,0.655,453.91777806309887
3147,0.075,0.660,452.4148473137102
3148,0.075,0.665,450.9138685862906
3149,0.075,0.670,449.41488392624336
3150,0.075,0.675,447.91793519521457
3151,0.075,0.680,446.42306406342084
3152,0.075,0.685,444.9303120020287
3153,0.075,0.690,443.4397202755897
3154,0.075,0.695,441.9513299345349
3155,0.075,0.700,440.46518180773205
3156,0.075,0.705,438.9813164951098
3157,0.075,0.710,437.49977436035033
3158,0.075,0.715,436.0205955236565
3159,0.075,0.720,434.5438198545949
3160,0.075,0.725,433.06948696501894
3161,0.075,0.730,431.59763620207474
3162,0.075,0.735,430.1283066412942
3163,0.075,0.740,428.66153707977674
3164,0.075,0.745,427.1973660294639
3165,0.075,0.750,425.7358317105101
3166,0.075,0.755,424.2769720447514
3167,0.075,0.760,422.82082464927555
3168,0.075,0.765,421.3674268300975
3169,0.075,0.770,419.91681557594103
3170,0.075,0.775,418.4690275521304
3171,0.075,0.780,417.02409909459453
3172,0.075,0.785,415.5820662039861
3173,0.075,0.790,414.14296453991807
3174,0.075,0.795,412.70682941531953
3175,0.075,0.800,411.2736957909141
3176,0.075,0.805,409.8435982698224
3177,0.075,0.810,408.41657109229044
3178,0.075,0.815,406.99264813054674
3179,0.075,0.820,405.57186288378983
3180,0.075,0.825,404.1542484733073
3181,0.075,0.830,402.7398376377287
3182,0.075,0.835,401.32866272841477
3183,0.075,0.840,399.9207557049826
3184,0.075,0.845,398.51614813096955
3185,0.075,0.850,397.11487116963735
3186,0.075,0.855,395.71695557991694
3187,0.075,0.860,394.3224317124953
3188,0.075,0.865,392.93132950604615
3189,0.075,0.870,391.54367848360414
3190,0.075,0.875,390.15950774908487
3191,0.075,0.880,388.77884598394996
3192,0.075,0.885,387.40172144401936
3193,0.075,0.890,386.0281619564301
3194,0.075,0.895,384.6581949167431
3195,0.075,0.900,383.29184728619754
3196,0.075,0.905,381.9291455891128
3197,0.075,0.910,380.5701159104403
3198,0.075,0.915,379.21478389346197
3199,0.075,0.920,377.8631747376384
3200,0.075,0.925,376.5153131966041
3201,0.075,0.930,375.1712235763116
3202,0.075,0.935,373.830929733323
3203,0.075,0.940,372.49445507324896
3204,0.075,0.945,371.1618225493337
3205,0.075,0.950,369.8330546611877
3206,0.075,0.955,368.5081734536645
3207,0.075,0.960,367.1872005158834
3208,0.075,0.965,365.870156980395
3209,0.075,0.970,364.5570635224913
3210,0.075,0.975,363.2479403596565
3211,0.075,0.980,361.9428072511592
3212,0.075,0.985,360.64168349778447
3213,0.075,0.990,359.3445879417047
3214,0.075,0.995,358.0515389664871
3215,0.075,1.000,356.76255449723766
3216,0.080,0.000,650.518710225564
3217,0.080,0.005,649.0979910569799
3218,0.080,0.010,647.6746557607022
3219,0.080,0.015,646.2487209689913
3220,0.080,0.020,644.8202036363448
3221,0.080,0.025,643.3891210412154
3222,0.080,0.030,641.9554907876804
3223,0.080,0.035,640.5193308070641
3224,0.080,0.040,639.0806593595083
3225,0.080,0.045,637.6394950354922
3226,0.080,0.050,636.195856757298
3227,0.080,0.055,634.7497637804227
3228,0.080,0.060,633.301235694932
3229,0.080,0.065,631.850292426758
3230,0.080,0.070,630.396954238935
3231,0.080,0.075,628.9412417327769
3232,0.080,0.080,627.4831758489892
3233,0.080,0.085,626.0227778687176
3234,0.080,0.090,624.5600694145323
3235,0.080,0.095,623.0950724513417
3236,0.080,0.100,621.6278092872398
3237,0.080,0.105,620.1583025742808
3238,0.080,0.110,618.6865753091832
3239,0.080,0.115,617.2126508339586
3240,0.080,0.120,615.7365528364658
3241,0.080,0.125,614.2583053508876
3242,0.080,0.130,612.7779327581294
3243,0.080,0.135,611.2954597861373
3244,0.080,0.140,609.8109115101344
3245,0.080,0.145,608.3243133527739
3246,0.080,0.150,606.8356910842085
3247,0.080,0.155,605.3450708220718
3248,0.080,0.160,603.852479031373
3249,0.080,0.165,602.3579425243026
3250,0.080,0.170,600.8614884599464
3251,0.080,0.175,599.3631443439082
3252,0.080,0.180,597.8629380278385
3253,0.080,0.185,596.360897708869
3254,0.080,0.190,594.8570519289492
3255,0.080,0.195,593.3514295740868
3256,0.080,0.200,591.8440598734888
3257,0.080,0.205,590.3349723986016
3258,0.080,0.210,588.8241970620498
3259,0.080,0.215,587.3117641164731
3260,0.080,0.220,585.7977041532573
3261,0.080,0.225,584.2820481011624
3262,0.080,0.230,582.7648272248427
3263,0.080,0.235,581.2460731232599
3264,0.080,0.240,579.7258177279882
3265,0.080,0.245,578.2040933014098
3266,0.080,0.250,576.6809324347995
3267,0.080,0.255,575.1563680462981
3268,0.080,0.260,573.6304333787746
3269,0.080,0.265,572.1031619975737
3270,0.080,0.270,570.5745877881509
3271,0.080,0.275,569.0447449535922
3272,0.080,0.280,567.5136680120189
3273,0.080,0.285,565.9813917938768
3274,0.080,0.290,564.4479514391082
3275,0.080,0.295,562.9133823942085
3276,0.080,0.300,561.3777204091634
3277,0.080,0.305,559.8410015342706
3278,0.080,0.310,558.3032621168413
3279,0.080,0.315,556.7645387977858
3280,0.080,0.320,555.2248685080775
3281,0.080,0.325,553.684288465102
3282,0.080,0.330,552.1428361688842
3283,0.080,0.335,550.6005493981985
3284,0.080,0.340,549.0574662065603
3285,0.080,0.345,547.5136249180987
3286,0.080,0.350,545.9690641233108
3287,0.080,0.355,544.4238226746987
3288,0.080,0.360,542.8779396822886
3289,0.080,0.365,541.3314545090328
3290,0.080,0.370,539.7844067660952
3291,0.080,0.375,538.2368363080213
3292,0.080,0.380,536.6887832277915
3293,0.080,0.385,535.1402878517622
3294,0.080,0.390,533.5913907344907
3295,0.080,0.395,532.0421326534495
3296,0.080,0.400,530.492554603627
3297,0.080,0.405,528.9426977920199
3298,0.080,0.410,527.392603632013
3299,0.080,0.415,525.8423137376536
3300,0.080,0.420,524.2918699178175
3301,0.080,0.425,522.7413141702699
3302,0.080,0.430,521.1906886756219
3303,0.080,0.435,519.6400357911854
3304,0.080,0.440,518.0893980447264
3305,0.080,0.445,516.5388181281198
3306,0.080,0.450,514.988338890907
3307,0.080,0.455,513.4380033337576
3308,0.080,0.460,511.88785460183857
3309,0.080,0.465,510.3379359780918
3310,0.080,0.470,508.78829087642316
3311,0.080,0.475,507.23896283480303
3312,0.080,0.480,505.68999550828454
3313,0.080,0.485,504.1414326619381
3314,0.080,0.490,502.59331816370695
3315,0.080,0.495,501.0456959771846
3316,0.080,0.500,499.49861015431924
3317,0.080,0.505,497.95210482804487
3318,0.080,0.510,496.40622420484397
3319,0.080,0.515,494.8610125572436
3320,0.080,0.520,493.3165142162487
3321,0.080,0.525,491.77277356371343
3322,0.080,0.530,490.22983502465695
3323,0.080,0.535,488.6877430595234
3324,0.080,0.540,487.1465421563917
3325,0.080,0.545,485.60627682313594
3326,0.080,0.550,484.0669915795426
3327,0.080,0.555,482.52873094938514
3328,0.080,0.560,480.9915394524611
3329,0.080,0.565,479.4554615965942
3330,0.080,0.570,477.9205418696051
3331,0.080,0.575,476.38682473125476
3332,0.080,0.580,474.8543546051638
3333,0.080,0.585,473.32317587071
3334,0.080,0.590,471.7933328549106
3335,0.080,0.595,470.26486982428963
3336,0.080,0.600,468.7378309767369
3337,0.080,0.605,467.2122604333596
3338,0.080,0.610,465.6882022303327
3339,0.080,0.615,464.1657003107511
3340,0.080,0.620,462.64479851648576
3341,0.080,0.625,461.1255405800498
3342,0.080,0.630,459.60797011647765
3343,0.080,0.635,458.09213061522007
3344,0.080,0.640,456.5780654320602
3345,0.080,0.645,455.0658177810537
3346,0.080,0.650,453.55543072649675
3347,0.080,0.655,452.04694717492646
3348,0.080,0.660,450.5404098671562
3349,0.080,0.665,449.03586137035114
3350,0.080,0.670,447.5333440701464
3351,0.080,0.675,446.03290016281227
3352,0.080,0.680,444.53457164747044
3353,0.080,0.685,443.0384003183642
3354,0.080,0.690,441.5444277571871
3355,0.080,0.695,440.0526953254726
3356,0.080,0.700,438.5632441570502
3357,0.080,0.705,437.0761151505686
3358,0.080,0.710,435.59134896209366
3359,0.080,0.715,434.10898599778
3360,0.080,0.720,432.629066406623
3361,0.080,0.725,431.1516300732937
3362,0.080,0.730,429.67671661105857
3363,0.080,0.735,428.20436535479024
3364,0.080,0.740,426.73461535406886
3365,0.080,0.745,425.2675053663809
3366,0.080,0.750,423.80307385041493
3367,0.080,0.755,422.34135895946116
3368,0.080,0.760,420.88239853491325
3369,0.080,0.765,419.4262300998803
3370,0.080,0.770,417.97289085290674
3371,0.080,0.775,416.52241766180737
3372,0.080,0.780,415.074847057617
3373,0.080,0.785,413.63021522865813
3374,0.080,0.790,412.1885580147308
3375,0.080,0.795,410.74991090142385
3376,0.080,0.800,409.3143090145529
3377,0.080,0.805,407.8817871147257
3378,0.080,0.810,406.45237959203655
3379,0.080,0.815,405.026120460894
3380,0.080,0.820,403.60304335498046
3381,0.080,0.825,402.18318152234934
3382,0.080,0.830,400.76656782065777
3383,0.080,0.835,399.35323471253963
3384,0.080,0.840,397.94321426111793
3385,0.080,0.845,396.53653812566023
3386,0.080,0.850,395.13323755737713
3387,0.080,0.855,393.73334339536405
3388,0.080,0.860,392.336886062691
3389,0.080,0.865,390.9438955626368
3390,0.080,0.870,389.55440147507227
3391,0.080,0.875,388.168432952992
3392,0.080,0.880,386.7860187191945
3393,0.080,0.885,385.40718706311293
3394,0.080,0.890,384.0319658377958
3395,0.080,0.895,382.6603824570389
3396,0.080,0.900,381.29246389266837
3397,0.080,0.905,379.9282366719743
3398,0.080,0.910,378.56772687529724
3399,0.080,0.915,377.21096013376496
3400,0.080,0.920,375.8579616271816
3401,0.080,0.925,374.5087560820676
3402,0.080,0.930,373.16336776985037
3403,0.080,0.935,371.82182050520686
3404,0.080,0.940,370.4841376445549
3405,0.080,0.945,369.1503420846949
3406,0.080,0.950,367.82045626160067
3407,0.080,0.955,366.4945021493585
3408,0.080,0.960,365.1725012592531
3409,0.080,0.965,363.8544746390011
3410,0.080,0.970,362.5404428721294
3411,0.080,0.975,361.23042607749835
3412,0.080,0.980,359.9244439089684
3413,0.080,0.985,358.6225155552082
3414,0.080,0.990,357.324659739645
3415,0.080,0.995,356.0308947205526
3416,0.080,1.000,354.7412382912787
3417,0.085,0.000,649.2735549660906
3418,0.085,0.005,647.847882009651
3419,0.085,0.010,646.4195813192221
3420,0.085,0.015,644.9886697072125
3421,0.085,0.020,643.5551643121698
3422,0.085,0.025,642.1190826005239
3423,0.085,0.030,640.6804423682831
3424,0.085,0.035,639.2392617426799
3425,0.085,0.040,637.7955591837663
3426,0.085,0.045,636.3493534859551
3427,0.085,0.050,634.9006637795092
3428,0.085,0.055,633.4495095319726
3429,0.085,0.060,631.9959105495452
3430,0.085,0.065,630.5398869783994
3431,0.085,0.070,629.0814593059335
3432,0.085,0.075,627.6206483619658
3433,0.085,0.080,626.1574753198623
3434,0.085,0.085,624.6919616976013
3435,0.085,0.090,623.2241293587686
3436,0.085,0.095,621.7540005134846
3437,0.085,0.100,620.2815977192631
3438,0.085,0.105,618.8069438817951
3439,0.085,0.110,617.3300622556603
3440,0.085,0.115,615.8509764449641
3441,0.085,0.120,614.3697104038966
3442,0.085,0.125,612.8862884372139
3443,0.085,0.130,611.4007352006388
3444,0.085,0.135,609.9130757011803
3445,0.085,0.140,608.4233352973703
3446,0.085,0.145,606.9315396994137
3447,0.085,0.150,605.4377149692549
3448,0.085,0.155,603.941887520554
3449,0.085,0.160,602.4440841185747
3450,0.085,0.165,600.9443318799814
3451,0.085,0.170,599.4426582725438
3452,0.085,0.175,597.9390911147461
3453,0.085,0.180,596.4336585753042
3454,0.085,0.185,594.926389172582
3455,0.085,0.190,593.4173117739135
3456,0.085,0.195,591.9064555948219
3457,0.085,0.200,590.3938501981402
3458,0.085,0.205,588.879525493028
3459,0.085,0.210,587.3635117338868
3460,0.085,0.215,585.845839519167
3461,0.085,0.220,584.3265397900732
3462,0.085,0.225,582.8056438291587
3463,0.085,0.230,581.2831832588137
3464,0.085,0.235,579.759190039643
3465,0.085,0.240,578.233696468734
3466,0.085,0.245,576.7067351778122
3467,0.085,0.250,575.1783391312854
3468,0.085,0.255,573.6485416241726
3469,0.085,0.260,572.1173762799199
3470,0.085,0.265,570.5848770481015
3471,0.085,0.270,569.0510782020024
3472,0.085,0.275,567.516014336088
3473,0.085,0.280,565.9797203633523
3474,0.085,0.285,564.4422315125506
3475,0.085,0.290,562.9035833253134
3476,0.085,0.295,561.3638116531397
3477,0.085,0.300,559.8229526542718
3478,0.085,0.305,558.2810427904506
3479,0.085,0.310,556.7381188235486
3480,0.085,0.315,555.1942178120851
3481,0.085,0.320,553.6493771076177
3482,0.085,0.325,552.1036343510158
3483,0.085,0.330,550.5570274686099
3484,0.085,0.335,549.0095946682239
3485,0.085,0.340,547.4613744350826
3486,0.085,0.345,545.9124055276014
3487,0.085,0.350,544.3627269730541
3488,0.085,0.355,542.8123780631211
3489,0.085,0.360,541.2613983493178
3490,0.085,0.365,539.7098276383034
3491,0.085,0.370,538.1577059870721
3492,0.085,0.375,536.6050736980241
3493,0.085,0.380,535.0519713139212
3494,0.085,0.385,533.4984396127251
3495,0.085,0.390,531.9445196023199
3496,0.085,0.395,530.3902525151193
3497,0.085,0.400,528.8356798025615
3498,0.085,0.405,527.2808431294892
3499,0.085,0.410,525.7257843684212
3500,0.085,0.415,524.1705455937106
3501,0.085,0.420,522.6151690755976
3502,0.085,0.425,521.0596972741506
3503,0.085,0.430,519.5041728331073
3504,0.085,0.435,517.9486385736058
3505,0.085,0.440,516.3931374878174
3506,0.085,0.445,514.8377127324769
3507,0.085,0.450,513.282407622315
3508,0.085,0.455,511.7272656233921
3509,0.085,0.460,510.1723303463408
3510,0.085,0.465,508.61764553951195
3511,0.085,0.470,507.06325508203287
3512,0.085,0.475,505.509202976776
3513,0.085,0.480,503.95553334324353
3514,0.085,0.485,502.402290410366
3515,0.085,0.490,500.8495185092231
3516,0.085,0.495,499.2972620656844
3517,0.085,0.500,497.74556559297486
3518,0.085,0.505,496.19447368416854
3519,0.085,0.510,494.6440310046109
3520,0.085,0.515,493.0942822842757
3521,0.085,0.520,491.5452723100568
3522,0.085,0.525,489.99704591799895
3523,0.085,0.530,488.44964798547153
3524,0.085,0.535,486.9031234232866
3525,0.085,0.540,485.3575171677659
3526,0.085,0.545,483.8128741727596
3527,0.085,0.550,482.2692394016202
3528,0.085,0.555,480.72665781913486
3529,0.085,0.560,479.1851743834194
3530,0.085,0.565,477.6448340377785
3531,0.085,0.570,476.1056817025339
3532,0.085,0.575,474.56776226682643
3533,0.085,0.580,473.0311205803932
3534,0.085,0.585,471.49580144532484
3535,0.085,0.590,469.96184960780715
3536,0.085,0.595,468.4293097498493
3537,0.085,0.600,466.8982264810033
3538,0.085,0.605,465.3686443300787
3539,0.085,0.610,463.8406077368555
3540,0.085,0.615,462.31416104380037
3541,0.085,0.620,460.78934848778863
3542,0.085,0.625,459.2662141918369
3543,0.085,0.630,457.7448021568501
3544,0.085,0.635,456.2251562533858
3545,0.085,0.640,454.7073202134417
3546,0.085,0.645,453.1913376222682
3547,0.085,0.650,451.67725191021066
3548,0.085,0.655,450.16510634458604
3549,0.085,0.660,448.6549440215965
3550,0.085,0.665,447.14680785828483
3551,0.085,0.670,445.64074058453457
3552,0.085,0.675,444.13678473511993
3553,0.085,0.680,442.6349826418081
3554,0.085,0.685,441.13537642551887
3555,0.085,0.690,439.6380079885435
3556,0.085,0.695,438.1429190068296
3557,0.085,0.700,436.65015092233153
3558,0.085,0.705,435.15974493543496
3559,0.085,0.710,433.6717419974536
3560,0.085,0.715,432.18618280320743
3561,0.085,0.720,430.70310778368065
3562,0.085,0.725,429.2225570987668
3563,0.085,0.730,427.74457063010203
3564,0.085,0.735,426.2691879739911
3565,0.085,0.740,424.7964484344286
3566,0.085,0.745,423.32639101621936
3567,0.085,0.750,421.8590544182002
3568,0.085,0.755,420.3944770265672
3569,0.085,0.760,418.93269690831073
3570,0.085,0.765,417.4737518047615
3571,0.085,0.770,416.01767912524974
3572,0.085,0.775,414.56451594088213
3573,0.085,0.780,413.1142989784362
3574,0.085,0.785,411.6670646143782
3575,0.085,0.790,410.22284886900394
3576,0.085,0.795,408.781687400707
3577,0.085,0.800,407.3436155003759
3578,0.085,0.805,405.9086680859218
3579,0.085,0.810,404.4768796969409
3580,0.085,0.815,403.0482844895107
3581,0.085,0.820,401.622916231125
3582,0.085,0.825,400.20080829576693
3583,0.085,0.830,398.78199365912417
3584,0.085,0.835,397.3665048939455
3585,0.085,0.840,395.95437416554205
3586,0.085,0.845,394.54563322743456
3587,0.085,0.850,393.1403134171468
3588,0.085,0.855,391.73844565214733
3589,0.085,0.860,390.3400604259411
3590,0.085,0.865,388.94518780431036
3591,0.085,0.870,387.5538574217075
3592,0.085,0.875,386.1660984777998
3593,0.085,0.880,384.7819397341666
3594,0.085,0.885,383.40140951115046
3595,0.085,0.890,382.024535684861
3596,0.085,0.895,380.6513456843343
3597,0.085,0.900,379.28186648884554
3598,0.085,0.905,377.91612462537785
3599,0.085,0.910,376.5541461662441
3600,0.085,0.915,375.1959567268651
3601,0.085,0.920,373.84158146370146
3602,0.085,0.925,372.4910450723401
3603,0.085,0.930,371.14437178573513
3604,0.085,0.935,369.80158537260223
3605,0.085,0.940,368.4627091359659
3606,0.085,0.945,367.12776591186
3607,0.085,0.950,365.7967780681796
3608,0.085,0.955,364.4697675036839
3609,0.085,0.960,363.14675564714986
3610,0.085,0.965,361.8277634566745
3611,0.085,0.970,360.5128114191256
3612,0.085,0.975,359.2019195497399
3613,0.085,0.980,357.8951073918661
3614,0.085,0.985,356.59239401685323
3615,0.085,0.990,355.2937980240821
3616,0.085,0.995,353.999337541138
3617,0.085,1.000,352.7090302241238
3618,0.090,0.000,648.0222566479431
3619,0.090,0.005,646.5915897512912
3620,0.090,0.010,645.1582833568347
3621,0.090,0.015,643.7223544592403
3622,0.090,0.020,642.2838203832828
3623,0.090,0.025,640.8426987856154
3624,0.090,0.030,639.3990076564918
3625,0.090,0.035,637.9527653214374
3626,0.090,0.040,636.5039904428685
3627,0.090,0.045,635.0527020216579
3628,0.090,0.050,633.5989193986456
3629,0.090,0.055,632.1426622560928
3630,0.090,0.060,630.6839506190762
3631,0.090,0.065,629.2228048568243
3632,0.090,0.070,627.7592456839895
3633,0.090,0.075,626.29329416186
3634,0.090,0.080,624.8249716995031
3635,0.090,0.085,623.3543000548444
3636,0.090,0.090,621.8813013356782
3637,0.090,0.095,620.405998000607
3638,0.090,0.100,618.9284128599102
3639,0.090,0.105,617.4485690763388
3640,0.090,0.110,615.966490165837
3641,0.090,0.115,614.4821999981842
3642,0.090,0.120,612.9957227975611
3643,0.090,0.125,611.5070831430355
3644,0.090,0.130,610.0163059689654
3645,0.090,0.135,608.5234165653206
3646,0.090,0.140,607.0284405779183
3647,0.090,0.145,605.5314040085728
3648,0.090,0.150,604.0323332151577
3649,0.090,0.155,602.5312549115769
3650,0.090,0.160,601.0281961676469
3651,0.090,0.165,599.5231844088846
3652,0.090,0.170,598.0162474162016
3653,0.090,0.175,596.5074133255025
3654,0.090,0.180,594.996710627187
3655,0.090,0.185,593.4841681655516
3656,0.090,0.190,591.9698151380932
3657,0.090,0.195,590.4536810947097
3658,0.090,0.200,588.9357959367986
3659,0.090,0.205,587.4161899162509
3660,0.090,0.210,585.8948936343401
3661,0.090,0.215,584.371938040503
3662,0.090,0.220,582.8473544310151
3663,0.090,0.225,581.3211744475528
3664,0.090,0.230,579.7934300756494
3665,0.090,0.235,578.2641536430359
3666,0.090,0.240,576.7333778178714
3667,0.090,0.245,575.2011356068588
3668,0.090,0.250,573.6674603532459
3669,0.090,0.255,572.1323857347107
3670,0.090,0.260,570.5959457611306
3671,0.090,0.265,569.0581747722331
3672,0.090,0.270,567.5191074351293
3673,0.090,0.275,565.9787787417278
3674,0.090,0.280,564.4372240060288
3675,0.090,0.285,562.8944788612979
3676,0.090,0.290,561.3505792571195
3677,0.090,0.295,559.8055614563277
3678,0.090,0.300,558.259462031816
3679,0.090,0.305,556.7123178632248
3680,0.090,0.310,555.164166133505
3681,0.090,0.315,553.6150443253613
3682,0.090,0.320,552.0649902175685
3683,0.090,0.325,550.5140418811694
3684,0.090,0.330,548.9622376755443
3685,0.090,0.335,547.4096162443616
3686,0.090,0.340,545.8562165114024
3687,0.090,0.345,544.3020776762639
3688,0.090,0.350,542.7472392099384
3689,0.090,0.355,541.1917408502718
3690,0.090,0.360,539.6356225972982
3691,0.090,0.365,538.0789247084546
3692,0.090,0.370,536.5216876936734
3693,0.090,0.375,534.9639523103555
3694,0.090,0.380,533.405759558223
3695,0.090,0.385,531.8471506740544
3696,0.090,0.390,530.2881671263
3697,0.090,0.395,528.7288506095824
3698,0.090,0.400,527.1692430390801
3699,0.090,0.405,525.609386544797
3700,0.090,0.410,524.0493234657168
3701,0.090,0.415,522.4890963438489
3702,0.090,0.420,520.9287479181596
3703,0.090,0.425,519.3683211183966
3704,0.090,0.430,517.8078590588054
3705,0.090,0.435,516.2474050317392
3706,0.090,0.440,514.6870025011655
3707,0.090,0.445,513.1266950960696
3708,0.090,0.450,511.5665266037585
3709,0.090,0.455,510.0065409630658
3710,0.090,0.460,508.44678225746105
3711,0.090,0.465,506.88729470806345
3712,0.090,0.470,505.3281226665668
3713,0.090,0.475,503.7693106080713
3714,0.090,0.480,502.2109031238317
3715,0.090,0.485,500.6529449139186
3716,0.090,0.490,499.0954807797992
3717,0.090,0.495,497.5385556168384
3718,0.090,0.500,495.9822144067236
3719,0.090,0.505,494.4265022098158
3720,0.090,0.510,492.87146415743
3721,0.090,0.515,491.317145444048
3722,0.090,0.520,489.7635913194666
3723,0.090,0.525,488.2108470808841
3724,0.090,0.530,486.65895806492796
3725,0.090,0.535,485.1079696396288
3726,0.090,0.540,483.5579271963407
3727,0.090,0.545,482.0088761416152
3728,0.090,0.550,480.4608618890277
3729,0.090,0.555,478.9139298509652
3730,0.090,0.560,477.3681254303737
3731,0.090,0.565,475.8234940124728
3732,0.090,0.570,474.2800809564387
3733,0.090,0.575,472.7379315870608
3734,0.090,0.580,471.19709118637405
3735,0.090,0.585,469.65760498527294
3736,0.090,0.590,468.1195181551088
3737,0.090,0.595,466.5828757992755
3738,0.090,0.600,465.04772294478767
3739,0.090,0.605,463.51410453385324
3740,0.090,0.610,461.98206541544783
3741,0.090,0.615,460.4516503368911
3742,0.090,0.620,458.92290393543163
3743,0.090,0.625,457.39587072984324
3744,0.090,0.630,455.8705951120371
3745,0.090,0.635,454.34712133869306
3746,0.090,0.640,452.8254935229146
3747,0.090,0.645,451.3057556259122
3748,0.090,0.650,449.78795144871697
3749,0.090,0.655,448.2721246239308
3750,0.090,0.660,446.758318607516
3751,0.090,0.665,445.2465766706276
3752,0.090,0.670,443.7369418914939
3753,0.090,0.675,442.2294571473483
3754,0.090,0.680,440.7241651064155
3755,0.090,0.685,439.2211082199584
3756,0.090,0.690,437.7203287143858
3757,0.090,0.695,436.22186858342894
3758,0.090,0.700,434.72576958038695
3759,0.090,0.705,433.23207321044725
3760,0.090,0.710,431.7408207230836
3761,0.090,0.715,430.25205310453583
3762,0.090,0.720,428.7658110703743
3763,0.090,0.725,427.28213505815296
3764,0.090,0.730,425.8010652201548
3765,0.090,0.735,424.32264141623256
3766,0.090,0.740,422.8469032067476
3767,0.090,0.745,421.3738898456116
3768,0.090,0.750,419.9036402734332
3769,0.090,0.755,418.4361931107727
3770,0.090,0.760,416.9715866515082
3771,0.090,0.765,415.50985885631627
3772,0.090,0.770,414.0510473462696
3773,0.090,0.775,412.5951893965547
3774,0.090,0.780,411.1423219303125
3775,0.090,0.785,409.6924815126038
3776,0.090,0.790,408.2457043445033
3777,0.090,0.795,406.80202625732284
3778,0.090,0.800,405.36148270696856
3779,0.090,0.805,403.9241087684325
3780,0.090,0.810,402.48993913042034
3781,0.090,0.815,401.05900809011996
3782,0.090,0.820,399.63134954810914
3783,0.090,0.825,398.2069970034084
3784,0.090,0.830,396.7859835486761
3785,0.090,0.835,395.36834186555177
3786,0.090,0.840,393.9541042201461
3787,0.090,0.845,392.54330245868096
3788,0.090,0.850,391.13596800327974
3789,0.090,0.855,389.73213184790916
3790,0.090,0.860,388.3318245544746
3791,0.090,0.865,386.93507624906925
3792,0.090,0.870,385.54191661837757
3793,0.090,0.875,384.1523749062352
3794,0.090,0.880,382.76647991034446
3795,0.090,0.885,381.3842599791472
3796,0.090,0.890,380.00574300885467
3797,0.090,0.895,378.6309564406355
3798,0.090,0.900,377.2599272579607
3799,0.090,0.905,375.89268198410855
3800,0.090,0.910,374.5292466798251
3801,0.090,0.915,373.16964694114534
3802,0.090,0.920,371.8139078973702
3803,0.090,0.925,370.4620542092025
3804,0.090,0.930,369.11411006703935
3805,0.090,0.935,367.77009918942196
3806,0.090,0.940,366.43004482164105
3807,0.090,0.945,365.0939697344982
3808,0.090,0.950,363.7618962232223
3809,0.090,0.955,362.43384610653874
3810,0.090,0.960,361.1098407258931
3811,0.090,0.965,359.7899009448256
3812,0.090,0.970,358.47404714849705
3813,0.090,0.975,357.16229924336403
3814,0.090,0.980,355.8546766570027
3815,0.090,0.985,354.55119833807936
3816,0.090,0.990,353.2518827564662
3817,0.090,0.995,351.95674790350216
3818,0.090,1.000,350.6658112923939
3819,0.095,0.000,646.7647588328788
3820,0.095,0.005,645.3290572751555
3821,0.095,0.010,643.8907042944344
3822,0.095,0.015,642.4497170697734
3823,0.095,0.020,641.0061131143773
3824,0.095,0.025,639.5599102773945
3825,0.095,0.030,638.1111267456666
3826,0.095,0.035,636.6597810454257
3827,0.095,0.040,635.2058920439387
3828,0.095,0.045,633.7494789510963
3829,0.095,0.050,632.2905613209482
3830,0.095,0.055,630.8291590531779
3831,0.095,0.060,629.36529239452
3832,0.095,0.065,627.8989819401146
3833,0.095,0.070,626.430248634801
3834,0.095,0.075,624.9591137743449
3835,0.095,0.080,623.4855990066005
3836,0.095,0.085,622.0097263326045
3837,0.095,0.090,620.5315181076008
3838,0.095,0.095,619.0509970419937
3839,0.095,0.100,617.5681862022278
3840,0.095,0.105,616.0831090115937
3841,0.095,0.110,614.5957892509582
3842,0.095,0.115,613.1062510594145
3843,0.095,0.120,611.6145189348542
3844,0.095,0.125,610.1206177344579
3845,0.095,0.130,608.6245726751018
3846,0.095,0.135,607.1264093336807
3847,0.095,0.140,605.6261536473442
3848,0.095,0.145,604.123831913644
3849,0.095,0.150,602.6194707905935
3850,0.095,0.155,601.1130972966345
3851,0.095,0.160,599.6047388105114
3852,0.095,0.165,598.0944230710522
3853,0.095,0.170,596.5821781768512
3854,0.095,0.175,595.0680325858569
3855,0.095,0.180,593.5520151148582
3856,0.095,0.185,592.0341549388725
3857,0.095,0.190,590.5144815904298
3858,0.095,0.195,588.9930249587549
3859,0.095,0.200,587.4698152888436
3860,0.095,0.205,585.9448831804334
3861,0.095,0.210,584.4182595868662
3862,0.095,0.215,582.8899758138422
3863,0.095,0.220,581.3600635180638
3864,0.095,0.225,579.8285547057682
3865,0.095,0.230,578.2954817311467
3866,0.095,0.235,576.7608772946506
3867,0.095,0.240,575.224774441183
3868,0.095,0.245,573.6872065581725
3869,0.095,0.250,572.1482073735328
3870,0.095,0.255,570.6078109535017
3871,0.095,0.260,569.0660517003627
3872,0.095,0.265,567.5229643500461
3873,0.095,0.270,565.9785839696103
3874,0.095,0.275,564.4329459546008
3875,0.095,0.280,562.8860860262872
3876,0.095,0.285,561.3380402287785
3877,0.095,0.290,559.788844926014
3878,0.095,0.295,558.2385367986305
3879,0.095,0.300,556.6871528407056
3880,0.095,0.305,555.1347303563765
3881,0.095,0.310,553.581306956332
3882,0.095,0.315,552.0269205541822
3883,0.095,0.320,550.4716093626996
3884,0.095,0.325,548.915411889937
3885,0.095,0.330,547.358366935218
3886,0.095,0.335,545.800513585003
3887,0.095,0.340,544.2418912086293
3888,0.095,0.345,542.6825394539256
3889,0.095,0.350,541.1224982427015
3890,0.095,0.355,539.5618077661127
3891,0.095,0.360,538.0005084799016
3892,0.095,0.365,536.4386410995135
3893,0.095,0.370,534.8762465950905
3894,0.095,0.375,533.3133661863425
3895,0.095,0.380,531.750041337296
3896,0.095,0.385,530.1863137509223
3897,0.095,0.390,528.6222253636457
3898,0.095,0.395,527.0578183397328
3899,0.095,0.400,525.4931350655625
3900,0.095,0.405,523.9282181437823
3901,0.095,0.410,522.3631103873454
3902,0.095,0.415,520.7978548134367
3903,0.095,0.420,519.2324946372847
3904,0.095,0.425,517.6670732658623
3905,0.095,0.430,516.101634291479
3906,0.095,0.435,514.5362214852644
3907,0.095,0.440,512.9708787905471
3908,0.095,0.445,511.40565031612726
3909,0.095,0.450,509.8405803294503
3910,0.095,0.455,508.27571324967784
3911,0.095,0.460,506.7110936406621
3912,0.095,0.465,505.14676620382556
3913,0.095,0.470,503.58277577094543
3914,0.095,0.475,502.0191672968495
3915,0.095,0.480,500.455985852022
3916,0.095,0.485,498.89327661512493
3917,0.095,0.490,497.33108486543614
3918,0.095,0.495,495.76945597520677
3919,0.095,0.500,494.2084354019419
3920,0.095,0.505,492.6480686806063
3921,0.095,0.510,491.0884014157586
3922,0.095,0.515,489.5294792736177
3923,0.095,0.520,487.97134797406306
3924,0.095,0.525,486.4140532825734
3925,0.095,0.530,484.85764100210645
3926,0.095,0.535,483.302156964923
3927,0.095,0.540,481.7476470243591
3928,0.095,0.545,480.1941570465502
3929,0.095,0.550,478.6417329021086
3930,0.095,0.555,477.0904204577612
3931,0.095,0.560,475.5402655679483
3932,0.095,0.565,473.9913140663887
3933,0.095,0.570,472.4436117576136
3934,0.095,0.575,470.89720440847503
3935,0.095,0.580,469.35213773963056
3936,0.095,0.585,467.80845741700904
3937,0.095,0.590,466.2662090432618
3938,0.095,0.595,464.72543814920266
3939,0.095,0.600,463.1861901852395
3940,0.095,0.605,461.6485105128052
3941,0.095,0.610,460.1124443957863
3942,0.095,0.615,458.5780369919595
3943,0.095,0.620,457.0453333444347
3944,0.095,0.625,455.51437837311283
3945,0.095,0.630,453.9852168661595
3946,0.095,0.635,452.45789347150065
3947,0.095,0.640,450.9324526883427
3948,0.095,0.645,449.4089388587231
3949,0.095,0.650,447.88739615909304
3950,0.095,0.655,446.3678685919386
3951,0.095,0.660,444.850399977443
3952,0.095,0.665,443.33503394519477
3953,0.095,0.670,441.8218139259451
3954,0.095,0.675,440.3107831434196
3955,0.095,0.680,438.8019846061863
3956,0.095,0.685,437.29546109958716
3957,0.095,0.690,435.7912551777331
3958,0.095,0.695,434.28940915556984
3959,0.095,0.700,432.78996510101615
3960,0.095,0.705,431.2929648271794
3961,0.095,0.710,429.7984498846515
3962,0.095,0.715,428.30646155389
3963,0.095,0.720,426.8170408376867
3964,0.095,0.725,425.3302284537274
3965,0.095,0.730,423.84606482724803
3966,0.095,0.735,422.36459008378887
3967,0.095,0.740,420.88584404205017
3968,0.095,0.745,419.40986620685385
3969,0.095,0.750,417.936695762214
3970,0.095,0.755,416.466371564518
3971,0.095,0.760,414.99893213582374
3972,0.095,0.765,413.5344156572734
3973,0.095,0.770,412.07285996262976
3974,0.095,0.775,410.614302531934
3975,0.095,0.780,409.1587804852915
3976,0.095,0.785,407.706330576786
3977,0.095,0.790,406.2569891885252
3978,0.095,0.795,404.81079232482085
3979,0.095,0.800,403.3677756065046
3980,0.095,0.805,401.9279742653833
3981,0.095,0.810,400.4914231388346
3982,0.095,0.815,399.0581566645456
3983,0.095,0.820,397.62820887539647
3984,0.095,0.825,396.2016133944906
3985,0.095,0.830,394.7784034303337
3986,0.095,0.835,393.3586117721624
3987,0.095,0.840,391.9422707854249
3988,0.095,0.845,390.5294124074146
3989,0.095,0.850,389.1200681430584
3990,0.095,0.855,387.71426906086015
3991,0.095,0.860,386.3120457890012
3992,0.095,0.865,384.91342851159817
3993,0.095,0.870,383.5184469651201
3994,0.095,0.875,382.1271304349641
3995,0.095,0.880,380.7395077521912
3996,0.095,0.885,379.35560729042317
3997,0.095,0.890,377.97545696289956
3998,0.095,0.895,376.59908421969664
3999,0.095,0.900,375.2265160451075
4000,0.095,0.905,373.8577789551833
4001,0.095,0.910,372.49289899543714
4002,0.095,0.915,371.1319017387085
4003,0.095,0.920,369.7748122831891
4004,0.095,0.925,368.42165525060966
4005,0.095,0.930,367.0724547845873
4006,0.095,0.935,365.727234549133
4007,0.095,0.940,364.3860177273176
4008,0.095,0.945,363.04882702009735
4009,0.095,0.950,361.7156846452967
4010,0.095,0.955,360.38661233674753
4011,0.095,0.960,359.06163134358536
4012,0.095,0.965,357.7407624296991
4013,0.095,0.970,356.42402587333464
4014,0.095,0.975,355.11144146685126
4015,0.095,0.980,353.803028516628
4016,0.095,0.985,352.4988058431198
4017,0.095,0.990,351.19879178106174
4018,0.095,0.995,349.90300417981933
4019,0.095,1.000,348.61146040388303
4020,0.100,0.000,645.5010043543851
4021,0.100,0.005,644.0602268349096
4022,0.100,0.010,642.6167858018858
4023,0.100,0.015,641.17069862092
4024,0.100,0.020,639.7219829958732
4025,0.100,0.025,638.270656970688
4026,0.100,0.030,636.8167389311651
4027,0.100,0.035,635.3602476066864
4028,0.100,0.040,633.901202071886
4029,0.100,0.045,632.439621748265
4030,0.100,0.050,630.9755264057488
4031,0.100,0.055,629.5089361641864
4032,0.100,0.060,628.0398714947885
4033,0.100,0.065,626.568353221504
4034,0.100,0.070,625.0944025223317
4035,0.100,0.075,623.6180409305681
4036,0.100,0.080,622.1392903359853
4037,0.100,0.085,620.6581729859422
4038,0.100,0.090,619.1747114864236
4039,0.100,0.095,617.6889288030072
4040,0.100,0.100,616.2008482617558
4041,0.100,0.105,614.7104935500345
4042,0.100,0.110,613.2178887172493
4043,0.100,0.115,611.7230581755061
4044,0.100,0.120,610.2260267001901
4045,0.100,0.125,608.7268194304598
4046,0.100,0.130,607.2254618696591
4047,0.100,0.135,605.72197988564
4048,0.100,0.140,604.2163997110015
4049,0.100,0.145,602.7087479432341
4050,0.100,0.150,601.199051544777
4051,0.100,0.155,599.6873378429797
4052,0.100,0.160,598.1736345299704
4053,0.100,0.165,596.657969662427
4054,0.100,0.170,595.1403716612524
4055,0.100,0.175,593.6208693111473
4056,0.100,0.180,592.099491760085
4057,0.100,0.185,590.576268518682
4058,0.100,0.190,589.0512294594652
4059,0.100,0.195,587.5244048160332
4060,0.100,0.200,585.995825182112
4061,0.100,0.205,584.4655215105
4062,0.100,0.210,582.9335251119065
4063,0.100,0.215,581.3998676536761
4064,0.100,0.220,579.8645811584026
4065,0.100,0.225,578.3276980024292
4066,0.100,0.230,576.7892509142322
4067,0.100,0.235,575.2492729726916
4068,0.100,0.240,573.7077976052418
4069,0.100,0.245,572.1648585859054
4070,0.100,0.250,570.6204900332075
4071,0.100,0.255,569.074726407969
4072,0.100,0.260,567.5276025109806
4073,0.100,0.265,565.9791534805519
4074,0.100,0.270,564.4294147899392
4075,0.100,0.275,562.87842224465
4076,0.100,0.280,561.3262119796215
4077,0.100,0.285,559.7728204562749
4078,0.100,0.290,558.2182844594435
4079,0.100,0.295,556.6626410941752
4080,0.100,0.300,555.1059277824072
4081,0.100,0.305,553.5481822595146
4082,0.100,0.310,551.9894425707303
4083,0.100,0.315,550.4297470674389
4084,0.100,0.320,548.8691344033401
4085,0.100,0.325,547.3076435304871
4086,0.100,0.330,545.7453136951935
4087,0.100,0.335,544.1821844338157
4088,0.100,0.340,542.6182955684038
4089,0.100,0.345,541.0536872022278
4090,0.100,0.350,539.4883997151738
4091,0.100,0.355,537.922473759015
4092,0.100,0.360,536.3559502525546
4093,0.100,0.365,534.7888703766434
4094,0.100,0.370,533.2212755690713
4095,0.100,0.375,531.6532075193338
4096,0.100,0.380,530.0847081632752
4097,0.100,0.385,528.5158196776076
4098,0.100,0.390,526.9465844743081
4099,0.100,0.395,525.377045194895
4100,0.100,0.400,523.8072447045831
4101,0.100,0.405,522.237226086321
4102,0.100,0.410,520.6670326347104
4103,0.100,0.415,519.0967078498089
4104,0.100,0.420,517.5262954308197
4105,0.100,0.425,515.9558392696654
4106,0.100,0.430,514.3853834444541
4107,0.100,0.435,512.814972212832
4108,0.100,0.440,511.2446500052326
4109,0.100,0.445,509.6744614180154
4110,0.100,0.450,508.1044512065051
4111,0.100,0.455,506.5346642779263
4112,0.100,0.460,504.9651456842406
4113,0.100,0.465,503.3959406148858
4114,0.100,0.470,501.827094389421
4115,0.100,0.475,500.25865245007884
4116,0.100,0.480,498.6906603542293
4117,0.100,0.485,497.1231637667554
4118,0.100,0.490,495.55620845234563
4119,0.100,0.495,493.98984026770523
4120,0.100,0.500,492.4241051536882
4121,0.100,0.505,490.8590491273542
4122,0.100,0.510,489.2947182739541
4123,0.100,0.515,487.7311587388453
4124,0.100,0.520,486.1684167193409
4125,0.100,0.525,484.6065384564976
4126,0.100,0.530,483.04557022684287
4127,0.100,0.535,481.48555833404697
4128,0.100,0.540,479.9265491005425
4129,0.100,0.545,478.36858885909504
4130,0.100,0.550,476.8117239443287
4131,0.100,0.555,475.2560006842105
4132,0.100,0.560,473.70146539149573
4133,0.100,0.565,472.1481643551413
4134,0.100,0.570,470.59614383168724
4135,0.100,0.575,469.04545003661235
4136,0.100,0.580,467.49612913566864
4137,0.100,0.585,465.9482272361952
4138,0.100,0.590,464.40179037841995
4139,0.100,0.595,462.85686452675003
4140,0.100,0.600,461.3134955610552
4141,0.100,0.605,459.7717292679509
4142,0.100,0.610,458.23161133208123
4143,0.100,0.615,456.6931873274097
4144,0.100,0.620,455.1565027085195
4145,0.100,0.625,453.62160280192745
4146,0.100,0.630,452.08853279741845
4147,0.100,0.635,450.5573377394009
4148,0.100,0.640,449.02806251828986
4149,0.100,0.645,447.5007518619213
4150,0.100,0.650,445.97545032700197
4151,0.100,0.655,444.4522022905979
4152,0.100,0.660,442.9310519416677
4153,0.100,0.665,441.41204327264285
4154,0.100,0.670,439.89522007106024
4155,0.100,0.675,438.38062591125055
4156,0.100,0.680,436.86830414608704
4157,0.100,0.685,435.3582978987981
4158,0.100,0.690,433.8506500548483
4159,0.100,0.695,432.3454032538908
4160,0.100,0.700,430.84259988179724
4161,0.100,0.705,429.34228206276555
4162,0.100,0.710,427.8444916515131
4163,0.100,0.715,426.34927022555667
4164,0.100,0.720,424.8566590775833
4165,0.100,0.725,423.36669920791655
4166,0.100,0.730,421.87943131708096
4167,0.100,0.735,420.39489579846827
4168,0.100,0.740,418.9131327311094
4169,0.100,0.745,417.4341818725547
4170,0.100,0.750,415.95808265186673
4171,0.100,0.755,414.4848741627284
4172,0.100,0.760,413.01459515666875
4173,0.100,0.765,411.54728403641127
4174,0.100,0.770,410.0829788493457
4175,0.100,0.775,408.621717281128
4176,0.100,0.780,407.1635366494099
4177,0.100,0.785,405.70847389770125
4178,0.100,0.790,404.25656558936805
4179,0.100,0.795,402.8078479017683
4180,0.100,0.800,401.3623566205279
4181,0.100,0.805,399.9201271339591
4182,0.100,0.810,398.4811944276244
4183,0.100,0.815,397.0455930790461
4184,0.100,0.820,395.6133572525658
4185,0.100,0.825,394.18452069435364
4186,0.100,0.830,392.75911672757087
4187,0.100,0.835,391.3371782476856
4188,0.100,0.840,389.91873771794485
4189,0.100,0.845,388.5038271650028
4190,0.100,0.850,387.09247817470833
4191,0.100,0.855,385.68472188805174
4192,0.100,0.860,384.28058899727097
4193,0.100,0.865,382.88010974212136
4194,0.100,0.870,381.4833139063061
4195,0.100,0.875,380.0902308140704
4196,0.100,0.880,378.70088932695995
4197,0.100,0.885,377.3153178407422
4198,0.100,0.890,375.933544282494
4199,0.100,0.895,374.5555961078527
4200,0.100,0.900,373.1815002984335
4201,0.100,0.905,371.81128335941065
4202,0.100,0.910,370.444971317265
4203,0.100,0.915,369.0825897176955
4204,0.100,0.920,367.72416362369603
4205,0.100,0.925,366.36971761379573
4206,0.100,0.930,365.01927578046383
4207,0.100,0.935,363.67286172867705
4208,0.100,0.940,362.33049857465
4209,0.100,0.945,360.9922089447266
4210,0.100,0.950,359.6580149744329
4211,0.100,0.955,358.3279383076894
4212,0.100,0.960,357.00200009618175
4213,0.100,0.965,355.6802209988899
4214,0.100,0.970,354.3626211817722
4215,0.100,0.975,353.04922031760555
4216,0.100,0.980,351.7400375859781
4217,0.100,0.985,350.43509167343433
4218,0.100,0.990,349.13440077377044
4219,0.100,0.995,347.8379825884778
4220,0.100,1.000,346.5458543273339
4221,0.105,0.000,644.2309353072732
4222,0.105,0.005,642.7850399339446
4223,0.105,0.010,641.3364687870557
4224,0.105,0.015,639.8852394209404
4225,0.105,0.020,638.4313697323686
4226,0.105,0.025,636.9748779624017
4227,0.105,0.030,635.5157826981975
4228,0.105,0.035,634.0541028747617
4229,0.105,0.040,632.5898577766445
4230,0.105,0.045,631.1230670395817
4231,0.105,0.050,629.6537506520764
4232,0.105,0.055,628.1819289569222
4233,0.105,0.060,626.7076226526639
4234,0.105,0.065,625.2308527949955
4235,0.105,0.070,623.7516407980924
4236,0.105,0.075,622.270008435878
4237,0.105,0.080,620.7859778432207
4238,0.105,0.085,619.2995715170606
4239,0.105,0.090,617.8108123174649
4240,0.105,0.095,616.319723468609
4241,0.105,0.100,614.8263285596817
4242,0.105,0.105,613.3306515457134
4243,0.105,0.110,611.8327167483247
4244,0.105,0.115,610.332548856395
4245,0.105,0.120,608.8301729266474
4246,0.105,0.125,607.3256143841495
4247,0.105,0.130,605.8188990227283
4248,0.105,0.135,604.3100530052967
4249,0.105,0.140,602.7991028640911
4250,0.105,0.145,601.2860755008163
4251,0.105,0.150,599.7709981866996
4252,0.105,0.155,598.2538985624469
4253,0.105,0.160,596.7348046381062
4254,0.105,0.165,595.2137447928293
4255,0.105,0.170,593.690747774537
4256,0.105,0.175,592.1658426994808
4257,0.105,0.180,590.639059051702
4258,0.105,0.185,589.1104266823883
4259,0.105,0.190,587.5799758091213
4260,0.105,0.195,586.0477370150189
4261,0.105,0.200,584.5137412477682
4262,0.105,0.205,582.9780198185467
4263,0.105,0.210,581.4406044008336
4264,0.105,0.215,579.9015270291065
4265,0.105,0.220,578.3608200974238
4266,0.105,0.225,576.8185163578919
4267,0.105,0.230,575.2746489190147
4268,0.105,0.235,573.7292512439246
4269,0.105,0.240,572.182357148495
4270,0.105,0.245,570.6340007993306
4271,0.105,0.250,569.0842167116377
4272,0.105,0.255,567.5330397469712
4273,0.105,0.260,565.9805051108569
4274,0.105,0.265,564.4266483502911
4275,0.105,0.270,562.8715053511132
4276,0.105,0.275,561.3151123352527
4277,0.105,0.280,559.7575058578494
4278,0.105,0.285,558.198722804246
4279,0.105,0.290,556.6388003868512
4280,0.105,0.295,555.0777761418763
4281,0.105,0.300,553.51568792594
4282,0.105,0.305,551.9525739125457
4283,0.105,0.310,550.3884725884268
4284,0.105,0.315,548.8234227497638
4285,0.105,0.320,547.257463498269
4286,0.105,0.325,545.6906342371414
4287,0.105,0.330,544.1229746668915
4288,0.105,0.335,542.5545247810348
4289,0.105,0.340,540.9853248616542
4290,0.105,0.345,539.4154154748346
4291,0.105,0.350,537.8448374659635
4292,0.105,0.355,536.2736319549064
4293,0.105,0.360,534.7018403310498
4294,0.105,0.365,533.1295042482171
4295,0.105,0.370,531.5566656194558
4296,0.105,0.375,529.983366611698
4297,0.105,0.380,528.4096496402937
4298,0.105,0.385,526.8355573634196
4299,0.105,0.390,525.2611326763625
4300,0.105,0.395,523.6864187056788
4301,0.105,0.400,522.1114588032327
4302,0.105,0.405,520.5362965401133
4303,0.105,0.410,518.9609757004306
4304,0.105,0.415,517.3855402749949
4305,0.105,0.420,515.810034454879
4306,0.105,0.425,514.2345026248638
4307,0.105,0.430,512.6589893567742
4308,0.105,0.435,511.0835394026987
4309,0.105,0.440,509.50819768810396
4310,0.105,0.445,507.9330093048384
4311,0.105,0.450,506.35801950403265
4312,0.105,0.455,504.7832736888952
4313,0.105,0.460,503.20881740740816
4314,0.105,0.465,501.6346963449235
4315,0.105,0.470,500.0609563166646
4316,0.105,0.475,498.4876432601325
4317,0.105,0.480,496.9148032274224
4318,0.105,0.485,495.3424823774522
4319,0.105,0.490,493.7707269681051
4320,0.105,0.495,492.1995833482898
4321,0.105,0.500,490.6290979499222
4322,0.105,0.505,489.0593172798296
4323,0.105,0.510,487.4902879115825
4324,0.105,0.515,485.92205647725643
4325,0.105,0.520,484.3546696591269
4326,0.105,0.525,482.7881741813012
4327,0.105,0.530,481.2226168012907
4328,0.105,0.535,479.65804430152644
4329,0.105,0.540,478.0945034808228
4330,0.105,0.545,476.5320411457908
4331,0.105,0.550,474.9707041022083
4332,0.105,0.555,473.41053914634637
4333,0.105,0.560,471.85159305625945
4334,0.105,0.565,470.29391258304173
4335,0.105,0.570,468.73754444205275
4336,0.105,0.575,467.1825353041182
4337,0.105,0.580,465.6289317867081
4338,0.105,0.585,464.07678044509777
4339,0.105,0.590,462.52612776351503
4340,0.105,0.595,460.9770201462777
4341,0.105,0.600,459.42950390892616
4342,0.105,0.605,457.88362526935424
4343,0.105,0.610,456.3394303389437
4344,0.105,0.615,454.79696511370616
4345,0.105,0.620,453.2562754654362
4346,0.105,0.625,451.7174071328802
4347,0.105,0.630,450.1804057129264
4348,0.105,0.635,448.64531665181835
4349,0.105,0.640,447.1121852363972
4350,0.105,0.645,445.58105658537795
4351,0.105,0.650,444.051975640662
4352,0.105,0.655,442.5249871586917
4353,0.105,0.660,441.00013570185087
4354,0.105,0.665,439.47746562991495
4355,0.105,0.670,437.95702109155616
4356,0.105,0.675,436.4388460159066
4357,0.105,0.680,434.92298410418397
4358,0.105,0.685,433.4094788213844
4359,0.105,0.690,431.8983733880462
4360,0.105,0.695,430.3897107720877
4361,0.105,0.700,428.88353368072546
4362,0.105,0.705,427.3798845524738
4363,0.105,0.710,425.87880554923214
4364,0.105,0.715,424.38033854846265
4365,0.105,0.720,422.8845251354621
4366,0.105,0.725,421.39140659573224
4367,0.105,0.730,419.9010239074514
4368,0.105,0.735,418.4134177340523
4369,0.105,0.740,416.92862841690766
4370,0.105,0.745,415.44669596812906
4371,0.105,0.750,413.96766006348105
4372,0.105,0.755,412.4915600354142
4373,0.105,0.760,411.0184348662202
4374,0.105,0.765,409.54832318131275
4375,0.105,0.770,408.0812632426358
4376,0.105,0.775,406.61729294220385
4377,0.105,0.780,405.1564497957756
4378,0.105,0.785,403.6987709366644
4379,0.105,0.790,402.2442931096886
4380,0.105,0.795,400.7930526652629
4381,0.105,0.800,399.3450855536344
4382,0.105,0.805,397.9004273192657
4383,0.105,0.810,396.4591130953653
4384,0.105,0.815,395.0211775985708
4385,0.105,0.820,393.58665512378354
4386,0.105,0.825,392.1555795391581
4387,0.105,0.830,390.72798428124923
4388,0.105,0.835,389.3039023503157
4389,0.105,0.840,387.88336630578414
4390,0.105,0.845,386.4664082618746
4391,0.105,0.850,385.05305988338756
4392,0.105,0.855,383.6433523816548
4393,0.105,0.860,382.2373165106546
4394,0.105,0.865,380.8349825632929
4395,0.105,0.870,379.4363803678506
4396,0.105,0.875,378.04153928459715
4397,0.105,0.880,376.6504882025731
4398,0.105,0.885,375.2632555365396
4399,0.105,0.890,373.8798692240963
4400,0.105,0.895,372.50035672296923
4401,0.105,0.900,371.12474500846537
4402,0.105,0.905,369.753060571098
4403,0.105,0.910,368.3853294143792
4404,0.105,0.915,367.02157705278205
4405,0.105,0.920,365.66182850986945
4406,0.105,0.925,364.3061083165923
4407,0.105,0.930,362.9544405097532
4408,0.105,0.935,361.60684863063784
4409,0.105,0.940,360.26335572381123
4410,0.105,0.945,358.9239843360794
4411,0.105,0.950,357.5887565156146
4412,0.105,0.955,356.2576938112429
4413,0.105,0.960,354.9308172718945
4414,0.105,0.965,353.60814744621325
4415,0.105,0.970,352.2897043823261
4416,0.105,0.975,350.97550762776916
4417,0.105,0.980,349.6655762295711
4418,0.105,0.985,348.3599287344894
4419,0.105,0.990,347.0585831894009
4420,0.105,0.995,345.76155714184193
4421,0.105,1.000,344.46886764069836
4422,0.110,0.000,642.9544930371827
4423,0.110,0.005,641.5034373145959
4424,0.110,0.010,640.0496933847402
4425,0.110,0.015,638.5932789928804
4426,0.110,0.020,637.1342122309717
4427,0.110,0.025,635.6725115395453
4428,0.110,0.030,634.2081957095435
4429,0.110,0.035,632.7412838840982
4430,0.110,0.040,631.2717955602564
4431,0.110,0.045,629.7997505906463
4432,0.110,0.050,628.3251691850866
4433,0.110,0.055,626.8480719121311
4434,0.110,0.060,625.3684797005561
4435,0.110,0.065,623.886413840778
4436,0.110,0.070,622.4018959862082
4437,0.110,0.075,620.914948154539
4438,0.110,0.080,619.4255927289591
4439,0.110,0.085,617.933852459299
4440,0.110,0.090,616.4397504631003
4441,0.110,0.095,614.9433102266139
4442,0.110,0.100,613.4445556057169
4443,0.110,0.105,611.9435108267538
4444,0.110,0.110,610.4402004872953
4445,0.110,0.115,608.9346495568159
4446,0.110,0.120,607.4268833772858
4447,0.110,0.125,605.9169276636784
4448,0.110,0.130,604.4048085043892
4449,0.110,0.135,602.8905523615647
4450,0.110,0.140,601.3741860713411
4451,0.110,0.145,599.8557368439884
4452,0.110,0.150,598.3352322639615
4453,0.110,0.155,596.8127002898528
4454,0.110,0.160,595.2881692542484
4455,0.110,0.165,593.7616678634821
4456,0.110,0.170,592.2332251972908
4457,0.110,0.175,590.7028707083635
4458,0.110,0.180,589.1706342217876
4459,0.110,0.185,587.6365459343871
4460,0.110,0.190,586.1006364139549
4461,0.110,0.195,584.5629365983726
4462,0.110,0.200,583.023477794622
4463,0.110,0.205,581.4822916776814
4464,0.110,0.210,579.9394102893107
4465,0.110,0.215,578.3948660367184
4466,0.110,0.220,576.8486916911132
4467,0.110,0.225,575.3009203861375
4468,0.110,0.230,573.7515856161804
4469,0.110,0.235,572.2007212345717
4470,0.110,0.240,570.6483614516524
4471,0.110,0.245,569.0945408327234
4472,0.110,0.250,567.5392942958691
4473,0.110,0.255,565.9826571096568
4474,0.110,0.260,564.4246648907094
4475,0.110,0.265,562.865353601151
4476,0.110,0.270,561.3047595459251
4477,0.110,0.275,559.7429193699829
4478,0.110,0.280,558.179870055344
4479,0.110,0.285,556.615648918025
4480,0.110,0.290,555.0502936048376
4481,0.110,0.295,553.4838420900572
4482,0.110,0.300,551.9163326719566
4483,0.110,0.305,550.3478039692104
4484,0.110,0.310,548.7782949171642
4485,0.110,0.315,547.2078447639734
4486,0.110,0.320,545.6364930666059
4487,0.110,0.325,544.0642796867155
4488,0.110,0.330,542.491244786378
4489,0.110,0.335,540.917428823697
4490,0.110,0.340,539.3428725482756
4491,0.110,0.345,537.7676169965549
4492,0.110,0.350,536.191703487021
4493,0.110,0.355,534.6151736152784
4494,0.110,0.360,533.0380692489936
4495,0.110,0.365,531.4604325227056
4496,0.110,0.370,529.882305832507
4497,0.110,0.375,528.3037318305956
4498,0.110,0.380,526.7247534196961
4499,0.110,0.385,525.1454137473553
4500,0.110,0.390,523.5657562001082
4501,0.110,0.395,521.9858243975206
4502,0.110,0.400,520.4056621861056
4503,0.110,0.405,518.8253136331172
4504,0.110,0.410,517.2448230202218
4505,0.110,0.415,515.6642348370495
4506,0.110,0.420,514.083593774627
4507,0.110,0.425,512.502944718692
4508,0.110,0.430,510.92233274289373
4509,0.110,0.435,509.3418031018791
4510,0.110,0.440,507.7614012242681
4511,0.110,0.445,506.1811727055187
4512,0.110,0.450,504.6011633006856
4513,0.110,0.455,503.02141891707356
4514,0.110,0.460,501.4419856067881
4515,0.110,0.465,499.8629095591859
4516,0.110,0.470,498.2842370932283
4517,0.110,0.475,496.70601464973845
4518,0.110,0.480,495.12828878356817
4519,0.110,0.485,493.5511061556736
4520,0.110,0.490,491.9745135251052
4521,0.110,0.495,490.3985577409145
4522,0.110,0.500,488.82328573397956
4523,0.110,0.505,487.24874450875393
4524,0.110,0.510,485.6749811349416
4525,0.110,0.515,484.10204273910057
4526,0.110,0.520,482.5299764961795
4527,0.110,0.525,480.9588296209912
4528,0.110,0.530,479.3886493596248
4529,0.110,0.535,477.81948298080204
4530,0.110,0.540,476.25137776718026
4531,0.110,0.545,474.6843810066064
4532,0.110,0.550,473.11853998332543
4533,0.110,0.555,471.5539019691478
4534,0.110,0.560,469.9905142145787
4535,0.110,0.565,468.42842393991407
4536,0.110,0.570,466.86767832630744
4537,0.110,0.575,465.3083245068108
4538,0.110,0.580,463.7504095573945
4539,0.110,0.585,462.19398048795017
4540,0.110,0.590,460.6390842332804
4541,0.110,0.595,459.0857676440803
4542,0.110,0.600,457.5340774779142
4543,0.110,0.605,455.984060390193
4544,0.110,0.610,454.4357629251547
4545,0.110,0.615,452.889231506855
4546,0.110,0.620,451.34451243016997
4547,0.110,0.625,449.80165185181653
4548,0.110,0.630,448.26069578139436
4549,0.110,0.635,446.7216900724546
4550,0.110,0.640,445.18468041359847
4551,0.110,0.645,443.64971231961164
4552,0.110,0.650,442.11683112263705
4553,0.110,0.655,440.58608196339287
4554,0.110,0.660,439.05750978243657
4555,0.110,0.665,437.53115931148335
4556,0.110,0.670,436.00707506478034
4557,0.110,0.675,434.4853013305419
4558,0.110,0.680,432.96588216245055
4559,0.110,0.685,431.44886137122717
4560,0.110,0.690,429.9342825162747
4561,0.110,0.695,428.4221888974003
4562,0.110,0.700,426.9126235466189
4563,0.110,0.705,425.40562922004267
4564,0.110,0.710,423.9012483898611
4565,0.110,0.715,422.399523236414
4566,0.110,0.720,420.9004956403628
4567,0.110,0.725,419.40420717496374
4568,0.110,0.730,417.9106990984449
4569,0.110,0.735,416.4200123464942
4570,0.110,0.740,414.9321875248579
4571,0.110,0.745,413.4472649020562
4572,0.110,0.750,411.96528440221795
4573,0.110,0.755,410.4862855980383
4574,0.110,0.760,409.01030770386194
4575,0.110,0.765,407.53738956889526
4576,0.110,0.770,406.0675696705516
4577,0.110,0.775,404.6008861079309
4578,0.110,0.780,403.13737659543693
4579,0.110,0.785,401.6770784565367
4580,0.110,0.790,400.2200286176615
4581,0.110,0.795,398.7662636022553
4582,0.110,0.800,397.3158195249707
4583,0.110,0.805,395.86873208601565
4584,0.110,0.810,394.42503656565384
4585,0.110,0.815,392.9847678188587
4586,0.110,0.820,391.5479602701259
4587,0.110,0.825,390.1146479084437
4588,0.110,0.830,388.68486428242426
4589,0.110,0.835,387.25864249559737
4590,0.110,0.840,385.83601520186767
4591,0.110,0.845,384.41701460113734
4592,0.110,0.850,383.00167243509475
4593,0.110,0.855,381.59001998317143
4594,0.110,0.860,380.1820880586671
4595,0.110,0.865,378.7779070050443
4596,0.110,0.870,377.37750669239387
4597,0.110,0.875,375.9809165140705
4598,0.110,0.880,374.58816538350084
4599,0.110,0.885,373.1992817311631
4600,0.110,0.890,371.81429350173903
4601,0.110,0.895,370.43322815143796
4602,0.110,0.900,369.0561126454942
4603,0.110,0.905,367.6829734558363
4604,0.110,0.910,366.3138365589289
4605,0.110,0.915,364.9487274337867
4606,0.110,0.920,363.5876710601598
4607,0.110,0.925,362.2306919168904
4608,0.110,0.930,360.8778139804404
4609,0.110,0.935,359.5290607235878
4610,0.110,0.940,358.1844551142933
4611,0.110,0.945,356.84401961473395
4612,0.110,0.950,355.5077761805048
4613,0.110,0.955,354.17574625998475
4614,0.110,0.960,352.84795079386953
4615,0.110,0.965,351.52441021486504
4616,0.110,0.970,350.20514444754514
4617,0.110,0.975,348.89017290836796
4618,0.110,0.980,347.57951450585176
4619,0.110,0.985,346.2731876409076
4620,0.110,0.990,344.9712102073271
4621,0.110,0.995,343.67359959242367
4622,0.110,1.000,342.38037267782494
4623,0.115,0.000,641.6716181300054
4624,0.115,0.005,640.2153589472715
4625,0.115,0.010,638.7563989454948
4626,0.115,0.015,637.2947560630962
4627,0.115,0.020,635.830448589517
4628,0.115,0.025,634.3634951671365
4629,0.115,0.030,632.8939147931357
4630,0.115,0.035,631.421726821306
4631,0.115,0.040,629.9469509638029
4632,0.115,0.045,628.4696072928396
4633,0.115,0.050,626.9897162423213
4634,0.115,0.055,625.5072986094175
4635,0.115,0.060,624.0223755560706
4636,0.115,0.065,622.5349686104395
4637,0.115,0.070,621.0450996682736
4638,0.115,0.075,619.5527909942214
4639,0.115,0.080,618.0580652230645
4640,0.115,0.085,616.5609453608806
4641,0.115,0.090,615.0614547861313
4642,0.115,0.095,613.5596172506735
4643,0.115,0.100,612.0554568806916
4644,0.115,0.105,610.5489981775514
4645,0.115,0.110,609.040266018569
4646,0.115,0.115,607.5292856576984
4647,0.115,0.120,606.016082726132
4648,0.115,0.125,604.5006832328131
4649,0.115,0.130,602.9831135648604
4650,0.115,0.135,601.4634004878993
4651,0.115,0.140,599.9415711463025
4652,0.115,0.145,598.417653063333
4653,0.115,0.150,596.8916741411929
4654,0.115,0.155,595.3636626609718
4655,0.115,0.160,593.8336472824973
4656,0.115,0.165,592.3016570440806
4657,0.115,0.170,590.7677213621614
4658,0.115,0.175,589.231870030846
4659,0.115,0.180,587.6941332213383
4660,0.115,0.185,586.1545414812631
4661,0.115,0.190,584.6131257338789
4662,0.115,0.195,583.0699172771778
4663,0.115,0.200,581.5249477828746
4664,0.115,0.205,579.9782492952781
4665,0.115,0.210,578.429854230049
4666,0.115,0.215,576.879795372837
4667,0.115,0.220,575.3281058778014
4668,0.115,0.225,573.7748192660104
4669,0.115,0.230,572.2199694237178
4670,0.115,0.235,570.6635906005168
4671,0.115,0.240,569.1057174073716
4672,0.115,0.245,567.5463848145195
4673,0.115,0.250,565.9856281492507
4674,0.115,0.255,564.4234830935574
4675,0.115,0.260,562.8599856816556
4676,0.115,0.265,561.2951722973771
4677,0.115,0.270,559.7290796714309
4678,0.115,0.275,558.1617448785328
4679,0.115,0.280,556.5932053344038
4680,0.115,0.285,555.0234987926353
4681,0.115,0.290,553.4526633414197
4682,0.115,0.295,551.88073740015
4683,0.115,0.300,550.3077597158804
4684,0.115,0.305,548.7337693596569
4685,0.115,0.310,547.1588057227084
4686,0.115,0.315,545.5829085125054
4687,0.115,0.320,544.0061177486799
4688,0.115,0.325,542.4284737588135
4689,0.115,0.330,540.8500171740847
4690,0.115,0.335,539.2707889247849
4691,0.115,0.340,537.6908302356956
4692,0.115,0.345,536.1101826213317
4693,0.115,0.350,534.5288878810487
4694,0.115,0.355,532.9469880940161
4695,0.115,0.360,531.3645256140559
4696,0.115,0.365,529.781543064347
4697,0.115,0.370,528.1980833319979
4698,0.115,0.375,526.6141895624856
4699,0.115,0.380,525.0299051539643
4700,0.115,0.385,523.4452737514429
4701,0.115,0.390,521.8603392408336
4702,0.115,0.395,520.2751457428716
4703,0.115,0.400,518.6897376069094
4704,0.115,0.405,517.104159404583
4705,0.115,0.410,515.518455923356
4706,0.115,0.415,513.9326721599402
4707,0.115,0.420,512.3468533135951
4708,0.115,0.425,510.7610447793084
4709,0.115,0.430,509.1752921408592
4710,0.115,0.435,507.5896411637649
4711,0.115,0.440,506.00413778811634
4712,0.115,0.445,504.4188281212988
4713,0.115,0.450,502.833758430608
4714,0.115,0.455,501.2489751357545
4715,0.115,0.460,499.66452480126867
4716,0.115,0.465,498.0804541287997
4717,0.115,0.470,496.49680994931856
4718,0.115,0.475,494.9136392152225
4719,0.115,0.480,493.3309889923468
4720,0.115,0.485,491.74890645188617
4721,0.115,0.490,490.1674388622273
4722,0.115,0.495,488.5866335806976
4723,0.115,0.500,487.00653804523233
4724,0.115,0.505,485.42719976596345
4725,0.115,0.510,483.8486663167332
4726,0.115,0.515,482.2709853265371
4727,0.115,0.520,480.69420447089766
4728,0.115,0.525,479.11837146317527
4729,0.115,0.530,477.54353404581707
4730,0.115,0.535,475.9697399815493
4731,0.115,0.540,474.3970370445167
4732,0.115,0.545,472.82547301137197
4733,0.115,0.550,471.2550956523201
4734,0.115,0.555,469.6859527221216
4735,0.115,0.560,468.1180919510575
4736,0.115,0.565,466.55156103586177
4737,0.115,0.570,464.98640763062446
4738,0.115,0.575,463.42267933766954
4739,0.115,0.580,461.8604236984126
4740,0.115,0.585,460.2996881842016
4741,0.115,0.590,458.7405201871462
4742,0.115,0.595,457.1829670109384
4743,0.115,0.600,455.62707586167096
4744,0.115,0.605,454.0728938386564
4745,0.115,0.610,452.52046792525135
4746,0.115,0.615,450.96984497969146
4747,0.115,0.620,449.42107172594035
4748,0.115,0.625,447.87419474455777
4749,0.115,0.630,446.3292604635915
4750,0.115,0.635,444.7863151494964
4751,0.115,0.640,443.2454048980872
4752,0.115,0.645,441.70657562552753
4753,0.115,0.650,440.16987305936044
4754,0.115,0.655,438.63534272958486
4755,0.115,0.660,437.10302995978344
4756,0.115,0.665,435.5729798583038
4757,0.115,0.670,434.0452373095001
4758,0.115,0.675,432.5198469650383
4759,0.115,0.680,430.9968532352686
4760,0.115,0.685,429.4763002806713
4761,0.115,0.690,427.9582320033788
4762,0.115,0.695,426.4426920387781
4763,0.115,0.700,424.9297237471989
4764,0.115,0.705,423.4193702056909
4765,0.115,0.710,421.9116741998933
4766,0.115,0.715,420.4066782160033
4767,0.115,0.720,418.904424432844
4768,0.115,0.725,417.40495471403835
4769,0.115,0.730,415.9083106002917
4770,0.115,0.735,414.4145333017868
4771,0.115,0.740,412.92366369069504
4772,0.115,0.745,411.43574229380766
4773,0.115,0.750,409.9508092852897
4774,0.115,0.755,408.46890447956133
4775,0.115,0.760,406.99006732430814
4776,0.115,0.765,405.5143368936253
4777,0.115,0.770,404.0417518812976
4778,0.115,0.775,402.57235059421873
4779,0.115,0.780,401.10617094595267
4780,0.115,0.785,399.64325045044
4781,0.115,0.790,398.1836262158518
4782,0.115,0.795,396.7273349385933
4783,0.115,0.800,395.27441289746093
4784,0.115,0.805,393.8248959479537
4785,0.115,0.810,392.3788195167415
4786,0.115,0.815,390.93621859629394
4787,0.115,0.820,389.49712773966866
4788,0.115,0.825,388.0615810554645
4789,0.115,0.830,386.6296122029387
4790,0.115,0.835,385.2012543872904
4791,0.115,0.840,383.77654035511284
4792,0.115,0.845,382.35550239001486
4793,0.115,0.850,380.93817230841273
4794,0.115,0.855,379.52458145549423
4795,0.115,0.860,378.1147607013549
4796,0.115,0.865,376.7087404373091
4797,0.115,0.870,375.30655057237425
4798,0.115,0.875,373.9082205299314
4799,0.115,0.880,372.5137792445604
4800,0.115,0.885,371.123255159052
4801,0.115,0.890,369.7366762215951
4802,0.115,0.895,368.35406988314173
4803,0.115,0.900,366.9754630949474
4804,0.115,0.905,365.6008823062881
4805,0.115,0.910,364.2303534623535
4806,0.115,0.915,362.86390200231637
4807,0.115,0.920,361.50155285757603
4808,0.115,0.925,360.1433304501775
4809,0.115,0.930,358.7892586914049
4810,0.115,0.935,357.4393609805473
4811,0.115,0.940,356.0936602038376
4812,0.115,0.945,354.752178733562
4813,0.115,0.950,353.4149384273406
4814,0.115,0.955,352.0819606275762
4815,0.115,0.960,350.7532661610713
4816,0.115,0.965,349.42887533881077
4817,0.115,0.970,348.10880795590987
4818,0.115,0.975,346.7930832917249
4819,0.115,0.980,345.48172011012554
4820,0.115,0.985,344.1747366599262
4821,0.115,0.990,342.87215067547635
4822,0.115,0.995,341.5739793774049
4823,0.115,1.000,340.2802394735197
4824,0.120,0.000,640.3822504012305
4825,0.120,0.005,638.9207440194956
4826,0.120,0.010,637.4565240243692
4827,0.120,0.015,635.9896085496765
4828,0.120,0.020,634.5200160846708
4829,0.120,0.025,633.0477654759827
4830,0.120,0.030,631.5728759295148
4831,0.120,0.035,630.0953670122813
4832,0.120,0.040,628.6152586541895
4833,0.120,0.045,627.1325711497625
4834,0.120,0.050,625.6473251598012
4835,0.120,0.055,624.1595417129812
4836,0.120,0.060,622.6692422073876
4837,0.120,0.065,621.1764484119811
4838,0.120,0.070,619.6811824679969
4839,0.120,0.075,618.183466890272
4840,0.120,0.080,616.6833245685009
4841,0.120,0.085,615.180778768417
4842,0.120,0.090,613.6758531328979
4843,0.120,0.095,612.1685716829927
4844,0.120,0.100,610.6589588188692
4845,0.120,0.105,609.1470393206802
4846,0.120,0.110,607.6328383493444
4847,0.120,0.115,606.1163814472442
4848,0.120,0.120,604.597694538834
4849,0.120,0.125,603.0768039311606
4850,0.120,0.130,601.553736314291
4851,0.120,0.135,600.0285187616493
4852,0.120,0.140,598.5011787302565
4853,0.120,0.145,596.9717440608752
4854,0.120,0.150,595.4402429780549
4855,0.120,0.155,593.9067040900777
4856,0.120,0.160,592.3711563888013
4857,0.120,0.165,590.8336292493981
4858,0.120,0.170,589.2941524299894
4859,0.120,0.175,587.7527560711715
4860,0.120,0.180,586.2094706954329
4861,0.120,0.185,584.6643272064614
4862,0.120,0.190,583.117356888338
4863,0.120,0.195,581.5685914046168
4864,0.120,0.200,580.0180627972907
4865,0.120,0.205,578.465803485638
4866,0.120,0.210,576.9118462649527
4867,0.120,0.215,575.3562243051515
4868,0.120,0.220,573.7989711492628
4869,0.120,0.225,572.2401207117911
4870,0.120,0.230,570.6797072769558
4871,0.120,0.235,569.1177654968078
4872,0.120,0.240,567.5543303892159
4873,0.120,0.245,565.9894373357276
4874,0.120,0.250,564.4231220792993
4875,0.120,0.255,562.855420721897
4876,0.120,0.260,561.2863697219653
4877,0.120,0.265,559.7160058917652
4878,0.120,0.270,558.1443663945767
4879,0.120,0.275,556.5714887417698
4880,0.120,0.280,554.9974107897388
4881,0.120,0.285,553.4221707367018
4882,0.120,0.290,551.8458071193651
4883,0.120,0.295,550.2683588094482
4884,0.120,0.300,548.6898650100749
4885,0.120,0.305,547.1103652520237
4886,0.120,0.310,545.5298993898422
4887,0.120,0.315,543.9485075978226
4888,0.120,0.320,542.3662303658383
4889,0.120,0.325,540.7831084950427
4890,0.120,0.330,539.1991830934277
4891,0.120,0.335,537.6144955712468
4892,0.120,0.340,536.0290876362965
4893,0.120,0.345,534.4430012890609
4894,0.120,0.350,532.8562788177186
4895,0.120,0.355,531.2689627930124
4896,0.120,0.360,529.6810960629806
4897,0.120,0.365,528.0927217475539
4898,0.120,0.370,526.5038832330152
4899,0.120,0.375,524.9146241663246
4900,0.120,0.380,523.3249884493123
4901,0.120,0.385,521.735020232735
4902,0.120,0.390,520.144763910205
4903,0.120,0.395,518.554264111984
4904,0.120,0.400,516.9635656986507
4905,0.120,0.405,515.3727137546389
4906,0.120,0.410,513.7817535816497
4907,0.120,0.415,512.1907306919383
4908,0.120,0.420,510.5996908014779
4909,0.120,0.425,509.0086798230016
4910,0.120,0.430,507.41774385892575
4911,0.120,0.435,505.82692919415445
4912,0.120,0.440,504.23628228876987
4913,0.120,0.445,502.6458497706081
4914,0.120,0.450,501.05567842772496
4915,0.120,0.455,499.46581520075284
4916,0.120,0.460,497.8763071751519
4917,0.120,0.465,496.28720157335664
4918,0.120,0.470,494.6985457468237
4919,0.120,0.475,493.11038716797924
4920,0.120,0.480,491.5227734220742
4921,0.120,0.485,489.9357521989441
4922,0.120,0.490,488.3493712846831
4923,0.120,0.495,486.76367855322997
4924,0.120,0.500,485.17872195787237
4925,0.120,0.505,483.59454952267174
4926,0.120,0.510,482.01120933381293
4927,0.120,0.515,480.4287495308805
4928,0.120,0.520,478.8472182980674
4929,0.120,0.525,477.26666385531763
4930,0.120,0.530,475.6871344494091
4931,0.120,0.535,474.10867834497736
4932,0.120,0.540,472.53134381548716
4933,0.120,0.545,470.95517913415387
4934,0.120,0.550,469.3802325648196
4935,0.120,0.555,467.8065523527877
4936,0.120,0.560,466.23418671562007
4937,0.120,0.565,464.66318383390177
4938,0.120,0.570,463.0935918419762
4939,0.120,0.575,461.525458818657
4940,0.120,0.580,459.95883277791813
4941,0.120,0.585,458.39376165956963
4942,0.120,0.590,456.8302933199221
4943,0.120,0.595,455.2684755224436
4944,0.120,0.600,453.70835592841496
4945,0.120,0.605,452.14998208758726
4946,0.120,0.610,450.5934014288459
4947,0.120,0.615,449.0386612508867
4948,0.120,0.620,447.4858087129071
4949,0.120,0.625,445.9348908253193
4950,0.120,0.630,444.3859544404871
4951,0.120,0.635,442.83904624349424
4952,0.120,0.640,441.2942127429458
4953,0.120,0.645,439.7515002618098
4954,0.120,0.650,438.2109549283019
4955,0.120,0.655,436.6726226668184
4956,0.120,0.660,435.13654918892286
4957,0.120,0.665,433.6027799843886
4958,0.120,0.670,432.071360312305
4959,0.120,0.675,430.5423351922489
4960,0.120,0.680,429.0157493955274
4961,0.120,0.685,427.4916474364954
4962,0.120,0.690,425.97007356395403
4963,0.120,0.695,424.4510717526317
4964,0.120,0.700,422.93468569475397
4965,0.120,0.705,421.42095879170625
4966,0.120,0.710,419.909934145792
4967,0.120,0.715,418.4016545520935
4968,0.120,0.720,416.89616249043485
4969,0.120,0.725,415.39350011745597
4970,0.120,0.730,413.89370925879786
4971,0.120,0.735,412.3968314014043
4972,0.120,0.740,410.90290768594383
4973,0.120,0.745,409.41197889935546
4974,0.120,0.750,407.9240854675214
4975,0.120,0.755,406.4392674480703
4976,0.120,0.760,404.9575645233147
4977,0.120,0.765,403.47901599332585
4978,0.120,0.770,402.0036607691484
4979,0.120,0.775,400.531537366159
4980,0.120,0.780,399.06268389757093
4981,0.120,0.785,397.5971380680881
4982,0.120,0.790,396.1349371677108
4983,0.120,0.795,394.6761180656959
4984,0.120,0.800,393.2207172046743
4985,0.120,0.805,391.76877059492733
4986,0.120,0.810,390.320313808825
4987,0.120,0.815,388.8753819754275
4988,0.120,0.820,387.4340097752532
4989,0.120,0.825,385.99623143521336
4990,0.120,0.830,384.56208072371675
4991,0.120,0.835,383.1315909459449
4992,0.120,0.840,381.70479493929963
4993,0.120,0.845,380.28172506902513
4994,0.120,0.850,378.8624132240041
4995,0.120,0.855,377.44689081273094
4996,0.120,0.860,376.0351887594615
4997,0.120,0.865,374.62733750054076
4998,0.120,0.870,373.2233669809099
4999,0.120,0.875,371.82330665079206
5000,0.120,0.880,370.42718546255804
5001,0.120,0.885,369.03503186777243
5002,0.120,0.890,367.64687381441956
5003,0.120,0.895,366.26273874431024
5004,0.120,0.900,364.88265359066895
5005,0.120,0.905,363.50664477590124
5006,0.120,0.910,362.1347382095405
5007,0.120,0.915,360.7669592863754
5008,0.120,0.920,359.4033328847553
5009,0.120,0.925,358.04388336507463
5010,0.120,0.930,356.68863456843474
5011,0.120,0.935,355.3376098154825
5012,0.120,0.940,353.9908319054249
5013,0.120,0.945,352.6483231152176
5014,0.120,0.950,351.31010519892806
5015,0.120,0.955,349.97619938727
5016,0.120,0.960,348.64662638730897
5017,0.120,0.965,347.32140638233665
5018,0.120,0.970,346.0005590319138
5019,0.120,0.975,344.6841034720782
5020,0.120,0.980,343.37205831571765
5021,0.120,0.985,342.06444165310336
5022,0.120,0.990,340.7612710525863
5023,0.120,0.995,339.4625635614495
5024,0.120,1.000,338.1683357069176
5025,0.125,0.000,639.086328885221
5026,0.125,0.005,637.6195309248731
5027,0.125,0.010,636.1500063695561
5028,0.125,0.015,634.6777735507703
5029,0.125,0.020,633.2028511599309
5030,0.125,0.025,631.7252582503492
5031,0.125,0.030,630.2450142391601
5032,0.125,0.035,628.7621389091933
5033,0.125,0.040,627.2766524107834
5034,0.125,0.045,625.7885752635232
5035,0.125,0.050,624.2979283579518
5036,0.125,0.055,622.8047329571808
5037,0.125,0.060,621.3090106984533
5038,0.125,0.065,619.810783594635
5039,0.125,0.070,618.3100740356365
5040,0.125,0.075,616.8069047897628
5041,0.125,0.080,615.3012990049901
5042,0.125,0.085,613.7932802101664
5043,0.125,0.090,612.2828723161347
5044,0.125,0.095,610.7700996167778
5045,0.125,0.100,609.2549867899797
5046,0.125,0.105,607.7375588985066
5047,0.125,0.110,606.2178413907994
5048,0.125,0.115,604.6958601016822
5049,0.125,0.120,603.1716412529795
5050,0.125,0.125,601.6452114540436
5051,0.125,0.130,600.1165977021888
5052,0.125,0.135,598.5858273830308
5053,0.125,0.140,597.0529282707294
5054,0.125,0.145,595.5179285281325
5055,0.125,0.150,593.9808567068209
5056,0.125,0.155,592.441741747048
5057,0.125,0.160,590.900612977579
5058,0.125,0.165,589.3575001154222
5059,0.125,0.170,587.8124332654515
5060,0.125,0.175,586.2654429199227
5061,0.125,0.180,584.7165599578752
5062,0.125,0.185,583.1658156444231
5063,0.125,0.190,581.6132416299314
5064,0.125,0.195,580.0588699490739
5065,0.125,0.200,578.502733019777
5066,0.125,0.205,576.9448636420398
5067,0.125,0.210,575.3852949966367
5068,0.125,0.215,573.8240606436958
5069,0.125,0.220,572.2611945211535
5070,0.125,0.225,570.6967309430836
5071,0.125,0.230,569.1307045979007
5072,0.125,0.235,567.563150546434
5073,0.125,0.240,565.9941042198728
5074,0.125,0.245,564.423601417581
5075,0.125,0.250,562.8516783047802
5076,0.125,0.255,561.2783714100988
5077,0.125,0.260,559.7037176229887
5078,0.125,0.265,558.1277541910066
5079,0.125,0.270,556.5505187169581
5080,0.125,0.275,554.9720491559074
5081,0.125,0.280,553.3923838120471
5082,0.125,0.285,551.811561335432
5083,0.125,0.290,550.2296207185717
5084,0.125,0.295,548.6466012928853
5085,0.125,0.300,547.0625427250156
5086,0.125,0.305,545.4774850130032
5087,0.125,0.310,543.8914684823176
5088,0.125,0.315,542.3045337817518
5089,0.125,0.320,540.71672187917
5090,0.125,0.325,539.1280740571183
5091,0.125,0.330,537.5386319082911
5092,0.125,0.335,535.9484373308591
5093,0.125,0.340,534.3575325236521
5094,0.125,0.345,532.765959981205
5095,0.125,0.350,531.1737624886596
5096,0.125,0.355,529.5809831165288
5097,0.125,0.360,527.9876652153197
5098,0.125,0.365,526.3938524100183
5099,0.125,0.370,524.7995885944351
5100,0.125,0.375,523.2049179254144
5101,0.125,0.380,521.6098848169054
5102,0.125,0.385,520.0145339338994
5103,0.125,0.390,518.4189101862313
5104,0.125,0.395,516.8230587222481
5105,0.125,0.400,515.2270249223466
5106,0.125,0.405,513.6308543923783
5107,0.125,0.410,512.034592956928
5108,0.125,0.415,510.4382866524635
5109,0.125,0.420,508.8419817203596
5110,0.125,0.425,507.24572459979936
5111,0.125,0.430,505.6495619205532
5112,0.125,0.435,504.0535404956379
5113,0.125,0.440,502.45770731385863
5114,0.125,0.445,500.8621095322353
5115,0.125,0.450,499.26679446831616
5116,0.125,0.455,497.6718095923813
5117,0.125,0.460,496.07720251953765
5118,0.125,0.465,494.4830210017092
5119,0.125,0.470,492.8893129195252
5120,0.125,0.475,491.2961262741076
5121,0.125,0.480,489.7035091787639
5122,0.125,0.485,488.11150985058407
5123,0.125,0.490,486.52017660194986
5124,0.125,0.495,484.9295578319547
5125,0.125,0.500,483.3397020177417
5126,0.125,0.505,481.75065770576003
5127,0.125,0.510,480.1624735029457
5128,0.125,0.515,478.5751980678286
5129,0.125,0.520,476.9888801015702
5130,0.125,0.525,475.40356833893594
5131,0.125,0.530,473.8193115392058
5132,0.125,0.535,472.2361584770267
5133,0.125,0.540,470.65415793321165
5134,0.125,0.545,469.0733586854886
5135,0.125,0.550,467.49380949920425
5136,0.125,0.555,465.9155591179864
5137,0.125,0.560,464.33865625436886
5138,0.125,0.565,462.76314958038364
5139,0.125,0.570,461.1890877181257
5140,0.125,0.575,459.61651923029194
5141,0.125,0.580,458.0454926107031
5142,0.125,0.585,456.4760562748083
5143,0.125,0.590,454.908258550181
5144,0.125,0.595,453.3421476670085
5145,0.125,0.600,451.77777174858016
5146,0.125,0.605,450.2151788017797
5147,0.125,0.610,448.65441670758497
5148,0.125,0.615,447.0955332115811
5149,0.125,0.620,445.53857591449156
5150,0.125,0.625,443.98359226273067
5151,0.125,0.630,442.43062953898425
5152,0.125,0.635,440.8797348528213
5153,0.125,0.640,439.33095513134236
5154,0.125,0.645,437.7843371098696
5155,0.125,0.650,436.2399273226827
5156,0.125,0.655,434.69777209380504
5157,0.125,0.660,433.1579175278456
5158,0.125,0.665,431.620409500901
5159,0.125,0.670,430.0852936515225
5160,0.125,0.675,428.55261537175073
5161,0.125,0.680,427.02241979822657
5162,0.125,0.685,425.49475180337816
5163,0.125,0.690,423.96965598669226
5164,0.125,0.695,422.4471766660721
5165,0.125,0.700,420.92735786928665
5166,0.125,0.705,419.4102433255165
5167,0.125,0.710,417.8958764569989
5168,0.125,0.715,416.38430037077813
5169,0.125,0.720,414.8755578505633
5170,0.125,0.725,413.36969134869906
5171,0.125,0.730,411.86674297825294
5172,0.125,0.735,410.36675450522205
5173,0.125,0.740,408.86976734086477
5174,0.125,0.745,407.3758225341594
5175,0.125,0.750,405.88496076439446
5176,0.125,0.755,404.39722233389386
5177,0.125,0.760,402.9126471608799
5178,0.125,0.765,401.43127477247805
5179,0.125,0.770,399.95314429786623
5180,0.125,0.775,398.478294461572
5181,0.125,0.780,397.0067635769206
5182,0.125,0.785,395.53858953963584
5183,0.125,0.790,394.0738098215986
5184,0.125,0.795,392.612461464763
5185,0.125,0.800,391.1545810752348
5186,0.125,0.805,389.70020481751334
5187,0.125,0.810,388.2493684088999
5188,0.125,0.815,386.8021071140736
5189,0.125,0.820,385.3584557398383
5190,0.125,0.825,383.9184486300413
5191,0.125,0.830,382.48211966066566
5192,0.125,0.835,381.0495022350984
5193,0.125,0.840,379.620629279575
5194,0.125,0.845,378.1955332388036
5195,0.125,0.850,376.7742460717668
5196,0.125,0.855,375.3567992477057
5197,0.125,0.860,373.9432237422846
5198,0.125,0.865,372.53355003393847
5199,0.125,0.870,371.12780810040323
5200,0.125,0.875,369.7260274154305
5201,0.125,0.880,368.3282369456848
5202,0.125,0.885,366.934465147827
5203,0.125,0.890,365.54473996578065
5204,0.125,0.895,364.1590888281843
5205,0.125,0.900,362.77753864602704
5206,0.125,0.905,361.40011581046923
5207,0.125,0.910,360.0268461908466
5208,0.125,0.915,358.6577551328578
5209,0.125,0.920,357.29286745693537
5210,0.125,0.925,355.93220745679787
5211,0.125,0.930,354.5757988981843
5212,0.125,0.935,353.22366501776787
5213,0.125,0.940,351.8758285222503
5214,0.125,0.945,350.5323115876326
5215,0.125,0.950,349.1931358586644
5216,0.125,0.955,347.85832244846733
5217,0.125,0.960,346.5278919383328
5218,0.125,0.965,345.2018643776927
5219,0.125,0.970,343.88025928425935
5220,0.125,0.975,342.5630956443357
5221,0.125,0.980,341.2503919132915
5222,0.125,0.985,339.9421660162047
5223,0.125,0.990,338.6384353486658
5224,0.125,0.995,337.3392167777428
5225,0.125,1.000,336.04452664310475
5226,0.130,0.000,637.783791824425
5227,0.130,0.005,636.3116572519817
5228,0.130,0.010,634.8367829109586
5229,0.130,0.015,633.3591873328236
5230,0.130,0.020,631.8788894135273
5231,0.130,0.025,630.3959084155177
5232,0.130,0.030,628.9102639697012
5233,0.130,0.035,627.4219760773441
5234,0.130,0.040,625.9310651119164
5235,0.130,0.045,624.4375518208727
5236,0.130,0.050,622.9414573273708
5237,0.130,0.055,621.4428031319252
5238,0.130,0.060,619.941611113992
5239,0.130,0.065,618.4379035334872
5240,0.130,0.070,616.9317030322316
5241,0.130,0.075,615.4230326353241
5242,0.130,0.080,613.9119157524406
5243,0.130,0.085,612.3983761790529
5244,0.130,0.090,610.8824380975735
5245,0.130,0.095,609.3641260784154
5246,0.130,0.100,607.8434650809716
5247,0.130,0.105,606.3204804545074
5248,0.130,0.110,604.7951979389697
5249,0.130,0.115,603.2676436657031
5250,0.130,0.120,601.7378441580784
5251,0.130,0.125,600.2058263320274
5252,0.130,0.130,598.6716174964827
5253,0.130,0.135,597.1352453537219
5254,0.130,0.140,595.5967379996121
5255,0.130,0.145,594.0561239237547
5256,0.130,0.150,592.513432009528
5257,0.130,0.155,590.9686915340243
5258,0.130,0.160,589.421932167883
5259,0.130,0.165,587.8731839750141
5260,0.130,0.170,586.3224774122118
5261,0.130,0.175,584.7698433286575
5262,0.130,0.180,583.2153129653094
5263,0.130,0.185,581.6589179541752
5264,0.130,0.190,580.100690317471
5265,0.130,0.195,578.5406624666582
5266,0.130,0.200,576.978867201363
5267,0.130,0.205,575.415337708172
5268,0.130,0.210,573.8501075593067
5269,0.130,0.215,572.28321071117
5270,0.130,0.220,570.7146815027687
5271,0.130,0.225,569.1445546540078
5272,0.130,0.230,567.5728652638534
5273,0.130,0.235,565.9996488083681
5274,0.130,0.240,564.4249411386116
5275,0.130,0.245,562.8487784784096
5276,0.130,0.250,561.2711974219877
5277,0.130,0.255,559.6922349314704
5278,0.130,0.260,558.1119283342413
5279,0.130,0.265,556.5303153201696
5280,0.130,0.270,554.947433938693
5281,0.130,0.275,553.3633225957652
5282,0.130,0.280,551.7780200506611
5283,0.130,0.285,550.1915654126402
5284,0.130,0.290,548.6039981374709
5285,0.130,0.295,547.0153580238092
5286,0.130,0.300,545.4256852094368
5287,0.130,0.305,543.8350201673552
5288,0.130,0.310,542.243403701735
5289,0.130,0.315,540.6508769437236
5290,0.130,0.320,539.0574813471053
5291,0.130,0.325,537.4632586838214
5292,0.130,0.330,535.8682510393412
5293,0.130,0.335,534.2725008078933
5294,0.130,0.340,532.6760506875486
5295,0.130,0.345,531.0789436751637
5296,0.130,0.350,529.4812230611765
5297,0.130,0.355,527.8829324242624
5298,0.130,0.360,526.284115625846
5299,0.130,0.365,524.6848168044711
5300,0.130,0.370,523.0850803700305
5301,0.130,0.375,521.4849509978542
5302,0.130,0.380,519.8844736226598
5303,0.130,0.385,518.2836934323635
5304,0.130,0.390,516.6826558617543
5305,0.130,0.395,515.0814065860325
5306,0.130,0.400,513.4799915142135
5307,0.130,0.405,511.8784567823989
5308,0.130,0.410,510.276848746916
5309,0.130,0.415,508.6752139773276
5310,0.130,0.420,507.0735992493134
5311,0.130,0.425,505.47205153742624
5312,0.130,0.430,503.8706180077241
5313,0.130,0.435,502.2693460102791
5314,0.130,0.440,500.6682830715688
5315,0.130,0.445,499.06747688674824
5316,0.130,0.450,497.4669753118084
5317,0.130,0.455,495.8668263556216
5318,0.130,0.460,494.2670781718775
5319,0.130,0.465,492.6677790509119
5320,0.130,0.470,491.0689774114324
5321,0.130,0.475,489.47072179214115
5322,0.130,0.480,487.87306084326144
5323,0.130,0.485,486.2760433179682
5324,0.130,0.490,484.67971806372714
5325,0.130,0.495,483.084134013546
5326,0.130,0.500,481.4893401771405
5327,0.130,0.505,479.89538563201916
5328,0.130,0.510,478.30231951449053
5329,0.130,0.515,476.7101910105966
5330,0.130,0.520,475.1190493469757
5331,0.130,0.525,473.52894378165973
5332,0.130,0.530,471.9399235948083
5333,0.130,0.535,470.3520380793861
5334,0.130,0.540,468.76533653178416
5335,0.130,0.545,467.1798682423931
5336,0.130,0.550,465.5956824861297
5337,0.130,0.555,464.0128285129222
5338,0.130,0.560,462.43135553815966
5339,0.130,0.565,460.85131273310725
5340,0.130,0.570,459.2727492152948
5341,0.130,0.575,457.69571403888204
5342,0.130,0.580,456.12025618500394
5343,0.130,0.585,454.54642455210285
5344,0.130,0.590,452.97426794625113
5345,0.130,0.595,451.40383507146845
5346,0.130,0.600,449.8351745200399
5347,0.130,0.605,448.26833476283804
5348,0.130,0.610,446.7033641396553
5349,0.130,0.615,445.1403108495507
5350,0.130,0.620,443.5792229412151
5351,0.130,0.625,442.02014830336174
5352,0.130,0.630,440.4631346551447
5353,0.130,0.635,438.90822953661217
5354,0.130,0.640,437.35548029919744
5355,0.130,0.645,435.80493409625404
5356,0.130,0.650,434.25663787363936
5357,0.130,0.655,432.71063836035086
5358,0.130,0.660,431.16698205922063
5359,0.130,0.665,429.6257152376731
5360,0.130,0.670,428.08688391854906
5361,0.130,0.675,426.55053387100355
5362,0.130,0.680,425.01671060147885
5363,0.130,0.685,423.4854593447601
5364,0.130,0.690,421.95682505511695
5365,0.130,0.695,420.430852397535
5366,0.130,0.700,418.90758573904253
5367,0.130,0.705,417.3870691401376
5368,0.130,0.710,415.86934634631723
5369,0.130,0.715,414.35446077971613
5370,0.130,0.720,412.84245553085657
5371,0.130,0.725,411.3333733505151
5372,0.130,0.730,409.8272566417093
5373,0.130,0.735,408.32414745180887
5374,0.130,0.740,406.8240874647749
5375,0.130,0.745,405.32711799353143
5376,0.130,0.750,403.8332799724711
5377,0.130,0.755,402.3426139501017
5378,0.130,0.760,400.8551600818339
5379,0.130,0.765,399.37095812291574
5380,0.130,0.770,397.89004742151565
5381,0.130,0.775,396.41246691195767
5382,0.130,0.780,394.9382551081128
5383,0.130,0.785,393.4674500969473
5384,0.130,0.790,392.0000895322327
5385,0.130,0.795,390.53621062841944
5386,0.130,0.800,389.07585015467566
5387,0.130,0.805,387.6190444290958
5388,0.130,0.810,386.16582931307886
5389,0.130,0.815,384.71624020588035
5390,0.130,0.820,383.27031203933836
5391,0.130,0.825,381.82807927277725
5392,0.130,0.830,380.3895758880895
5393,0.130,0.835,378.9548353849972
5394,0.130,0.840,377.5238907764959
5395,0.130,0.845,376.09677458448124
5396,0.130,0.850,374.67351883555926
5397,0.130,0.855,373.25415505704285
5398,0.130,0.860,371.83871427313267
5399,0.130,0.865,370.42722700128695
5400,0.130,0.870,369.0197232487777
5401,0.130,0.875,367.616232509435
5402,0.130,0.880,366.2167837605803
5403,0.130,0.885,364.8214054601477
5404,0.130,0.890,363.43012554399513
5405,0.130,0.895,362.04297142340295
5406,0.130,0.900,360.6599699827624
5407,0.130,0.905,359.28114757745186
5408,0.130,0.910,357.9065300319008
5409,0.130,0.915,356.536142637842
5410,0.130,0.920,355.1700101527493
5411,0.130,0.925,353.80815679846256
5412,0.130,0.930,352.4506062599967
5413,0.130,0.935,351.09738168453526
5414,0.130,0.940,349.7485056806065
5415,0.130,0.945,348.4040003174416
5416,0.130,0.950,347.0638871245122
5417,0.130,0.955,345.7281870912476
5418,0.130,0.960,344.3969206669288
5419,0.130,0.965,343.0701077607571
5420,0.130,0.970,341.7477677420981
5421,0.130,0.975,340.4299194408959
5422,0.130,0.980,339.11658114825747
5423,0.130,0.985,337.8077706172051
5424,0.130,0.990,336.50350506359393
5425,0.130,0.995,335.2038011671925
5426,0.130,1.000,333.90867507292495
5427,0.135,0.000,636.4745766585337
5428,0.135,0.005,634.9970597732009
5429,0.135,0.010,633.5167897486837
5430,0.135,0.015,632.0337853187324
5431,0.135,0.020,630.5480655862306
5432,0.135,0.025,629.0596500252443
5433,0.135,0.030,627.568558483017
5434,0.135,0.035,626.0748111819047
5435,0.135,0.040,624.5784287212507
5436,0.135,0.045,623.0794320791986
5437,0.135,0.050,621.5778426144404
5438,0.135,0.055,620.073682067898
5439,0.135,0.060,618.5669725643374
5440,0.135,0.065,617.0577366139113
5441,0.135,0.070,615.5459971136311
5442,0.135,0.075,614.0317773487626
5443,0.135,0.080,612.5151009941472
5444,0.135,0.085,610.9959921154442
5445,0.135,0.090,609.4744751702918
5446,0.135,0.095,607.9505750093879
5447,0.135,0.100,606.4243168774841
5448,0.135,0.105,604.8957264142955
5449,0.135,0.110,603.3648296553204
5450,0.135,0.115,601.8316530325706
5451,0.135,0.120,600.2962233752088
5452,0.135,0.125,598.7585679100919
5453,0.135,0.130,597.2187142622178
5454,0.135,0.135,595.6766904550727
5455,0.135,0.140,594.1325249108803
5456,0.135,0.145,592.586246450746
5457,0.135,0.150,591.0378842946985
5458,0.135,0.155,589.4874680616247
5459,0.135,0.160,587.9350277690961
5460,0.135,0.165,586.3805938330852
5461,0.135,0.170,584.8241970675704
5462,0.135,0.175,583.2658686840264
5463,0.135,0.180,581.7056402907995
5464,0.135,0.185,580.143543892365
5465,0.135,0.190,578.5796118884659
5466,0.135,0.195,577.0138770731306
5467,0.135,0.200,575.4463726335672
5468,0.135,0.205,573.8771321489344
5469,0.135,0.210,572.3061895889863
5470,0.135,0.215,570.7335793125894
5471,0.135,0.220,569.159336066111
5472,0.135,0.225,567.5834949816763
5473,0.135,0.230,566.0060915752945
5474,0.135,0.235,564.4271617448513
5475,0.135,0.240,562.8467417679655
5476,0.135,0.245,561.2648682997119
5477,0.135,0.250,559.6815783702048
5478,0.135,0.255,558.0969093820443
5479,0.135,0.260,556.5108991076228
5480,0.135,0.265,554.923585686291
5481,0.135,0.270,553.3350076213824
5482,0.135,0.275,551.7452037770951
5483,0.135,0.280,550.1542133752314
5484,0.135,0.285,548.5620759917912
5485,0.135,0.290,546.9688315534231
5486,0.135,0.295,545.3745203337292
5487,0.135,0.300,543.779182949423
5488,0.135,0.305,542.1828603563429
5489,0.135,0.310,540.5855938453177
5490,0.135,0.315,538.987425037885
5491,0.135,0.320,537.3883958818639
5492,0.135,0.325,535.7885486467782
5493,0.135,0.330,534.1879259191347
5494,0.135,0.335,532.5865705975524
5495,0.135,0.340,530.9845258877453
5496,0.135,0.345,529.3818352973589
5497,0.135,0.350,527.7785426306591
5498,0.135,0.355,526.1746919830769
5499,0.135,0.360,524.5703277356056
5500,0.135,0.365,522.9654945490552
5501,0.135,0.370,521.360237358161
5502,0.135,0.375,519.7546013655513
5503,0.135,0.380,518.1486320355708
5504,0.135,0.385,516.5423750879639
5505,0.135,0.390,514.9358764914191
5506,0.135,0.395,513.3291824569728
5507,0.135,0.400,511.7223394312783
5508,0.135,0.405,510.11539408973687
5509,0.135,0.410,508.5083933294971
5510,0.135,0.415,506.9013842623201
5511,0.135,0.420,505.2944142073157
5512,0.135,0.425,503.68753068354914
5513,0.135,0.430,502.0807814025227
5514,0.135,0.435,500.4742142605315
5515,0.135,0.440,498.8678773308995
5516,0.135,0.445,497.2618188560937
5517,0.135,0.450,495.6560872397236
5518,0.135,0.455,494.0507310384244
5519,0.135,0.460,492.44579895363046
5520,0.135,0.465,490.84133982323834
5521,0.135,0.470,489.23740261316493
5522,0.135,0.475,487.6340364088031
5523,0.135,0.480,486.0312904063767
5524,0.135,0.485,484.4292139041997
5525,0.135,0.490,482.82785629384307
5526,0.135,0.495,481.227267051211
5527,0.135,0.500,479.6274957275316
5528,0.135,0.505,478.02859194026524
5529,0.135,0.510,476.43060536393426
5530,0.135,0.515,474.8335857208779
5531,0.135,0.520,473.2375827719364
5532,0.135,0.525,471.6426463070681
5533,0.135,0.530,470.0488261359038
5534,0.135,0.535,468.4561720782427
5535,0.135,0.540,466.8647339544936
5536,0.135,0.545,465.27456157606633
5537,0.135,0.550,463.6857047357175
5538,0.135,0.555,462.09821319785436
5539,0.135,0.560,460.5121366888034
5540,0.135,0.565,458.927524887045
5541,0.135,0.570,457.3444274134219
5542,0.135,0.575,455.7628938213246
5543,0.135,0.580,454.18297358685766
5544,0.135,0.585,452.6047160989942
5545,0.135,0.590,451.0281706497209
5546,0.135,0.595,449.45338642417937
5547,0.135,0.600,447.8804124908096
5548,0.135,0.605,446.3092977914979
5549,0.135,0.610,444.7400911317377
5550,0.135,0.615,443.17284117080527
5551,0.135,0.620,441.607596411957
5552,0.135,0.625,440.04440519265165
5553,0.135,0.630,438.4833156748052
5554,0.135,0.635,436.9243758350803
5555,0.135,0.640,435.3676334552166
5556,0.135,0.645,433.8131361124083
5557,0.135,0.650,432.2609311697308
5558,0.135,0.655,430.71106576662413
5559,0.135,0.660,429.16358680943733
5560,0.135,0.665,427.6185409620372
5561,0.135,0.670,426.0759746364886
5562,0.135,0.675,424.5359339838095
5563,0.135,0.680,422.9984648848062
5564,0.135,0.685,421.4636129409929
5565,0.135,0.690,419.9314234656011
5566,0.135,0.695,418.401941474683
5567,0.135,0.700,416.8752116783129
5568,0.135,0.705,415.3512784718927
5569,0.135,0.710,413.83018592756395
5570,0.135,0.715,412.31197778573215
5571,0.135,0.720,410.79669744670696
5572,0.135,0.725,409.28438796246354
5573,0.135,0.730,407.77509202852656
5574,0.135,0.735,406.2688519759848
5575,0.135,0.740,404.76570976363615
5576,0.135,0.745,403.26570697027046
5577,0.135,0.750,401.76888478709066
5578,0.135,0.755,400.27528401027865
5579,0.135,0.760,398.78494503370763
5580,0.135,0.765,397.2979078418054
5581,0.135,0.770,395.81421200257
5582,0.135,0.775,394.33389666074413
5583,0.135,0.780,392.8570005311481
5584,0.135,0.785,391.3835618921761
5585,0.135,0.790,389.9136185794578
5586,0.135,0.795,388.4472079796895
5587,0.135,0.800,386.9843670246339
5588,0.135,0.805,385.5251321852957
5589,0.135,0.810,384.0695394662706
5590,0.135,0.815,382.61762440027366
5591,0.135,0.820,381.169422042846
5592,0.135,0.825,379.7249669672446
5593,0.135,0.830,378.2842932595139
5594,0.135,0.835,376.8474345137434
5595,0.135,0.840,375.4144238275112
5596,0.135,0.845,373.98529379751545
5597,0.135,0.850,372.5600765153946
5598,0.135,0.855,371.13880356373727
5599,0.135,0.860,369.72150601228367
5600,0.135,0.865,368.30821441431766
5601,0.135,0.870,366.89895880325184
5602,0.135,0.875,365.4937686894046
5603,0.135,0.880,364.09267305697057
5604,0.135,0.885,362.6957003611841
5605,0.135,0.890,361.3028785256758
5606,0.135,0.895,359.91423494002254
5607,0.135,0.900,358.5297964574905
5608,0.135,0.905,357.1495893929696
5609,0.135,0.910,355.7736395211021
5610,0.135,0.915,354.4019720746005
5611,0.135,0.920,353.0346117427579
5612,0.135,0.925,351.6715826701467
5613,0.135,0.930,350.31290845550785
5614,0.135,0.935,348.95861215082624
5615,0.135,0.940,347.6087162605938
5616,0.135,0.945,346.26324274125665
5617,0.135,0.950,344.9222130008473
5618,0.135,0.955,343.5856478987975
5619,0.135,0.960,342.2535677459328
5620,0.135,0.965,340.92599230464447
5621,0.135,0.970,339.6029407892395
5622,0.135,0.975,338.28443186646393
5623,0.135,0.980,336.97048365620003
5624,0.135,0.985,335.6611137323329
5625,0.135,0.990,334.356339123786
5626,0.135,0.995,333.0561763157215
5627,0.135,1.000,331.76064125090517
5628,0.140,0.000,635.1586200135911
5629,0.140,0.005,633.6756744334834
5630,0.140,0.010,632.1899621414707
5631,0.140,0.015,630.7015020759222
5632,0.140,0.020,629.2103135490747
5633,0.140,0.025,627.7164162491196
5634,0.140,0.030,626.2198302422306
5635,0.140,0.035,624.7205759745349
5636,0.140,0.040,623.2186742740201
5637,0.140,0.045,621.7141463523789
5638,0.140,0.050,620.2070138067887
5639,0.140,0.055,618.6972986216228
5640,0.140,0.060,617.1850231700924
5641,0.140,0.065,615.6702102158181
5642,0.140,0.070,614.1528829143256
5643,0.140,0.075,612.6330648144684
5644,0.140,0.080,611.110779859771
5645,0.140,0.085,609.5860523896932
5646,0.140,0.090,608.0589071408123
5647,0.140,0.095,606.5293692479216
5648,0.140,0.100,604.9974642450428
5649,0.140,0.105,603.4632180663514
5650,0.140,0.110,601.9266570470096
5651,0.140,0.115,600.3878079239105
5652,0.140,0.120,598.8466978363248
5653,0.140,0.125,597.3033543264535
5654,0.140,0.130,595.7578053398818
5655,0.140,0.135,594.2100792259315
5656,0.140,0.140,592.660204737913
5657,0.140,0.145,591.108211033271
5658,0.140,0.150,589.5541276736254
5659,0.140,0.155,587.997984624703
5660,0.140,0.160,586.4398122561586
5661,0.140,0.165,584.879641341285
5662,0.140,0.170,583.3175030566076
5663,0.140,0.175,581.7534289813636
5664,0.140,0.180,580.1874510968631
5665,0.140,0.185,578.6196017857303
5666,0.140,0.190,577.0499138310236
5667,0.140,0.195,575.4784204152309
5668,0.140,0.200,573.9051551191423
5669,0.140,0.205,572.330151920593
5670,0.140,0.210,570.7534451930809
5671,0.140,0.215,569.1750697042505
5672,0.140,0.220,567.5950606142487
5673,0.140,0.225,566.0134534739451
5674,0.140,0.230,564.4302842230182
5675,0.140,0.235,562.8455891879062
5676,0.140,0.240,561.259405079619
5677,0.140,0.245,559.6717689914123
5678,0.140,0.250,558.0827183963223
5679,0.140,0.255,556.4922911445574
5680,0.140,0.260,554.9005254607487
5681,0.140,0.265,553.3074599410572
5682,0.140,0.270,551.7131335501357
5683,0.140,0.275,550.1175856179462
5684,0.140,0.280,548.5208558364304
5685,0.140,0.285,546.9229842560334
5686,0.140,0.290,545.3240112820799
5687,0.140,0.295,543.7239776710016
5688,0.140,0.300,542.1229245264161
5689,0.140,0.305,540.5208932950566
5690,0.140,0.310,538.9179257625503
5691,0.140,0.315,537.3140640490499
5692,0.140,0.320,535.7093506047111
5693,0.140,0.325,534.1038282050226
5694,0.140,0.330,532.4975399459852
5695,0.140,0.335,530.8905292391387
5696,0.140,0.340,529.2828398064416
5697,0.140,0.345,527.674515674999
5698,0.140,0.350,526.0656011716412
5699,0.140,0.355,524.4561409173548
5700,0.140,0.360,522.8461798215633
5701,0.140,0.365,521.235763076262
5702,0.140,0.370,519.6249361500039
5703,0.140,0.375,518.0137447817422
5704,0.140,0.380,516.4022349745252
5705,0.140,0.385,514.7904529890494
5706,0.140,0.390,513.1784453370678
5707,0.140,0.395,511.5662587746603
5708,0.140,0.400,509.95394029535953
5709,0.140,0.405,508.341537123143
5710,0.140,0.410,506.7290967052857
5711,0.140,0.415,505.1166667050792
5712,0.140,0.420,503.50429499441736
5713,0.140,0.425,501.89202964625093
5714,0.140,0.430,500.2799189269149
5715,0.140,0.435,498.66801128832657
5716,0.140,0.440,497.0563553600628
5717,0.140,0.445,495.44499994131286
5718,0.140,0.450,493.8339939927137
5719,0.140,0.455,492.2233866280684
5720,0.140,0.460,490.6132271059515
5721,0.140,0.465,489.0035648212027
5722,0.140,0.470,487.394449296314
5723,0.140,0.475,485.78593017271186
5724,0.140,0.480,484.17805720193854
5725,0.140,0.485,482.57088023673487
5726,0.140,0.490,480.96444922202915
5727,0.140,0.495,479.3588141858355
5728,0.140,0.500,477.75402523006386
5729,0.140,0.505,476.150132521248
5730,0.140,0.510,474.54718628119264
5731,0.140,0.515,472.94523677754574
5732,0.140,0.520,471.3443343142988
5733,0.140,0.525,469.7445292222196
5734,0.140,0.530,468.145871849222
5735,0.140,0.535,466.5484125506761
5736,0.140,0.540,464.95220167966426
5737,0.140,0.545,463.3572895771866
5738,0.140,0.550,461.7637265623207
5739,0.140,0.555,460.1715629223406
5740,0.140,0.560,458.5808489027989
5741,0.140,0.565,456.99163469757656
5742,0.140,0.570,455.4039704389071
5743,0.140,0.575,453.8179061873767
5744,0.140,0.580,452.23349192190864
5745,0.140,0.585,450.6507775297341
5746,0.140,0.590,449.06981279635585
5747,0.140,0.595,447.4906473955095
5748,0.140,0.600,445.91333087912705
5749,0.140,0.605,444.3379126673078
5750,0.140,0.610,442.7644420383026
5751,0.140,0.615,441.1929681185144
5752,0.140,0.620,439.62353987252294
5753,0.140,0.625,438.0562060931368
5754,0.140,0.630,436.4910153914781
5755,0.140,0.635,434.9280161871057
5756,0.140,0.640,433.3672566981814
5757,0.140,0.645,431.8087849316848
5758,0.140,0.650,430.252648673681
5759,0.140,0.655,428.69889547964704
5760,0.140,0.660,427.14757266486197
5761,0.140,0.665,425.59872729486494
5762,0.140,0.670,424.0524061759872
5763,0.140,0.675,422.508655845962
5764,0.140,0.680,420.9675225646187
5765,0.140,0.685,419.4290523046634
5766,0.140,0.690,417.8932907425541
5767,0.140,0.695,416.3602832494723
5768,0.140,0.700,414.8300748823976
5769,0.140,0.705,413.3027103752887
5770,0.140,0.710,411.77823413037584
5771,0.140,0.715,410.25669020956934
5772,0.140,0.720,408.73812232598823
5773,0.140,0.725,407.22257383561293
5774,0.140,0.730,405.7100877290669
5775,0.140,0.735,404.2007066235315
5776,0.140,0.740,402.6944727547965
5777,0.140,0.745,401.19142796945215
5778,0.140,0.750,399.6916137172254
5779,0.140,0.755,398.19507104346354
5780,0.140,0.760,396.70184058177097
5781,0.140,0.765,395.2119625467993
5782,0.140,0.770,393.7254767271978
5783,0.140,0.775,392.2424224787233
5784,0.140,0.780,390.7628387175171
5785,0.140,0.785,389.286763913548
5786,0.140,0.790,387.8142360842262
5787,0.140,0.795,386.3452927881912
5788,0.140,0.800,384.87997111927467
5789,0.140,0.805,383.4183077006413
5790,0.140,0.810,381.96033867911166
5791,0.140,0.815,380.506099719666
5792,0.140,0.820,379.0556260001336
5793,0.140,0.825,377.6089522060692
5794,0.140,0.830,376.16611252581623
5795,0.140,0.835,374.72714064576155
5796,0.140,0.840,373.2920697457803
5797,0.140,0.845,371.860932494874
5798,0.140,0.850,370.43376104700246
5799,0.140,0.855,369.01058703710964
5800,0.140,0.860,367.5914415773465
5801,0.140,0.865,366.1763552534885
5802,0.140,0.870,364.76535812155214
5803,0.140,0.875,363.35847970460617
5804,0.140,0.880,361.9557489897831
5805,0.140,0.885,360.55719442548633
5806,0.140,0.890,359.16284391879657
5807,0.140,0.895,357.77272483307456
5808,0.140,0.900,356.38686398576203
5809,0.140,0.905,355.0052876463794
5810,0.140,0.910,353.62802153471904
5811,0.140,0.915,352.25509081923565
5812,0.140,0.920,350.88652011562965
5813,0.140,0.925,349.522333485626
5814,0.140,0.930,348.16255443594486
5815,0.140,0.935,346.8072059174642
5816,0.140,0.940,345.45631032457237
5817,0.140,0.945,344.1098894947101
5818,0.140,0.950,342.76796470809865
5819,0.140,0.955,341.4305566876547
5820,0.140,0.960,340.097685599088
5821,0.140,0.965,338.7693710511815
5822,0.140,0.970,337.4456320962512
5823,0.140,0.975,336.1264872307831
5824,0.140,0.980,334.81195439624713
5825,0.140,0.985,333.50205098008234
5826,0.140,0.990,332.1967938168547
5827,0.140,0.995,330.89619918958243
5828,0.140,1.000,329.6002828312267
5829,0.145,0.000,633.8358576910666
5830,0.145,0.005,632.3474363390814
5831,0.145,0.010,630.8562344950641
5832,0.145,0.015,629.3622713043602
5833,0.145,0.020,627.8655662910045
5834,0.145,0.025,626.3661393598443
5835,0.145,0.030,624.8640107986054
5836,0.145,0.035,623.3592012798963
5837,0.145,0.040,621.851731863151
5838,0.145,0.045,620.3416239965057
5839,0.145,0.050,618.8288995186105
5840,0.145,0.055,617.3135806603713
5841,0.145,0.060,615.7956900466218
5842,0.145,0.065,614.2752506977228
5843,0.145,0.070,612.7522860310853
5844,0.145,0.075,611.2268198626181
5845,0.145,0.080,609.6988764080962
5846,0.145,0.085,608.1684802844471
5847,0.145,0.090,606.6356565109544
5848,0.145,0.095,605.1004305103764
5849,0.145,0.100,603.5628281099769
5850,0.145,0.105,602.0228755424652
5851,0.145,0.110,600.4805994468469
5852,0.145,0.115,598.9360268691784
5853,0.145,0.120,597.3891852632263
5854,0.145,0.125,595.8401024910297
5855,0.145,0.130,594.2888068233603
5856,0.145,0.135,592.7353269400824
5857,0.145,0.140,591.1796919304063
5858,0.145,0.145,589.6219312930382
5859,0.145,0.150,588.0620749362179
5860,0.145,0.155,586.5001531776502
5861,0.145,0.160,584.9361967443197
5862,0.145,0.165,583.3702367721949
5863,0.145,0.170,581.8023048058128
5864,0.145,0.175,580.2324327977468
5865,0.145,0.180,578.6606531079539
5866,0.145,0.185,577.0869985029993
5867,0.145,0.190,575.5115021551582
5868,0.145,0.195,573.9341976413893
5869,0.145,0.200,572.3551189421842
5870,0.145,0.205,570.7743004402832
5871,0.145,0.210,569.1917769192642
5872,0.145,0.215,567.6075835619954
5873,0.145,0.220,566.0217559489561
5874,0.145,0.225,564.4343300564196
5875,0.145,0.230,562.8453422545007
5876,0.145,0.235,561.2548293050618
5877,0.145,0.240,559.6628283594815
5878,0.145,0.245,558.0693769562794
5879,0.145,0.250,556.4745130185981
5880,0.145,0.255,554.878274851543
5881,0.145,0.260,553.2807011393735
5882,0.145,0.265,551.6818309425513
5883,0.145,0.270,550.0817036946378
5884,0.145,0.275,548.4803591990468
5885,0.145,0.280,546.8778376256436
5886,0.145,0.285,545.2741795071977
5887,0.145,0.290,543.6694257356835
5888,0.145,0.295,542.0636175584275
5889,0.145,0.300,540.4567965741072
5890,0.145,0.305,538.8490047285949
5891,0.145,0.310,537.2402843106482
5892,0.145,0.315,535.6306779474498
5893,0.145,0.320,534.0202285999919
5894,0.145,0.325,532.4089795583075
5895,0.145,0.330,530.7969744365487
5896,0.145,0.335,529.1842571679111
5897,0.145,0.340,527.5708719994053
5898,0.145,0.345,525.9568634864753
5899,0.145,0.350,524.3422764874639
5900,0.145,0.355,522.7271561579272
5901,0.145,0.360,521.111547944796
5902,0.145,0.365,519.4954975803886
5903,0.145,0.370,517.8790510762715
5904,0.145,0.375,516.2622547169722
5905,0.145,0.380,514.6451550535443
5906,0.145,0.385,513.0277988969852
5907,0.145,0.390,511.410233311508
5908,0.145,0.395,509.79250560767065
5909,0.145,0.400,508.17466333536083
5910,0.145,0.405,506.55675427664085
5911,0.145,0.410,504.9388264384523
5912,0.145,0.415,503.32092804518487
5913,0.145,0.420,501.70310753110766
5914,0.145,0.425,500.08541353266844
5915,0.145,0.430,498.4678948806616
5916,0.145,0.435,496.8506005922662
5917,0.145,0.440,495.2335798629593
5918,0.145,0.445,493.616882058303
5919,0.145,0.450,492.0005567056134
5920,0.145,0.455,490.3846534855076
5921,0.145,0.460,488.7692222233378
5922,0.145,0.465,487.15431288051155
5923,0.145,0.470,485.5399755457031
5924,0.145,0.475,483.92626042595805
5925,0.145,0.480,482.3132178376958
5926,0.145,0.485,480.7008981976117
5927,0.145,0.490,479.0893520134844
5928,0.145,0.495,477.47862987489
5929,0.145,0.500,475.86878244382837
5930,0.145,0.505,474.2598604452648
5931,0.145,0.510,472.6519146575906
5932,0.145,0.515,471.04499590300816
5933,0.145,0.520,469.4391550378421
5934,0.145,0.525,467.8344429427834
5935,0.145,0.530,466.2309105130696
5936,0.145,0.535,464.62860864860454
5937,0.145,0.540,463.0275882440244
5938,0.145,0.545,461.42790017871255
5939,0.145,0.550,459.8295953067688
5940,0.145,0.555,458.2327244469374
5941,0.145,0.560,456.6373383724995
5942,0.145,0.565,455.0434878011332
5943,0.145,0.570,453.45122338474715
5944,0.145,0.575,451.86059569929336
5945,0.145,0.580,450.2716552345625
5946,0.145,0.585,448.68445238396794
5947,0.145,0.590,447.09903743432346
5948,0.145,0.595,445.5154605556191
5949,0.145,0.600,443.93377179080153
5950,0.145,0.605,442.3540210455625
5951,0.145,0.610,440.77625807814195
5952,0.145,0.615,439.20053248915076
5953,0.145,0.620,437.62689371141744
5954,0.145,0.625,436.0553909998651
5955,0.145,0.630,434.4860734214235
5956,0.145,0.635,432.9189898449815
5957,0.145,0.640,431.3541889313848
5958,0.145,0.645,429.7917191234844
5959,0.145,0.650,428.2316286362425
5960,0.145,0.655,426.6739654468967
5961,0.145,0.660,425.1187772851942
5962,0.145,0.665,423.56611162369404
5963,0.145,0.670,422.01601566814895
5964,0.145,0.675,420.4685363479661
5965,0.145,0.680,418.9237203067569
5966,0.145,0.685,417.38161389297665
5967,0.145,0.690,415.84226315066144
5968,0.145,0.695,414.30571381026675
5969,0.145,0.700,412.772011279611
5970,0.145,0.705,411.2412006349308
5971,0.145,0.710,409.7133266120514
5972,0.145,0.715,408.188433597677
5973,0.145,0.720,406.6665656208054
5974,0.145,0.725,405.1477663442711
5975,0.145,0.730,403.6320790564227
5976,0.145,0.735,402.1195466629355
5977,0.145,0.740,400.61021167876703
5978,0.145,0.745,399.1041162202573
5979,0.145,0.750,397.6013019973775
5980,0.145,0.755,396.1018103061325
5981,0.145,0.760,394.6056820211192
5982,0.145,0.765,393.1129575882452
5983,0.145,0.770,391.62367701761013
5984,0.145,0.775,390.13787987655445
5985,0.145,0.780,388.6556052828778
5986,0.145,0.785,387.17689189822903
5987,0.145,0.790,385.70177792167334
5988,0.145,0.795,384.2303010834369
5989,0.145,0.800,382.762498638832
5990,0.145,0.805,381.2984073623666
5991,0.145,0.810,379.8380635420386
5992,0.145,0.815,378.3815029738181
5993,0.145,0.820,376.92876095632016
5994,0.145,0.825,375.4798722856681
5995,0.145,0.830,374.0348712505509
5996,0.145,0.835,372.5937916274759
5997,0.145,0.840,371.1566666762169
5998,0.145,0.845,369.72352913546075
5999,0.145,0.850,368.29441121865233
6000,0.145,0.855,366.86934461003943
6001,0.145,0.860,365.4483604609184
6002,0.145,0.865,364.0314893860806
6003,0.145,0.870,362.6187614604605
6004,0.145,0.875,361.2102062159873
6005,0.145,0.880,359.80585263863645
6006,0.145,0.885,358.4057291656864
6007,0.145,0.890,357.0098636831754
6008,0.145,0.895,355.618283523562
6009,0.145,0.900,354.2310154635865
6010,0.145,0.905,352.84808572233413
6011,0.145,0.910,351.46951995949854
6012,0.145,0.915,350.0953432738461
6013,0.145,0.920,348.7255802018773
6014,0.145,0.925,347.36025471668864
6015,0.145,0.930,345.9993902270293
6016,0.145,0.935,344.6430095765539
6017,0.145,0.940,343.2911350432696
6018,0.145,0.945,341.9437883391754
6019,0.145,0.950,340.60099061009254
6020,0.145,0.955,339.26276243568327
6021,0.145,0.960,337.929123829658
6022,0.145,0.965,336.60009424016613
6023,0.145,0.970,335.2756925503711
6024,0.145,0.975,333.9559370792054
6025,0.145,0.980,332.6408455823048
6026,0.145,0.985,331.33043525311814
6027,0.145,0.990,330.0247227241904
6028,0.145,0.995,328.72372406861797
6029,0.145,1.000,327.4274548016705
6030,0.150,0.000,632.5062246569014
6031,0.150,0.005,631.0122797462343
6032,0.150,0.010,629.515540350538
6033,0.150,0.015,628.0160258245116
6034,0.150,0.020,626.5137559064539
6035,0.150,0.025,625.0087507204255
6036,0.150,0.030,623.5010307783516
6037,0.150,0.035,621.9906169820623
6038,0.150,0.040,620.4775306252709
6039,0.150,0.045,618.9617933954845
6040,0.150,0.050,617.4434273758494
6041,0.150,0.055,615.9224550469241
6042,0.150,0.060,614.3988992883823
6043,0.150,0.065,612.8727833806408
6044,0.150,0.070,611.3441310064114
6045,0.150,0.075,609.8129662521752
6046,0.150,0.080,608.279313609575
6047,0.150,0.085,606.7431979767262
6048,0.150,0.090,605.2046446594427
6049,0.150,0.095,603.663679372376
6050,0.150,0.100,602.1203282400637
6051,0.150,0.105,600.5746177978893
6052,0.150,0.110,599.0265749929458
6053,0.150,0.115,597.476227184806
6054,0.150,0.120,595.923602146193
6055,0.150,0.125,594.3687280635528
6056,0.150,0.130,592.8116335375223
6057,0.150,0.135,591.2523475832957
6058,0.150,0.140,589.6908996308827
6059,0.150,0.145,588.1273195252587
6060,0.150,0.150,586.5616375264048
6061,0.150,0.155,584.9938843092349
6062,0.150,0.160,583.4240909634074
6063,0.150,0.165,581.852288993022
6064,0.150,0.170,580.2785103161948
6065,0.150,0.175,578.7027872645164
6066,0.150,0.180,577.1251525823831
6067,0.150,0.185,575.5456394262072
6068,0.150,0.190,573.9642813634983
6069,0.150,0.195,572.3811123718167
6070,0.150,0.200,570.796166837598
6071,0.150,0.205,569.2094795548427
6072,0.150,0.210,567.6210857236757
6073,0.150,0.215,566.0310209487668
6074,0.150,0.220,564.4393212376168
6075,0.150,0.225,562.8460229987028
6076,0.150,0.230,561.2511630394849
6077,0.150,0.235,559.6547785642698
6078,0.150,0.240,558.056907171932
6079,0.150,0.245,556.4575868534896
6080,0.150,0.250,554.8568559895352
6081,0.150,0.255,553.2547533475184
6082,0.150,0.260,551.6513180788811
6083,0.150,0.265,550.0465897160419
6084,0.150,0.270,548.4406081692315
6085,0.150,0.275,546.8334137231751
6086,0.150,0.280,545.2250470336235
6087,0.150,0.285,543.6155491237303
6088,0.150,0.290,542.0049613802746
6089,0.150,0.295,540.3933255497307
6090,0.150,0.300,538.7806837341806
6091,0.150,0.305,537.1670783870724
6092,0.150,0.310,535.5525523088213
6093,0.150,0.315,533.937148642255
6094,0.150,0.320,532.3209108679021
6095,0.150,0.325,530.7038827991238
6096,0.150,0.330,529.0861085770895
6097,0.150,0.335,527.4676326655947
6098,0.150,0.340,525.8484998457227
6099,0.150,0.345,524.2287552103512
6100,0.150,0.350,522.6084441585015
6101,0.150,0.355,520.9876123895336
6102,0.150,0.360,519.3663058971867
6103,0.150,0.365,517.744570963465
6104,0.150,0.370,516.1224541523709
6105,0.150,0.375,514.5000023034867
6106,0.150,0.380,512.8772625254043
6107,0.150,0.385,511.25428218900527
6108,0.150,0.390,509.63110892059353
6109,0.150,0.395,508.0077905948793
6110,0.150,0.400,506.38437532781853
6111,0.150,0.405,504.7609114693086
6112,0.150,0.410,503.1374475957408
6113,0.150,0.415,501.51403250241384
6114,0.150,0.420,499.8907151958089
6115,0.150,0.425,498.26754488572817
6116,0.150,0.430,496.6445709772999
6117,0.150,0.435,495.02184306285216
6118,0.150,0.440,493.3994109136583
6119,0.150,0.445,491.77732447155466
6120,0.150,0.450,490.1556338404362
6121,0.150,0.455,488.5343892776314
6122,0.150,0.460,486.9136411851582
6123,0.150,0.465,485.2934401008674
6124,0.150,0.470,483.67383668947275
6125,0.150,0.475,482.0548817334747
6126,0.150,0.480,480.43662612397844
6127,0.150,0.485,478.81912085141107
6128,0.150,0.490,477.20241699614246
6129,0.150,0.495,475.586565719011
6130,0.150,0.500,473.9716182517607
6131,0.150,0.505,472.35762588739215
6132,0.150,0.510,470.74463997043205
6133,0.150,0.515,469.13271188712463
6134,0.150,0.520,467.52189305555083
6135,0.150,0.525,465.9122349156776
6136,0.150,0.530,464.3037889193436
6137,0.150,0.535,462.69660652018433
6138,0.150,0.540,461.0907391635025
6139,0.150,0.545,459.48623827608776
6140,0.150,0.550,457.88315525599
6141,0.150,0.555,456.28154146225256
6142,0.150,0.560,454.6814482046088
6143,0.150,0.565,453.0829267331478
6144,0.150,0.570,451.4860282279541
6145,0.150,0.575,449.8908037887258
6146,0.150,0.580,448.2973044243779
6147,0.150,0.585,446.70558104263415
6148,0.150,0.590,445.1156844396137
6149,0.150,0.595,443.52766528941766
6150,0.150,0.600,441.9415741337209
6151,0.150,0.605,440.3574613713739
6152,0.150,0.610,438.77537724802073
6153,0.150,0.615,437.19537184573807
6154,0.150,0.620,435.617495072701
6155,0.150,0.625,434.04179665288024
6156,0.150,0.630,432.468326115777
6157,0.150,0.635,430.8971327862004
6158,0.150,0.640,429.32826577409344
6159,0.150,0.645,427.7617739644112
6160,0.150,0.650,426.19770600705937
6161,0.150,0.655,424.6361103068953
6162,0.150,0.660,423.07703501380007
6163,0.150,0.665,421.52052801282326
6164,0.150,0.670,419.96663691440955
6165,0.150,0.675,418.4154090447087
6166,0.150,0.680,416.86689143597704
6167,0.150,0.685,415.3211308170728
6168,0.150,0.690,413.778173604053
6169,0.150,0.695,412.2380658908745
6170,0.150,0.700,410.7008534402058
6171,0.150,0.705,409.16658167435264
6172,0.150,0.710,407.63529566630496
6173,0.150,0.715,406.1070401309061
6174,0.150,0.720,404.58185941615176
6175,0.150,0.725,403.0597974946223
6176,0.150,0.730,401.5408979550519
6177,0.150,0.735,400.02520399404045
6178,0.150,0.740,398.51275840791016
6179,0.150,0.745,397.00360358471335
6180,0.150,0.750,395.49778149639326
6181,0.150,0.755,393.9953336911037
6182,0.150,0.760,392.4963012856884
6183,0.150,0.765,391.0007249583269
6184,0.150,0.770,389.50864494134817
6185,0.150,0.775,388.0201010142158
6186,0.150,0.780,386.53513249668845
6187,0.150,0.785,385.05377824215793
6188,0.150,0.790,383.5760766311679
6189,0.150,0.795,382.10206556511673
6190,0.150,0.800,380.63178246014587
6191,0.150,0.805,379.16526424121685
6192,0.150,0.810,377.7025473363799
6193,0.150,0.815,376.24366767123456
6194,0.150,0.820,374.78866066358665
6195,0.150,0.825,373.3375612183009
6196,0.150,0.830,371.89040372235326
6197,0.150,0.835,370.4472220400828
6198,0.150,0.840,369.00804950864557
6199,0.150,0.845,367.57291893367096
6200,0.150,0.850,366.1418625851227
6201,0.150,0.855,364.714912193364
6202,0.150,0.860,363.2920989454288
6203,0.150,0.865,361.873453481499
6204,0.150,0.870,360.45900589158873
6205,0.150,0.875,359.04878571243586
6206,0.150,0.880,357.64282192459996
6207,0.150,0.885,356.2411429497686
6208,0.150,0.890,354.8437766482703
6209,0.150,0.895,353.45075031679386
6210,0.150,0.900,352.0620906863147
6211,0.150,0.905,350.67782392022735
6212,0.150,0.910,349.2979756126821
6213,0.150,0.915,347.92257078712663
6214,0.150,0.920,346.5516338950506
6215,0.150,0.925,345.18518881493287
6216,0.150,0.930,343.8232588513889
6217,0.150,0.935,342.4658667345178
6218,0.150,0.940,341.11303461944794
6219,0.150,0.945,339.76478408607795
6220,0.150,0.950,338.42113613901284
6221,0.150,0.955,337.08211120769266
6222,0.150,0.960,335.74772914671144
6223,0.150,0.965,334.4180092363248
6224,0.150,0.970,333.09297018314425
6225,0.150,0.975,331.77263012101474
6226,0.150,0.980,330.45700661207405
6227,0.150,0.985,329.1461166479909
6228,0.150,0.990,327.8399766513799
6229,0.150,0.995,326.53860247738913
6230,0.150,1.000,325.2420094154598
6231,0.155,0.000,631.1696550305375
6232,0.155,0.005,629.6701380498331
6233,0.155,0.010,628.1678123725864
6234,0.155,0.015,626.6626975652476
6235,0.155,0.020,625.1548135828693
6236,0.155,0.025,623.6441807713059
6237,0.155,0.030,622.1308198693557
6238,0.155,0.035,620.6147520108395
6239,0.155,0.040,619.0959987266142
6240,0.155,0.045,617.5745819465192
6241,0.155,0.050,616.0505240012554
6242,0.155,0.055,614.5238476241924
6243,0.155,0.060,612.9945759531015
6244,0.155,0.065,611.4627325318152
6245,0.155,0.070,609.9283413118076
6246,0.155,0.075,608.3914266536964
6247,0.155,0.080,606.8520133286614
6248,0.155,0.085,605.31012651978
6249,0.155,0.090,603.765791823277
6250,0.155,0.095,602.219035249683
6251,0.155,0.100,600.6698832249056
6252,0.155,0.105,599.1183625912051
6253,0.155,0.110,597.5645006080758
6254,0.155,0.115,596.00832495303
6255,0.155,0.120,594.4498637222815
6256,0.155,0.125,592.8891454313291
6257,0.155,0.130,591.3261990154334
6258,0.155,0.135,589.7610538299897
6259,0.155,0.140,588.1937396507909
6260,0.155,0.145,586.6242866741807
6261,0.155,0.150,585.0527255170937
6262,0.155,0.155,583.4790872169804
6263,0.155,0.160,581.9034032316158
6264,0.155,0.165,580.3257054387882
6265,0.155,0.170,578.7460261358672
6266,0.155,0.175,577.1643980392489
6267,0.155,0.180,575.5808542836752
6268,0.155,0.185,573.9954284214259
6269,0.155,0.190,572.4081544213825
6270,0.155,0.195,570.8190666679601
6271,0.155,0.200,569.2281999599069
6272,0.155,0.205,567.6355895089682
6273,0.155,0.210,566.0412709384156
6274,0.155,0.215,564.445280281435
6275,0.155,0.220,562.8476539793778
6276,0.155,0.225,561.2484288798684
6277,0.155,0.230,559.6476422347688
6278,0.155,0.235,558.0453316979991
6279,0.155,0.240,556.4415353232116
6280,0.155,0.245,554.8362915613163
6281,0.155,0.250,553.2296392578583
6282,0.155,0.255,551.621617650245
6283,0.155,0.260,550.0122663648211
6284,0.155,0.265,548.4016254137916
6285,0.155,0.270,546.7897351919902
6286,0.155,0.275,545.1766364734937
6287,0.155,0.280,543.5623704080805
6288,0.155,0.285,541.9469785175322
6289,0.155,0.290,540.3305026917791
6290,0.155,0.295,538.7129851848849
6291,0.155,0.300,537.0944686108777
6292,0.155,0.305,535.4749959394162
6293,0.155,0.310,533.8546104913013
6294,0.155,0.315,532.233355933825
6295,0.155,0.320,530.6112762759606
6296,0.155,0.325,528.9884158633929
6297,0.155,0.330,527.3648193733869
6298,0.155,0.335,525.7405318094992
6299,0.155,0.340,524.1155984961265
6300,0.155,0.345,522.4900650728971
6301,0.155,0.350,520.8639774889017
6302,0.155,0.355,519.2373819967673
6303,0.155,0.360,517.6103251465712
6304,0.155,0.365,515.9828537795997
6305,0.155,0.370,514.35501502195
6306,0.155,0.375,512.7268562779756
6307,0.155,0.380,511.09842522357974
6308,0.155,0.385,509.4697697993542
6309,0.155,0.390,507.8409382035673
6310,0.155,0.395,506.2119788850015
6311,0.155,0.400,504.58294053564225
6312,0.155,0.405,502.95387208322126
6313,0.155,0.410,501.3248226836128
6314,0.155,0.415,499.69584171308884
6315,0.155,0.420,498.06697876043256
6316,0.155,0.425,496.4382836189122
6317,0.155,0.430,494.8098062781207
6318,0.155,0.435,493.1815969156794
6319,0.155,0.440,491.5537058888113
6320,0.155,0.445,489.9261837257857
6321,0.155,0.450,488.2990811172367
6322,0.155,0.455,486.6724489073594
6323,0.155,0.460,485.04633808498556
6324,0.155,0.465,483.42079977454324
6325,0.155,0.470,481.7958852269032
6326,0.155,0.475,480.1716458101149
6327,0.155,0.480,478.5481330000368
6328,0.155,0.485,476.92539837086326
6329,0.155,0.490,475.3034935855538
6330,0.155,0.495,473.68247038616573
6331,0.155,0.500,472.0623805840971
6332,0.155,0.505,470.4432760502422
6333,0.155,0.510,468.82520870506363
6334,0.155,0.515,467.2082305085877
6335,0.155,0.520,465.59239345032364
6336,0.155,0.525,463.977749539115
6337,0.155,0.530,462.36435079292494
6338,0.155,0.535,460.7522492285617
6339,0.155,0.540,459.1414968513484
6340,0.155,0.545,457.53214564474195
6341,0.155,0.550,455.9242475599063
6342,0.155,0.555,454.31785450524484
6343,0.155,0.560,452.71301833589666
6344,0.155,0.565,451.10979084320263
6345,0.155,0.570,449.50822374414514
6346,0.155,0.575,447.908368670769
6347,0.155,0.580,446.3102771595855
6348,0.155,0.585,444.7140006409678
6349,0.155,0.590,443.1195904285425
6350,0.155,0.595,441.527097708581
6351,0.155,0.600,439.9365735293984
6352,0.155,0.605,438.34806879076405
6353,0.155,0.610,436.7616342333296
6354,0.155,0.615,435.17732042808
6355,0.155,0.620,433.59517776581345
6356,0.155,0.625,432.01525644665463
6357,0.155,0.630,430.4376064696081
6358,0.155,0.635,428.86227762215697
6359,0.155,0.640,427.2893194699112
6360,0.155,0.645,425.7187813463136
6361,0.155,0.650,424.1507123424057
6362,0.155,0.655,422.58516129666225
6363,0.155,0.660,421.0221767848968
6364,0.155,0.665,419.46180711024664
6365,0.155,0.670,417.9041002932394
6366,0.155,0.675,416.34910406194956
6367,0.155,0.680,414.79686584224777
6368,0.155,0.685,413.24743274814966
6369,0.155,0.690,411.70085157226856
6370,0.155,0.695,410.1571687763774
6371,0.155,0.700,408.6164304820847
6372,0.155,0.705,407.0786824616295
6373,0.155,0.710,405.54397012880077
6374,0.155,0.715,404.0123385299842
6375,0.155,0.720,402.48383233534383
6376,0.155,0.725,400.95849583014
6377,0.155,0.730,399.43637290619034
6378,0.155,0.735,397.9175070534773
6379,0.155,0.740,396.4019413519063
6380,0.155,0.745,394.88971846321857
6381,0.155,0.750,393.3808806230636
6382,0.155,0.755,391.87546963323365
6383,0.155,0.760,390.373526854065
6384,0.155,0.765,388.87509319700973
6385,0.155,0.770,387.3802091173806
6386,0.155,0.775,385.888914607273
6387,0.155,0.780,384.40124918866746
6388,0.155,0.785,382.9172519067146
6389,0.155,0.790,381.4369613232077
6390,0.155,0.795,379.96041551024206
6391,0.155,0.800,378.48765204406834
6392,0.155,0.805,377.0187079991377
6393,0.155,0.810,375.55361994234505
6394,0.155,0.815,374.0924239274697
6395,0.155,0.820,372.6351554898173
6396,0.155,0.825,371.18184964106325
6397,0.155,0.830,369.7325408643015
6398,0.155,0.835,368.2872631092977
6399,0.155,0.840,366.8460497879501
6400,0.155,0.845,365.4089337699585
6401,0.155,0.850,363.97594737870224
6402,0.155,0.855,362.54712238732856
6403,0.155,0.860,361.12249001505245
6404,0.155,0.865,359.70208092366653
6405,0.155,0.870,358.28592521426424
6406,0.155,0.875,356.87405242417464
6407,0.155,0.880,355.46649152410936
6408,0.155,0.885,354.063270915522
6409,0.155,0.890,352.6644184281798
6410,0.155,0.895,351.26996131794596
6411,0.155,0.900,349.8799262647745
6412,0.155,0.905,348.49433937091476
6413,0.155,0.910,347.1132261593252
6414,0.155,0.915,345.7366115722975
6415,0.155,0.920,344.3645199702865
6416,0.155,0.925,342.9969751309477
6417,0.155,0.930,341.63400024837955
6418,0.155,0.935,340.27561793256893
6419,0.155,0.940,338.92185020903946
6420,0.155,0.945,337.5727185186983
6421,0.155,0.950,336.22824371788363
6422,0.155,0.955,334.88844607860585
6423,0.155,0.960,333.55334528898476
6424,0.155,0.965,332.2229604538777
6425,0.155,0.970,330.8973100956977
6426,0.155,0.975,329.5764121554184
6427,0.155,0.980,328.2602839937638
6428,0.155,0.985,326.9489423925792
6429,0.155,0.990,325.6424035563824
6430,0.155,0.995,324.3406831140903
6431,0.155,1.000,323.0437961209186
6432,0.160,0.000,629.826082073945
6433,0.160,0.005,628.3209437720686
6434,0.160,0.010,626.8129823377874
6435,0.160,0.015,625.3022175517212
6436,0.160,0.020,623.7886695881855
6437,0.160,0.025,622.2723590174336
6438,0.160,0.030,620.753306807838
6439,0.160,0.035,619.2315343280068
6440,0.160,0.040,617.7070633488353
6441,0.160,0.045,616.1799160454897
6442,0.160,0.050,614.6501149993207
6443,0.160,0.055,613.1176831997044
6444,0.160,0.060,611.582644045809
6445,0.160,0.065,610.045021348285
6446,0.160,0.070,608.5048393308764
6447,0.160,0.075,606.9621226319507
6448,0.160,0.080,605.4168963059448
6449,0.160,0.085,603.8691858247266
6450,0.160,0.090,602.3190170788682
6451,0.160,0.095,600.7664163788271
6452,0.160,0.100,599.2114104560382
6453,0.160,0.105,597.6540264639082
6454,0.160,0.110,596.0942919787142
6455,0.160,0.115,594.532235000403
6456,0.160,0.120,592.9678839532891
6457,0.160,0.125,591.4012676866472
6458,0.160,0.130,589.8324154752012
6459,0.160,0.135,588.261357019503
6460,0.160,0.140,586.6881224462005
6461,0.160,0.145,585.1127423081953
6462,0.160,0.150,583.535247584682
6463,0.160,0.155,581.9556696810731
6464,0.160,0.160,580.3740404288033
6465,0.160,0.165,578.790392085012
6466,0.160,0.170,577.2047573321034
6467,0.160,0.175,575.6171692771801
6468,0.160,0.180,574.0276614513491
6469,0.160,0.185,572.4362678088972
6470,0.160,0.190,570.8430227263375
6471,0.160,0.195,569.2479610013178
6472,0.160,0.200,567.6511178513966
6473,0.160,0.205,566.0525289126817
6474,0.160,0.210,564.4522302383264
6475,0.160,0.215,562.8502582968877
6476,0.160,0.220,561.24664997054
6477,0.160,0.225,559.6414425531455
6478,0.160,0.230,558.0346737481755
6479,0.160,0.235,556.4263816664874
6480,0.160,0.240,554.8166048239511
6481,0.160,0.245,553.2053821389226
6482,0.160,0.250,551.592752929569
6483,0.160,0.255,549.978756911037
6484,0.160,0.260,548.3634341924682
6485,0.160,0.265,546.7468252738582
6486,0.160,0.270,545.1289710427586
6487,0.160,0.275,543.5099127708203
6488,0.160,0.280,541.889692110179
6489,0.160,0.285,540.2683510896798
6490,0.160,0.290,538.6459321109417
6491,0.160,0.295,537.0224779442605
6492,0.160,0.300,535.3980317243497
6493,0.160,0.305,533.7726369459195
6494,0.160,0.310,532.146337459092
6495,0.160,0.315,530.5191774646539
6496,0.160,0.320,528.8912015091455
6497,0.160,0.325,527.2624544797867
6498,0.160,0.330,525.6329815992389
6499,0.160,0.335,524.0028284202035
6500,0.160,0.340,522.3720408198576
6501,0.160,0.345,520.7406649941267
6502,0.160,0.350,519.1087474517948
6503,0.160,0.355,517.4763350084526
6504,0.160,0.360,515.8434747802844
6505,0.160,0.365,514.2102141776952
6506,0.160,0.370,512.5766008987774
6507,0.160,0.375,510.94268292261887
6508,0.160,0.380,509.30850850245486
6509,0.160,0.385,507.6741261586624
6510,0.160,0.390,506.0395846716003
6511,0.160,0.395,504.40493307429705
6512,0.160,0.400,502.77022064498516
6513,0.160,0.405,501.13549689948735
6514,0.160,0.410,499.50081158345404
6515,0.160,0.415,497.86621466445496
6516,0.160,0.420,496.2317563239272
6517,0.160,0.425,494.5974869489817
6518,0.160,0.430,492.96345712407106
6519,0.160,0.435,491.3297176225189
6520,0.160,0.440,489.6963193979191
6521,0.160,0.445,488.0633135753997
6522,0.160,0.450,486.4307514427616
6523,0.160,0.455,484.7986844414907
6524,0.160,0.460,483.16716415764853
6525,0.160,0.465,481.53624231264405
6526,0.160,0.470,479.90597075389036
6527,0.160,0.475,478.27640144534894
6528,0.160,0.480,476.647586457967
6529,0.160,0.485,475.0195779600092
6530,0.160,0.490,473.39242820728964
6531,0.160,0.495,471.7661895333074
6532,0.160,0.500,470.1409143392891
6533,0.160,0.505,468.516655084144
6534,0.160,0.510,466.89346427433486
6535,0.160,0.515,465.27139445366936
6536,0.160,0.520,463.6504981930167
6537,0.160,0.525,462.03082807995406
6538,0.160,0.530,460.4124367083473
6539,0.160,0.535,458.7953766678707
6540,0.160,0.540,457.17970053347136
6541,0.160,0.545,455.56546085478215
6542,0.160,0.550,453.9527101454891
6543,0.160,0.555,452.3415008726578
6544,0.160,0.560,450.7318854460245
6545,0.160,0.565,449.12391620725697
6546,0.160,0.570,447.5176454191896
6547,0.160,0.575,445.9131252550405
6548,0.160,0.580,444.3104077876125
6549,0.160,0.585,442.7095449784873
6550,0.160,0.590,441.110588667215
6551,0.160,0.595,439.513590560507
6552,0.160,0.600,437.9186022214365
6553,0.160,0.605,436.3256750586527
6554,0.160,0.610,434.73486031561407
6555,0.160,0.615,433.146209059847
6556,0.160,0.620,431.55977217223455
6557,0.160,0.625,429.97560033634187
6558,0.160,0.630,428.3937440277832
6559,0.160,0.635,426.81425350363713
6560,0.160,0.640,425.2371787919139
6561,0.160,0.645,423.66256968108337
6562,0.160,0.650,422.0904757096661
6563,0.160,0.655,420.52094615589533
6564,0.160,0.660,418.9540300274541
6565,0.160,0.665,417.3897760512947
6566,0.160,0.670,415.82823266354325
6567,0.160,0.675,414.26944799949825
6568,0.160,0.680,412.7134698837251
6569,0.160,0.685,411.16034582025424
6570,0.160,0.690,409.61012298288745
6571,0.160,0.695,408.0628482056172
6572,0.160,0.700,406.51856797316424
6573,0.160,0.705,404.9773284116391
6574,0.160,0.710,403.4391752793314
6575,0.160,0.715,401.90415395763233
6576,0.160,0.720,400.37230944209585
6577,0.160,0.725,398.8436863336412
6578,0.160,0.730,397.31832882990363
6579,0.160,0.735,395.7962807167358
6580,0.160,0.740,394.2775853598656
6581,0.160,0.745,392.7622856967136
6582,0.160,0.750,391.2504242283747
6583,0.160,0.755,389.74204301176803
6584,0.160,0.760,388.2371836519581
6585,0.160,0.765,386.73588729465223
6586,0.160,0.770,385.2381946188761
6587,0.160,0.775,383.7441458298323
6588,0.160,0.780,382.2537806519451
6589,0.160,0.785,380.7671383220921
6590,0.160,0.790,379.28425758302984
6591,0.160,0.795,377.8051766770125
6592,0.160,0.800,376.32993333960826
6593,0.160,0.805,374.85856479371506
6594,0.160,0.810,373.39110774377855
6595,0.160,0.815,371.92759837021447
6596,0.160,0.820,370.4680723240362
6597,0.160,0.825,369.01256472169143
6598,0.160,0.830,367.56111014010776
6599,0.160,0.835,366.11374261195016
6600,0.160,0.840,364.6704956210899
6601,0.160,0.845,363.2314020982884
6602,0.160,0.850,361.7964944170954
6603,0.160,0.855,360.3658043899621
6604,0.160,0.860,358.9393632645716
6605,0.160,0.865,357.5172017203862
6606,0.160,0.870,356.09934986541
6607,0.160,0.875,354.6858372331719
6608,0.160,0.880,353.27669277992374
6609,0.160,0.885,351.8719448820562
6610,0.160,0.890,350.47162133373274
6611,0.160,0.895,349.07574934473877
6612,0.160,0.900,347.68435553854823
6613,0.160,0.905,346.2974659506035
6614,0.160,0.910,344.9151060268123
6615,0.160,0.915,343.5373006222553
6616,0.160,0.920,342.1640740001079
6617,0.160,0.925,340.7954498307711
6618,0.160,0.930,339.4314511912133
6619,0.160,0.935,338.0721005645189
6620,0.160,0.940,336.7174198396427
6621,0.160,0.945,335.3674303113693
6622,0.160,0.950,334.0221526804735
6623,0.160,0.955,332.68160705408155
6624,0.160,0.960,331.3458129462301
6625,0.160,0.965,330.0147892786194
6626,0.160,0.970,328.68855438156083
6627,0.160,0.975,327.3671259951141
6628,0.160,0.980,326.0505212704119
6629,0.160,0.985,324.7387567711692
6630,0.160,0.990,323.4318484753756
6631,0.160,0.995,322.1298117771654
6632,0.160,1.000,320.83266148886383
6633,0.165,0.000,628.4754381806589
6634,0.165,0.005,626.9646285510809
6635,0.165,0.010,625.4509811228588
6636,0.165,0.015,623.9345158932174
6637,0.165,0.020,622.4152532582674
6638,0.165,0.025,620.8932140152892
6639,0.165,0.030,619.3684193649547
6640,0.165,0.035,617.8408909134847
6641,0.165,0.040,616.3106506747388
6642,0.165,0.045,614.7777210722371
6643,0.165,0.050,613.2421249411099
6644,0.165,0.055,611.7038855299741
6645,0.165,0.060,610.163026502734
6646,0.165,0.065,608.6195719403046
6647,0.165,0.070,607.0735463422526
6648,0.165,0.075,605.5249746283578
6649,0.165,0.080,603.973882140086
6650,0.165,0.085,602.4202946419784
6651,0.165,0.090,600.8642383229485
6652,0.165,0.095,599.3057397974885
6653,0.165,0.100,597.7448261067813
6654,0.165,0.105,596.181524719716
6655,0.165,0.110,594.615863533804
6656,0.165,0.115,593.0478708759947
6657,0.165,0.120,591.4775755033871
6658,0.165,0.125,589.9050066038363
6659,0.165,0.130,588.3301937964507
6660,0.165,0.135,586.7531671319794
6661,0.165,0.140,585.1739570930874
6662,0.165,0.145,583.592594594515
6663,0.165,0.150,582.0091109831204
6664,0.165,0.155,580.4235380378021
6665,0.165,0.160,578.8359079693008
6666,0.165,0.165,577.246253419876
6667,0.165,0.170,575.6546074628576
6668,0.165,0.175,574.0610036020689
6669,0.165,0.180,572.4654757711191
6670,0.165,0.185,570.8680583325631
6671,0.165,0.190,569.2687860769281
6672,0.165,0.195,567.6676942216018
6673,0.165,0.200,566.0648184095835
6674,0.165,0.205,564.460194708095
6675,0.165,0.210,562.8538596070475
6676,0.165,0.215,561.2458500173668
6677,0.165,0.220,559.6362032691704
6678,0.165,0.225,558.0249571097984
6679,0.165,0.230,556.4121497016941
6680,0.165,0.235,554.797819620135
6681,0.165,0.240,553.1820058508097
6682,0.165,0.245,551.5647477872418
6683,0.165,0.250,549.9460852280582
6684,0.165,0.255,548.326058374101
6685,0.165,0.260,546.7047078253796
6686,0.165,0.265,545.0820745778667
6687,0.165,0.270,543.4582000201306
6688,0.165,0.275,541.833125929808
6689,0.165,0.280,540.206894469914
6690,0.165,0.285,538.5795481849883
6691,0.165,0.290,536.9511299970774
6692,0.165,0.295,535.3216832015527
6693,0.165,0.300,533.6912514627622
6694,0.165,0.305,532.0598788095172
6695,0.165,0.310,530.4276096304105
6696,0.165,0.315,528.7944886689714
6697,0.165,0.320,527.1605610186507
6698,0.165,0.325,525.5258721176397
6699,0.165,0.330,523.8904677435225
6700,0.165,0.335,522.2543940077614
6701,0.165,0.340,520.6176973500142
6702,0.165,0.345,518.980424532287
6703,0.165,0.350,517.3426226329201
6704,0.165,0.355,515.7043390404085
6705,0.165,0.360,514.0656214470578
6706,0.165,0.365,512.4265178424758
6707,0.165,0.370,510.78707650690257
6708,0.165,0.375,509.14734600437646
6709,0.165,0.380,507.5073751757411
6710,0.165,0.385,505.8672131314923
6711,0.165,0.390,504.2269092444669
6712,0.165,0.395,502.5865131423752
6713,0.165,0.400,500.94607470017894
6714,0.165,0.405,499.30564403231546
6715,0.165,0.410,497.6652714847723
6716,0.165,0.415,496.02500762701163
6717,0.165,0.420,494.38490324374885
6718,0.165,0.425,492.7450093265858
6719,0.165,0.430,491.1053770655032
6720,0.165,0.435,489.46605784021347
6721,0.165,0.440,487.8271032113765
6722,0.165,0.445,486.1885649116827
6723,0.165,0.450,484.5504948368046
6724,0.165,0.455,482.91294503622106
6725,0.165,0.460,481.2759677039178
6726,0.165,0.465,479.63961516896615
6727,0.165,0.470,478.0039398859855
6728,0.165,0.475,476.3689944254907
6729,0.165,0.480,474.7348314641309
6730,0.165,0.485,473.1015037748208
6731,0.165,0.490,471.46906421677136
6732,0.165,0.495,469.83756572542126
6733,0.165,0.500,468.2070613022749
6734,0.165,0.505,466.5776040046518
6735,0.165,0.510,464.9492469353496
6736,0.165,0.515,463.32204323222766
6737,0.165,0.520,461.69604605771485
6738,0.165,0.525,460.07130858824553
6739,0.165,0.530,458.4478840036304
6740,0.165,0.535,456.82582547636497
6741,0.165,0.540,455.20518616088316
6742,0.165,0.545,453.58601918275866
6743,0.165,0.550,451.9683776278608
6744,0.165,0.555,450.35231453147003
6745,0.165,0.560,448.7378828673582
6746,0.165,0.565,447.12513553683806
6747,0.165,0.570,445.5141253577896
6748,0.165,0.575,443.9049050536669
6749,0.165,0.580,442.2975272424917
6750,0.165,0.585,440.69204442583924
6751,0.165,0.590,439.08850897782315
6752,0.165,0.595,437.4869731340824
6753,0.165,0.600,435.88748898077915
6754,0.165,0.605,434.2901084436118
6755,0.165,0.610,432.69488327684815
6756,0.165,0.615,431.10186505238664
6757,0.165,0.620,429.51110514884954
6758,0.165,0.625,427.9226547407153
6759,0.165,0.630,426.336564787495
6760,0.165,0.635,424.7528860229584
6761,0.165,0.640,423.1716689444181
6762,0.165,0.645,421.59296380207286
6763,0.165,0.650,420.01682058842044
6764,0.165,0.655,418.44328902774345
6765,0.165,0.660,416.87241856567323
6766,0.165,0.665,415.30425835884023
6767,0.165,0.670,413.7388572646134
6768,0.165,0.675,412.1762638309358
6769,0.165,0.680,410.6165262862619
6770,0.165,0.685,409.0596925296016
6771,0.165,0.690,407.5058101206768
6772,0.165,0.695,405.95492627019496
6773,0.165,0.700,404.40708783024576
6774,0.165,0.705,402.86234128482585
6775,0.165,0.710,401.32073274049617
6776,0.165,0.715,399.7823079171777
6777,0.165,0.720,398.2471121390893
6778,0.165,0.725,396.71519032583365
6779,0.165,0.730,395.18658698363464
6780,0.165,0.735,393.66134619673227
6781,0.165,0.740,392.1395116189375
6782,0.165,0.745,390.6211264653536
6783,0.165,0.750,389.10623350426573
6784,0.165,0.755,387.5948750492049
6785,0.165,0.760,386.0870929511884
6786,0.165,0.765,384.5829285911424
6787,0.165,0.770,383.08242287250727
6788,0.165,0.775,381.5856162140336
6789,0.165,0.780,380.0925485427669
6790,0.165,0.785,378.6032592872287
6791,0.165,0.790,377.117787370794
6792,0.165,0.795,375.6361712052695
6793,0.165,0.800,374.15844868467457
6794,0.165,0.805,372.684657179228
6795,0.165,0.810,371.21483352954215
6796,0.165,0.815,369.7490140410267
6797,0.165,0.820,368.2872344785058
6798,0.165,0.825,366.829530061047
6799,0.165,0.830,365.375935457007
6800,0.165,0.835,363.9264847792944
6801,0.165,0.840,362.4812115808496
6802,0.165,0.845,361.0401488503452
6803,0.165,0.850,359.6033290081063
6804,0.165,0.855,358.1707839022521
6805,0.165,0.860,356.7425448050597
6806,0.165,0.865,355.3186424095491
6807,0.165,0.870,353.8991068262927
6808,0.165,0.875,352.4839675804456
6809,0.165,0.880,351.073253609
6810,0.165,0.885,349.6669932582616
6811,0.165,0.890,348.26521428154825
6812,0.165,0.895,346.8679438371105
6813,0.165,0.900,345.4752084862726
6814,0.165,0.905,344.0870341917941
6815,0.165,0.910,342.7034463164507
6816,0.165,0.915,341.3244696218328
6817,0.165,0.920,339.95012826736064
6818,0.165,0.925,338.58044580951554
6819,0.165,0.930,337.2154452012837
6820,0.165,0.935,335.85514879181324
6821,0.165,0.940,334.49957832627973
6822,0.165,0.945,333.14875494596214
6823,0.165,0.950,331.802699188522
6824,0.165,0.955,330.461430988489
6825,0.165,0.960,329.12496967794596
6826,0.165,0.965,327.7933339874141
6827,0.165,0.970,326.4665420469334
6828,0.165,0.975,325.14461138733753
6829,0.165,0.980,323.82755894171885
6830,0.165,0.985,322.51540104708164
6831,0.165,0.990,321.20815344617984
6832,0.165,0.995,319.9058312895366
6833,0.165,1.000,318.6084491376424
6834,0.170,0.000,627.1176548648393
6835,0.170,0.005,625.601123129622
6836,0.170,0.010,624.0817386929134
6837,0.170,0.015,622.5595217709983
6838,0.170,0.020,621.034492984334
6839,0.170,0.025,619.5066733598785
6840,0.170,0.030,617.9760843333547
6841,0.170,0.035,616.4427477514487
6842,0.170,0.040,614.9066858739399
6843,0.170,0.045,613.3679213757621
6844,0.170,0.050,611.8264773489904
6845,0.170,0.055,610.2823773047545
6846,0.170,0.060,608.7356451750753
6847,0.170,0.065,607.1863053146207
6848,0.170,0.070,605.6343825023802
6849,0.170,0.075,604.0799019432565
6850,0.170,0.080,602.5228892695684
6851,0.170,0.085,600.9633705424676
6852,0.170,0.090,599.4013722532617
6853,0.170,0.095,597.8369213246455
6854,0.170,0.100,596.2700451118352
6855,0.170,0.105,594.7007714036052
6856,0.170,0.110,593.1291284232228
6857,0.170,0.115,591.5551448292817
6858,0.170,0.120,589.9788497164278
6859,0.170,0.125,588.400272615979
6860,0.170,0.130,586.8194434964338
6861,0.170,0.135,585.2363927638675
6862,0.170,0.140,583.6511512622131
6863,0.170,0.145,582.0637502734262
6864,0.170,0.150,580.4742215175281
6865,0.170,0.155,578.8825971525296
6866,0.170,0.160,577.2889097742282
6867,0.170,0.165,575.6931924158811
6868,0.170,0.170,574.0954785477472
6869,0.170,0.175,572.4958020765013
6870,0.170,0.180,570.8941973445112
6871,0.170,0.185,569.2906991289841
6872,0.170,0.190,567.6853426409723
6873,0.170,0.195,566.0781635242413
6874,0.170,0.200,564.4691978539962
6875,0.170,0.205,562.8584821354643
6876,0.170,0.210,561.2460533023336
6877,0.170,0.215,559.6319487150427
6878,0.170,0.220,558.0162061589224
6879,0.170,0.225,556.3988638421872
6880,0.170,0.230,554.7799603937731
6881,0.170,0.235,553.1595348610224
6882,0.170,0.240,551.5376267072112
6883,0.170,0.245,549.9142758089218
6884,0.170,0.250,548.2895224532543
6885,0.170,0.255,546.6634073348797
6886,0.170,0.260,545.0359715529295
6887,0.170,0.265,543.4072566077252
6888,0.170,0.270,541.7773043973423
6889,0.170,0.275,540.1461572140082
6890,0.170,0.280,538.5138577403377
6891,0.170,0.285,536.8804490453978
6892,0.170,0.290,535.245974580607
6893,0.170,0.295,533.6104781754663
6894,0.170,0.300,531.9740040331191
6895,0.170,0.305,530.3365967257442
6896,0.170,0.310,528.698301189777
6897,0.170,0.315,527.0591627209603
6898,0.170,0.320,525.4192269692263
6899,0.170,0.325,523.7785399334053
6900,0.170,0.330,522.1371479557661
6901,0.170,0.335,520.4950977163844
6902,0.170,0.340,518.8524362273411
6903,0.170,0.345,517.209210826751
6904,0.170,0.350,515.5654691726218
6905,0.170,0.355,513.9212592365434
6906,0.170,0.360,512.27662929721
6907,0.170,0.365,510.63162793377444
6908,0.170,0.370,508.98630401903546
6909,0.170,0.375,507.3407067124599
6910,0.170,0.380,505.69488545304154
6911,0.170,0.385,504.0488899519954
6912,0.170,0.390,502.4027701852927
6913,0.170,0.395,500.7565763860336
6914,0.170,0.400,499.11035903666453
6915,0.170,0.405,497.4641688610374
6916,0.170,0.410,495.81805681631573
6917,0.170,0.415,494.17207408472837
6918,0.170,0.420,492.5262720651732
6919,0.170,0.425,490.8807023646743
6920,0.170,0.430,489.2354167896942
6921,0.170,0.435,487.5904673373029
6922,0.170,0.440,485.94590618620947
6923,0.170,0.445,484.3017856876561
6924,0.170,0.450,482.6581583561793
6925,0.170,0.455,481.0150768602412
6926,0.170,0.460,479.3725940127342
6927,0.170,0.465,477.7307627613625
6928,0.170,0.470,476.08963617890385
6929,0.170,0.475,474.449267453356
6930,0.170,0.480,472.80970987797116
6931,0.170,0.485,471.17101684118177
6932,0.170,0.490,469.533241816424
6933,0.170,0.495,467.89643835185984
6934,0.170,0.500,466.260660060006
6935,0.170,0.505,464.62596060726975
6936,0.170,0.510,462.99239370340126
6937,0.170,0.515,461.3600130908622
6938,0.170,0.520,459.7288725341184
6939,0.170,0.525,458.09902580886177
6940,0.170,0.530,456.4705266911637
6941,0.170,0.535,454.8434289465678
6942,0.170,0.540,453.2177863191265
6943,0.170,0.545,451.5936525203848
6944,0.170,0.550,449.97108121832
6945,0.170,0.555,448.3501260262397
6946,0.170,0.560,446.7308404916453
6947,0.170,0.565,445.113278085066
6948,0.170,0.570,443.49749218886905
6949,0.170,0.575,441.8835360860519
6950,0.170,0.580,440.2714629490222
6951,0.170,0.585,438.66132582837076
6952,0.170,0.590,437.05317764164477
6953,0.170,0.595,435.44707116212504
6954,0.170,0.600,433.84305900761535
6955,0.170,0.605,432.2411936292483
6956,0.170,0.610,430.6415273003141
6957,0.170,0.615,429.0441121051194
6958,0.170,0.620,427.44899992787896
6959,0.170,0.625,425.85624244165103
6960,0.170,0.630,424.26589109731725
6961,0.170,0.635,422.67799711261705
6962,0.170,0.640,421.0926114612404
6963,0.170,0.645,419.50978486198545
6964,0.170,0.650,417.92956776798695
6965,0.170,0.655,416.3520103560219
6966,0.170,0.660,414.7771625158964
6967,0.170,0.665,413.20507383992293
6968,0.170,0.670,411.63579361248975
6969,0.170,0.675,410.06937079973113
6970,0.170,0.680,408.5058540393034
6971,0.170,0.685,406.945291630271
6972,0.170,0.690,405.38773152311006
6973,0.170,0.695,403.8332213098335
6974,0.170,0.700,402.2818082142437
6975,0.170,0.705,400.7335390823173
6976,0.170,0.710,399.18846037272846
6977,0.170,0.715,397.6466181475145
6978,0.170,0.720,396.10805806288914
6979,0.170,0.725,394.5728253602087
6980,0.170,0.730,393.04096485709573
6981,0.170,0.735,391.5125209387235
6982,0.170,0.740,389.98753754926884
6983,0.170,0.745,388.46605818353345
6984,0.170,0.750,386.94812587874196
6985,0.170,0.755,385.43378320651846
6986,0.170,0.760,383.9230722650453
6987,0.170,0.765,382.41603467140965
6988,0.170,0.770,380.91271155414023
6989,0.170,0.775,379.4131435459372
6990,0.170,0.780,377.91737077660036
6991,0.170,0.785,376.4254328661567
6992,0.170,0.790,374.9373689181923
6993,0.170,0.795,373.4532175133896
6994,0.170,0.800,371.97301670327363
6995,0.170,0.805,370.4968040041712
6996,0.170,0.810,369.02461639138124
6997,0.170,0.815,367.55649029356334
6998,0.170,0.820,366.09246158734294
6999,0.170,0.825,364.63256559213704
7000,0.170,0.830,363.1768370652004
7001,0.170,0.835,361.7253101968959
7002,0.170,0.840,360.2780186061873
7003,0.170,0.845,358.83499533635944
7004,0.170,0.850,357.3962728509623
7005,0.170,0.855,355.96188302998416
7006,0.170,0.860,354.53185716625114
7007,0.170,0.865,353.10622596205457
7008,0.170,0.870,351.6850195260076
7009,0.170,0.875,350.2682673701291
7010,0.170,0.880,348.8559984071564
7011,0.170,0.885,347.44824094808564
7012,0.170,0.890,346.04502269993964
7013,0.170,0.895,344.64637076376266
7014,0.170,0.900,343.2523116328415
7015,0.170,0.905,341.862871191151
7016,0.170,0.910,340.47807471202475
7017,0.170,0.915,339.09794685704804
7018,0.170,0.920,337.7225116751713
7019,0.170,0.925,336.35179260204563
7020,0.170,0.930,334.98581245957456
7021,0.170,0.935,333.62459345568277
7022,0.170,0.940,332.26815718429935
7023,0.170,0.945,330.91652462555334
7024,0.170,0.950,329.56971614617856
7025,0.170,0.955,328.22775150012745
7026,0.170,0.960,326.89064982938805
7027,0.170,0.965,325.55842966500535
7028,0.170,0.970,324.2311089283013
7029,0.170,0.975,322.90870493229187
7030,0.170,0.980,321.59123438329823
7031,0.170,0.985,320.27871338274866
7032,0.170,0.990,318.97115742916816
7033,0.170,0.995,317.6685814203524
7034,0.170,1.000,316.3709996557231
7035,0.175,0.000,625.7526627503734
7036,0.175,0.005,624.2303573437478
7037,0.175,0.010,622.7051840897354
7038,0.175,0.015,621.177163426152
7039,0.175,0.020,619.6463162003735
7040,0.175,0.025,618.1126636717084
7041,0.175,0.030,616.5762275137062
7042,0.175,0.035,615.0370298163976
7043,0.175,0.040,613.4950930884677
7044,0.175,0.045,611.950440259355
7045,0.175,0.050,610.4030946812802
7046,0.175,0.055,608.8530801311956
7047,0.175,0.060,607.3004208126586
7048,0.175,0.065,605.7451413576222
7049,0.175,0.070,604.1872668281447
7050,0.175,0.075,602.6268227180118
7051,0.175,0.080,601.063834954271
7052,0.175,0.085,599.4983298986771
7053,0.175,0.090,597.9303343490423
7054,0.175,0.095,596.3598755404936
7055,0.175,0.100,594.7869811466305
7056,0.175,0.105,593.2116792805831
7057,0.175,0.110,591.6339984959682
7058,0.175,0.115,590.0539677877387
7059,0.175,0.120,588.471616592928
7060,0.175,0.125,586.8869747912814
7061,0.175,0.130,585.3000727057781
7062,0.175,0.135,583.7109411030359
7063,0.175,0.140,582.1196111935998
7064,0.175,0.145,580.5261146321119
7065,0.175,0.150,578.9304835173572
7066,0.175,0.155,577.3327503921868
7067,0.175,0.160,575.7329482433139
7068,0.175,0.165,574.1311105009806
7069,0.175,0.170,572.5272710384937
7070,0.175,0.175,570.9214641716271
7071,0.175,0.180,569.3137246578875
7072,0.175,0.185,567.7040876956439
7073,0.175,0.190,566.0925889231157
7074,0.175,0.195,564.4792644172178
7075,0.175,0.200,562.8641506922644
7076,0.175,0.205,561.2472846985229
7077,0.175,0.210,559.6287038206218
7078,0.175,0.215,558.008445875808
7079,0.175,0.220,556.3865491120508
7080,0.175,0.225,554.7630522059935
7081,0.175,0.230,553.1379942607484
7082,0.175,0.235,551.5114148035341
7083,0.175,0.240,549.8833537831545
7084,0.175,0.245,548.2538515673164
7085,0.175,0.250,546.622948939786
7086,0.175,0.255,544.9906870973801
7087,0.175,0.260,543.3571076467941
7088,0.175,0.265,541.7222526012621
7089,0.175,0.270,540.0861643770513
7090,0.175,0.275,538.4488857897863
7091,0.175,0.280,536.8104600506049
7092,0.175,0.285,535.1709307621425
7093,0.175,0.290,533.5303419143459
7094,0.175,0.295,531.8887378801143
7095,0.175,0.300,530.246163410768
7096,0.175,0.305,528.6026636313444
7097,0.175,0.310,526.9582840357182
7098,0.175,0.315,525.3130704815496
7099,0.175,0.320,523.6670691850574
7100,0.175,0.325,522.0203267156173
7101,0.175,0.330,520.3728899901863
7102,0.175,0.335,518.7248062675527
7103,0.175,0.340,517.0761231424116
7104,0.175,0.345,515.4268885392669
7105,0.175,0.350,513.7771507061598
7106,0.175,0.355,512.1269582082259
7107,0.175,0.360,510.47635992107803
7108,0.175,0.365,508.8254050240198
7109,0.175,0.370,507.1741429930886
7110,0.175,0.375,505.522623593929
7111,0.175,0.380,503.8708968744996
7112,0.175,0.385,502.21901315761176
7113,0.175,0.390,500.56702303330576
7114,0.175,0.395,498.9149773510612
7115,0.175,0.400,497.2629272118486
7116,0.175,0.405,495.6109239600189
7117,0.175,0.410,493.9590191750382
7118,0.175,0.415,492.30726466306487
7119,0.175,0.420,490.65571244837577
7120,0.175,0.425,489.0044147646407
7121,0.175,0.430,487.3534240460503
7122,0.175,0.435,485.70279291829775
7123,0.175,0.440,484.0525741894197
7124,0.175,0.445,482.40282084049693
7125,0.175,0.450,480.7535860162204
7126,0.175,0.455,479.1049230153239
7127,0.175,0.460,477.4568852808883
7128,0.175,0.465,475.80952639051924
7129,0.175,0.470,474.16290004640484
7130,0.175,0.475,472.51706006525416
7131,0.175,0.480,470.87206036812194
7132,0.175,0.485,469.2279549701243
7133,0.175,0.490,467.5847979700481
7134,0.175,0.495,465.9426435398595
7135,0.175,0.500,464.3015459141159
7136,0.175,0.505,462.66155937928556
7137,0.175,0.510,461.0227382629804
7138,0.175,0.515,459.3851369231051
7139,0.175,0.520,457.74880973693
7140,0.175,0.525,456.1138110900906
7141,0.175,0.530,454.48019536551965
7142,0.175,0.535,452.8480169323176
7143,0.175,0.540,451.21733013456554
7144,0.175,0.545,449.588189280087
7145,0.175,0.550,447.9606486291645
7146,0.175,0.555,446.3347623832142
7147,0.175,0.560,444.7105846734276
7148,0.175,0.565,443.08816954938317
7149,0.175,0.570,441.4675709676355
7150,0.175,0.575,439.84884278028676
7151,0.175,0.580,438.23203872354696
7152,0.175,0.585,436.61721240628884
7153,0.175,0.590,435.0044172986037
7154,0.175,0.595,433.39370672036307
7155,0.175,0.600,431.7851338297943
7156,0.175,0.605,430.17875161207377
7157,0.175,0.610,428.57461286794614
7158,0.175,0.615,426.97277020237436
7159,0.175,0.620,425.3732760132267
7160,0.175,0.625,423.77618248000755
7161,0.175,0.630,422.1815415526384
7162,0.175,0.635,420.5894049402928
7163,0.175,0.640,418.99982410029577
7164,0.175,0.645,417.41285022708905
7165,0.175,0.650,415.8285342412715
7166,0.175,0.655,414.24692677871934
7167,0.175,0.660,412.66807817979327
7168,0.175,0.665,411.0920384786361
7169,0.175,0.670,409.5188573925703
7170,0.175,0.675,407.9485843115982
7171,0.175,0.680,406.3812682880126
7172,0.175,0.685,404.8169580261217
7173,0.175,0.690,403.2557018720968
7174,0.175,0.695,401.6975478039445
7175,0.175,0.700,400.1425434216133
7176,0.175,0.705,398.5907359372355
7177,0.175,0.710,397.0421721655128
7178,0.175,0.715,395.4968985142505
7179,0.175,0.720,393.9549609750429
7180,0.175,0.725,392.4164051141183
7181,0.175,0.730,390.88127606334535
7182,0.175,0.735,389.3496185114079
7183,0.175,0.740,387.82147669515126
7184,0.175,0.745,386.29689439110496
7185,0.175,0.750,384.7759149071858
7186,0.175,0.755,383.25858107458663
7187,0.175,0.760,381.7449352398535
7188,0.175,0.765,380.2350192571549
7189,0.175,0.770,378.7288744807486
7190,0.175,0.775,377.2265417576472
7191,0.175,0.780,375.7280614204881
7192,0.175,0.785,374.2334732806084
7193,0.175,0.790,372.74281662133143
7194,0.175,0.795,371.2561301914635
7195,0.175,0.800,369.7734521990075
7196,0.175,0.805,368.2948203050926
7197,0.175,0.810,366.82027161812545
7198,0.175,0.815,365.34984268816197
7199,0.175,0.820,363.8835695015043
7200,0.175,0.825,362.4214874755234
7201,0.175,0.830,360.9636314537087
7202,0.175,0.835,359.51003570094736
7203,0.175,0.840,358.0607338990337
7204,0.175,0.845,356.6157591424094
7205,0.175,0.850,355.17514393413643
7206,0.175,0.855,353.73892018210256
7207,0.175,0.860,352.3071191954609
7208,0.175,0.865,350.8797716813026
7209,0.175,0.870,349.4569077415635
7210,0.175,0.875,348.0385568701656
7211,0.175,0.880,346.62474795039157
7212,0.175,0.885,345.21550925249267
7213,0.175,0.890,343.81086843153014
7214,0.175,0.895,342.4108525254482
7215,0.175,0.900,341.015487953379
7216,0.175,0.905,339.62480051417725
7217,0.175,0.910,338.2388153851845
7218,0.175,0.915,336.85755712122085
7219,0.175,0.920,335.48104965380287
7220,0.175,0.925,334.10931629058655
7221,0.175,0.930,332.7423797150326
7222,0.175,0.935,331.38026198629206
7223,0.175,0.940,330.0229845393121
7224,0.175,0.945,328.67056818515664
7225,0.175,0.950,327.3230331115418
7226,0.175,0.955,325.980398883583
7227,0.175,0.960,324.64268444475044
7228,0.175,0.965,323.30990811803093
7229,0.175,0.970,321.9820876072935
7230,0.175,0.975,320.6592399988542
7231,0.175,0.980,319.3413817632389
7232,0.175,0.985,318.02852875713967
7233,0.175,0.990,316.7206962255617
7234,0.175,0.995,315.4178988041579
7235,0.175,1.000,314.12015052174644
7236,0.180,0.000,624.3803915600354
7237,0.180,0.005,622.8522601115573
7238,0.180,0.010,621.321245420089
7239,0.180,0.015,619.7873681474655
7240,0.180,0.020,618.2506493705716
7241,0.180,0.025,616.7111105837606
7242,0.180,0.030,615.1687737012078
7243,0.180,0.035,613.6236610591949
7244,0.180,0.040,612.0757954183258
7245,0.180,0.045,610.525199965669
7246,0.180,0.050,608.9718983168243
7247,0.180,0.055,607.4159145179138
7248,0.180,0.060,605.8572730474915
7249,0.180,0.065,604.295998818372
7250,0.180,0.070,602.7321171793731
7251,0.180,0.075,601.1656539169729
7252,0.180,0.080,599.5966352568759
7253,0.180,0.085,598.0250878654874
7254,0.180,0.090,596.4510388512939
7255,0.180,0.095,594.8745157661458
7256,0.180,0.100,593.2955466064404
7257,0.180,0.105,591.7141598142032
7258,0.180,0.110,590.1303842780648
7259,0.180,0.115,588.5442493341297
7260,0.180,0.120,586.9557847667367
7261,0.180,0.125,585.3650208091065
7262,0.180,0.130,583.7719881438749
7263,0.180,0.135,582.1767179035087
7264,0.180,0.140,580.5792416706028
7265,0.180,0.145,578.979591478054
7266,0.180,0.150,577.3777998091124
7267,0.180,0.155,575.7738995973032
7268,0.180,0.160,574.1679242262221
7269,0.180,0.165,572.5599075291975
7270,0.180,0.170,570.9498837888184
7271,0.180,0.175,569.3378877363278
7272,0.180,0.180,567.7239545508755
7273,0.180,0.185,566.1081198586317
7274,0.180,0.190,564.4904197317566
7275,0.180,0.195,562.8708906872249
7276,0.180,0.200,561.249569685504
7277,0.180,0.205,559.626494129081
7278,0.180,0.210,558.0017018608404
7279,0.180,0.215,556.3752311622858
7280,0.180,0.220,554.7471207516087
7281,0.180,0.225,553.1174097815986
7282,0.180,0.230,551.4861378373939
7283,0.180,0.235,549.8533449340737
7284,0.180,0.240,548.2190715140841
7285,0.180,0.245,546.5833584445036
7286,0.180,0.250,544.9462470141405
7287,0.180,0.255,543.3077789304634
7288,0.180,0.260,541.6679963163654
7289,0.180,0.265,540.0269417067544
7290,0.180,0.270,538.3846580449766
7291,0.180,0.275,536.7411886790641
7292,0.180,0.280,535.0965773578115
7293,0.180,0.285,533.4508682266775
7294,0.180,0.290,531.8041058235111
7295,0.180,0.295,530.1563350741021
7296,0.180,0.300,528.507601287555
7297,0.180,0.305,526.8579501514864
7298,0.180,0.310,525.2074277270426
7299,0.180,0.315,523.5560804437429
7300,0.180,0.320,521.9039550941405
7301,0.180,0.325,520.2510988283092
7302,0.180,0.330,518.5975591481473
7303,0.180,0.335,516.9433839015085
7304,0.180,0.340,515.28862127615
7305,0.180,0.345,513.6333197935063
7306,0.180,0.350,511.97752830228404
7307,0.180,0.355,510.3212959718809
7308,0.180,0.360,508.66467228562954
7309,0.180,0.365,507.007707033865
7310,0.180,0.370,505.35045030682005
7311,0.180,0.375,503.6929524873464
7312,0.180,0.380,502.03526424346495
7313,0.180,0.385,500.3774365207469
7314,0.180,0.390,498.7195205345246
7315,0.180,0.395,497.06156776193745
7316,0.180,0.400,495.403629933812
7317,0.180,0.405,493.7457590263792
7318,0.180,0.410,492.0880072528312
7319,0.180,0.415,490.4304270547194
7320,0.180,0.420,488.7730710931963
7321,0.180,0.425,487.1159922401043
7322,0.180,0.430,485.4592435689134
7323,0.180,0.435,483.8028783455108
7324,0.180,0.440,482.1469500188461
7325,0.180,0.445,480.49151221143387
7326,0.180,0.450,478.8366187097185
7327,0.180,0.455,477.18232345430323
7328,0.180,0.460,475.5286805300485
7329,0.180,0.465,473.8757441560413
7330,0.180,0.470,472.2235686754416
7331,0.180,0.475,470.5722085452077
7332,0.180,0.480,468.9217183257072
7333,0.180,0.485,467.27215267021404
7334,0.180,0.490,465.6235663143004
7335,0.180,0.495,463.97601406512433
7336,0.180,0.500,462.32955079062
7337,0.180,0.505,460.68423140859375
7338,0.180,0.510,459.04011087573224
7339,0.180,0.515,457.3972441765265
7340,0.180,0.520,455.7556863121178
7341,0.180,0.525,454.11549228906927
7342,0.180,0.530,452.4767171080709
7343,0.180,0.535,450.83941575258075
7344,0.180,0.540,449.2036431774091
7345,0.180,0.545,447.56945429725175
7346,0.180,0.550,445.93690397517634
7347,0.180,0.555,444.30604701106955
7348,0.180,0.560,442.6769381300493
7349,0.180,0.565,441.04963197084845
7350,0.180,0.570,439.42418307417677
7351,0.180,0.575,437.8006458710658
7352,0.180,0.580,436.1790746712037
7353,0.180,0.585,434.5595236512655
7354,0.180,0.590,432.94204684324626
7355,0.180,0.595,431.326698122801
7356,0.180,0.600,429.7135311976011
7357,0.180,0.605,428.10259959570914
7358,0.180,0.610,426.4939566539829
7359,0.180,0.615,424.8876555065113
7360,0.180,0.620,423.2837490730908
7361,0.180,0.625,421.68229004774776
7362,0.180,0.630,420.08333088731274
7363,0.180,0.635,418.48692380005446
7364,0.180,0.640,416.8931207343774
7365,0.180,0.645,415.3019733675921
7366,0.180,0.650,413.71353309476194
7367,0.180,0.655,412.12785101763393
7368,0.180,0.660,410.54497793366016
7369,0.180,0.665,408.964964325114
7370,0.180,0.670,407.3878603483093
7371,0.180,0.675,405.81371582292775
7372,0.180,0.680,404.2425802214596
7373,0.180,0.685,402.6745026587647
7374,0.180,0.690,401.1095318817595
7375,0.180,0.695,399.5477162592345
7376,0.180,0.700,397.9891037718103
7377,0.180,0.705,396.4337420020341
7378,0.180,0.710,394.88167812462547
7379,0.180,0.715,393.33295889687497
7380,0.180,0.720,391.787630649201
7381,0.180,0.725,390.24573927586977
7382,0.180,0.730,388.7073302258842
7383,0.180,0.735,387.17244849404534
7384,0.180,0.740,385.64113861219175
7385,0.180,0.745,384.11344464062114
7386,0.180,0.750,382.5894101596986
7387,0.180,0.755,381.06907826165593
7388,0.180,0.760,379.55249154258524
7389,0.180,0.765,378.0396920946322
7390,0.180,0.770,376.5307214983913
7391,0.180,0.775,375.0256208155071
7392,0.180,0.780,373.52443058148606
7393,0.180,0.785,372.02719079871946
7394,0.180,0.790,370.53394092972405
7395,0.180,0.795,369.04471989060005
7396,0.180,0.800,367.55956604471123
7397,0.180,0.805,366.0785171965889
7398,0.180,0.810,364.60161058606235
7399,0.180,0.815,363.1288828826171
7400,0.180,0.820,361.660370179985
7401,0.180,0.825,360.1961079909651
7402,0.180,0.830,358.7361312424792
7403,0.180,0.835,357.28047427086256
7404,0.180,0.840,355.82917081739123
7405,0.180,0.845,354.3822540240463
7406,0.180,0.850,352.93975642951773
7407,0.180,0.855,351.5017099654457
7408,0.180,0.860,350.0681459529026
7409,0.180,0.865,348.63909509911474
7410,0.180,0.870,347.2145874944233
7411,0.180,0.875,345.7946526094857
7412,0.180,0.880,344.3793192927164
7413,0.180,0.885,342.96861576796675
7414,0.180,0.890,341.56256963244334
7415,0.180,0.895,340.161207854864
7416,0.180,0.900,338.76455677385087
7417,0.180,0.905,337.3726420965583
7418,0.180,0.910,335.985488897536
7419,0.180,0.915,334.60312161782446
7420,0.180,0.920,333.2255640642811
7421,0.180,0.925,331.8528394091369
7422,0.180,0.930,330.4849701897795
7423,0.180,0.935,329.12197830876244
7424,0.180,0.940,327.76388503403626
7425,0.180,0.945,326.41071099940194
7426,0.180,0.950,325.0624762051812
7427,0.180,0.955,323.7192000191032
7428,0.180,0.960,322.3809011774032
7429,0.180,0.965,321.0475977861317
7430,0.180,0.970,319.7193073226703
7431,0.180,0.975,318.3960466374508
7432,0.180,0.980,317.0778319558751
7433,0.180,0.985,315.76467888043203
7434,0.180,0.990,314.4566023930076
7435,0.180,0.995,313.15361685738566
7436,0.180,1.000,311.8557360219342
7437,0.185,0.000,623.0007701047215
7438,0.185,0.005,621.4667594219954
7439,0.185,0.010,619.9298498440818
7440,0.185,0.015,618.3900622593384
7441,0.185,0.020,616.8474179767668
7442,0.185,0.025,615.30193872848
7443,0.185,0.030,613.7536466721012
7444,0.185,0.035,612.2025643930954
7445,0.185,0.040,610.6487149070281
7446,0.185,0.045,609.0921216617514
7447,0.185,0.050,607.5328085395141
7448,0.185,0.055,605.9707998589911
7449,0.185,0.060,604.4061203772338
7450,0.185,0.065,602.8387952915363
7451,0.185,0.070,601.2688502412137
7452,0.185,0.075,599.6963113092951
7453,0.185,0.080,598.1212050241215
7454,0.185,0.085,596.5435583608529
7455,0.185,0.090,594.9633987428776
7456,0.185,0.095,593.3807540431231
7457,0.185,0.100,591.795652585265
7458,0.185,0.105,590.2081231448326
7459,0.185,0.110,588.6181949502077
7460,0.185,0.115,587.025897683514
7461,0.185,0.120,585.4312614813948
7462,0.185,0.125,583.8343169356766
7463,0.185,0.130,582.2350950939158
7464,0.185,0.135,580.6336274598262
7465,0.185,0.140,579.0299459935845
7466,0.185,0.145,577.4240831120109
7467,0.185,0.150,575.8160716886233
7468,0.185,0.155,574.2059450535625
7469,0.185,0.160,572.5937369933847
7470,0.185,0.165,570.9794817507199
7471,0.185,0.170,569.3632140237943
7472,0.185,0.175,567.7449689658124
7473,0.185,0.180,566.1247821841991
7474,0.185,0.185,564.5026897396967
7475,0.185,0.190,562.8787281453172
7476,0.185,0.195,561.2529343651446
7477,0.185,0.200,559.6253458129893
7478,0.185,0.205,557.9960003508872
7479,0.185,0.210,556.3649362874461
7480,0.185,0.215,554.7321923760343
7481,0.185,0.220,553.097807812811
7482,0.185,0.225,551.4618222345958
7483,0.185,0.230,549.824275716576
7484,0.185,0.235,548.1852087698493
7485,0.185,0.240,546.5446623388
7486,0.185,0.245,544.9026777983089
7487,0.185,0.250,543.2592969507924
7488,0.185,0.255,541.6145620230716
7489,0.185,0.260,539.9685156630682
7490,0.185,0.265,538.3212009363286
7491,0.185,0.270,536.6726613223711
7492,0.185,0.275,535.0229407108583
7493,0.185,0.280,533.3720833975912
7494,0.185,0.285,531.720134080327
7495,0.185,0.290,530.067137854416
7496,0.185,0.295,528.4131402082595
7497,0.185,0.300,526.7581870185868
7498,0.185,0.305,525.102324545552
7499,0.185,0.310,523.4455994276481
7500,0.185,0.315,521.7880586764395
7501,0.185,0.320,520.1297496711129
7502,0.185,0.325,518.4707201528453
7503,0.185,0.330,516.8110182189894
7504,0.185,0.335,515.1506923170778
7505,0.185,0.340,513.4897912386442
7506,0.185,0.345,511.8283641128643
7507,0.185,0.350,510.1664604000134
7508,0.185,0.355,508.5041298847469
7509,0.185,0.360,506.84142266919713
7510,0.185,0.365,505.17838916589494
7511,0.185,0.370,503.51508009051196
7512,0.185,0.375,501.8515464544258
7513,0.185,0.380,500.1878395571109
7514,0.185,0.385,498.5240109783561
7515,0.185,0.390,496.86011257030844
7516,0.185,0.395,495.19619644934795
7517,0.185,0.400,493.53231498779365
7518,0.185,0.405,491.86852080544276
7519,0.185,0.410,490.2048667609456
7520,0.185,0.415,488.54140594301975
7521,0.185,0.420,486.8781916615029
7522,0.185,0.425,485.2152774382504
7523,0.185,0.430,483.5527169978786
7524,0.185,0.435,481.8905642583566
7525,0.185,0.440,480.22887332145064
7526,0.185,0.445,478.56769846302296
7527,0.185,0.450,476.907094123191
7528,0.185,0.455,475.247114896346
7529,0.185,0.460,473.58781552104074
7530,0.185,0.465,471.92925086974446
7531,0.185,0.470,470.2714759384722
7532,0.185,0.475,468.61454583629234
7533,0.185,0.480,466.9585157747154
7534,0.185,0.485,465.3034410569694
7535,0.185,0.490,463.64937706716614
7536,0.185,0.495,461.9963792593628
7537,0.185,0.500,460.34450314652383
7538,0.185,0.505,458.693804289388
7539,0.185,0.510,457.04433828524515
7540,0.185,0.515,455.3961607566287
7541,0.185,0.520,453.7493273399284
7542,0.185,0.525,452.1038936739288
7543,0.185,0.530,450.4599153882789
7544,0.185,0.535,448.8174480918994
7545,0.185,0.540,447.176547361331
7546,0.185,0.545,445.53726872903263
7547,0.185,0.550,443.8996676716323
7548,0.185,0.555,442.2637995981391
7549,0.185,0.560,440.6297198381202
7550,0.185,0.565,438.99748362985105
7551,0.185,0.570,437.3671461084428
7552,0.185,0.575,435.7387622939549
7553,0.185,0.580,434.1123870794978
7554,0.185,0.585,432.4880752193336
7555,0.185,0.590,430.8658813169792
7556,0.185,0.595,429.24585981331967
7557,0.185,0.600,427.6280649747381
7558,0.185,0.605,426.0125508812676
7559,0.185,0.610,424.3993714147731
7560,0.185,0.615,422.78858024716874
7561,0.185,0.620,421.18023082867705
7562,0.185,0.625,419.5743763761373
7563,0.185,0.630,417.97106986136953
7564,0.185,0.635,416.3703639995988
7565,0.185,0.640,414.7723112379498
7566,0.185,0.645,413.17696374401413
7567,0.185,0.650,411.58437339449983
7568,0.185,0.655,409.9945917639684
7569,0.185,0.660,408.4076701136649
7570,0.185,0.665,406.8236593804487
7571,0.185,0.670,405.24261016583057
7572,0.185,0.675,403.6645727251219
7573,0.185,0.680,402.0895969567028
7574,0.185,0.685,400.5177323914145
7575,0.185,0.690,398.9490281820825
7576,0.185,0.695,397.38353309317597
7577,0.185,0.700,395.821295490609
7578,0.185,0.705,394.2623633316897
7579,0.185,0.710,392.706784155223
7580,0.185,0.715,391.15460507177073
7581,0.185,0.720,389.60587275407727
7582,0.185,0.725,388.06063342766316
7583,0.185,0.730,386.5189328615929
7584,0.185,0.735,384.98081635942214
7585,0.185,0.740,383.44632875032863
7586,0.185,0.745,381.9155143804308
7587,0.185,0.750,380.38841710429983
7588,0.185,0.755,378.86508027666866
7589,0.185,0.760,377.3455467443417
7590,0.185,0.765,375.8298588383105
7591,0.185,0.770,374.318058366078
7592,0.185,0.775,372.8101866041948
7593,0.185,0.780,371.30628429101296
7594,0.185,0.785,369.80639161965735
7595,0.185,0.790,368.3105482312207
7596,0.185,0.795,366.8187932081839
7597,0.185,0.800,365.33116506806294
7598,0.185,0.805,363.847701757289
7599,0.185,0.810,362.36844064531874
7600,0.185,0.815,360.8934185189818
7601,0.185,0.820,359.42267157706374
7602,0.185,0.825,357.9562354251293
7603,0.185,0.830,356.494145070585
7604,0.185,0.835,355.03643491798357
7605,0.185,0.840,353.5831387645721
7606,0.185,0.845,352.1342897960836
7607,0.185,0.850,350.68992058277297
7608,0.185,0.855,349.25006307569936
7609,0.185,0.860,347.814748603253
7610,0.185,0.865,346.3840078679293
7611,0.185,0.870,344.957870943348
7612,0.185,0.875,343.5363672715185
7613,0.185,0.880,342.1195256603508
7614,0.185,0.885,340.70737428141115
7615,0.185,0.890,339.2999406679221
7616,0.185,0.895,337.8972517130061
7617,0.185,0.900,336.49933366817066
7618,0.185,0.905,335.10621214203525
7619,0.185,0.910,333.7179120992973
7620,0.185,0.915,332.33445785993644
7621,0.185,0.920,330.95587309865505
7622,0.185,0.925,329.5821808445525
7623,0.185,0.930,328.2134034810326
7624,0.185,0.935,326.8495627459401
7625,0.185,0.940,325.4906797319253
7626,0.185,0.945,324.13677488703365
7627,0.185,0.950,322.78786801551774
7628,0.185,0.955,321.443978278869
7629,0.185,0.960,320.10512419706566
7630,0.185,0.965,318.771323650035
7631,0.185,0.970,317.44259387932544
7632,0.185,0.975,316.118951489986
7633,0.185,0.980,314.80041245264937
7634,0.185,0.985,313.4869921058152
7635,0.185,0.990,312.1787051583302
7636,0.185,0.995,310.87556569206026
7637,0.185,1.000,309.5775871647528
7638,0.190,0.000,621.6137262727835
7639,0.190,0.005,620.0737823237424
7640,0.190,0.010,618.5309235636005
7641,0.190,0.015,616.9851711097556
7642,0.190,0.020,615.4365465059525
7643,0.190,0.025,613.8850717247968
7644,0.190,0.030,612.3307691702051
7645,0.190,0.035,610.7736616797814
7646,0.190,0.040,609.2137725271235
7647,0.190,0.045,607.651125424053
7648,0.190,0.050,606.0857445227691
7649,0.190,0.055,604.51765441792
7650,0.190,0.060,602.9468801485943
7651,0.190,0.065,601.3734472002262
7652,0.190,0.070,599.7973815064121
7653,0.190,0.075,598.2187094506387
7654,0.190,0.080,596.6374578679163
7655,0.190,0.085,595.0536540463188
7656,0.190,0.090,593.4673257284229
7657,0.190,0.095,591.8785011126496
7658,0.190,0.100,590.287208854499
7659,0.190,0.105,588.6934780676829
7660,0.190,0.110,587.0973383251448
7661,0.190,0.115,585.4988196599722
7662,0.190,0.120,583.8979525661923
7663,0.190,0.125,582.2947679994535
7664,0.190,0.130,580.6892973775848
7665,0.190,0.135,579.0815725810373
7666,0.190,0.140,577.4716259531984
7667,0.190,0.145,575.8594903005796
7668,0.190,0.150,574.2451988928761
7669,0.190,0.155,572.6287854628935
7670,0.190,0.160,571.0102842063392
7671,0.190,0.165,569.3897297814784
7672,0.190,0.170,567.7671573086499
7673,0.190,0.175,566.1426023696388
7674,0.190,0.180,564.5161010069071
7675,0.190,0.185,562.8876897226751
7676,0.190,0.190,561.2574054778561
7677,0.190,0.195,559.6252856908372
7678,0.190,0.200,557.9913682361093
7679,0.190,0.205,556.3556914427388
7680,0.190,0.210,554.7182940926822
7681,0.190,0.215,553.0792154189414
7682,0.190,0.220,551.4384951035559
7683,0.190,0.225,549.7961732754306
7684,0.190,0.230,548.1522905079992
7685,0.190,0.235,546.5068878167176
7686,0.190,0.240,544.8600066563889
7687,0.190,0.245,543.2116889183176
7688,0.190,0.250,541.5619769272881
7689,0.190,0.255,539.9109134383725
7690,0.190,0.260,538.2585416335583
7691,0.190,0.265,536.6049051182015
7692,0.190,0.270,534.9500479173003
7693,0.190,0.275,533.2940144715876
7694,0.190,0.280,531.6368496334434
7695,0.190,0.285,529.9785986626256
7696,0.190,0.290,528.3193072218161
7697,0.190,0.295,526.6590213719844
7698,0.190,0.300,524.9977875675664
7699,0.190,0.305,523.3356526514573
7700,0.190,0.310,521.6726638498195
7701,0.190,0.315,520.0088687667047
7702,0.190,0.320,518.3443153784884
7703,0.190,0.325,516.6790520281197
7704,0.190,0.330,515.0131274191831
7705,0.190,0.335,513.3465906097756
7706,0.190,0.340,511.6794910061958
7707,0.190,0.345,510.0118783564492
7708,0.190,0.350,508.3438027435667
7709,0.190,0.355,506.6753145787406
7710,0.190,0.360,505.00646459427406
7711,0.190,0.365,503.337303836351
7712,0.190,0.370,501.6678836576212
7713,0.190,0.375,499.99825570960724
7714,0.190,0.380,498.32847193493126
7715,0.190,0.385,496.65858455936376
7716,0.190,0.390,494.98864608369774
7717,0.190,0.395,493.318709275447
7718,0.190,0.400,491.64882716037323
7719,0.190,0.405,489.9790530138432
7720,0.190,0.410,488.3094403520175
7721,0.190,0.415,486.6400429228739
7722,0.190,0.420,484.9709146970683
7723,0.190,0.425,483.3021098586354
7724,0.190,0.430,481.6336827955316
7725,0.190,0.435,479.9656880900242
7726,0.190,0.440,478.29818050892976
7727,0.190,0.445,476.6312149937038
7728,0.190,0.450,474.9648466503874
7729,0.190,0.455,473.299130739412
7730,0.190,0.460,471.6341226652687
7731,0.190,0.465,469.96987796604344
7732,0.190,0.470,468.3064523028241
7733,0.190,0.475,466.64390144898255
7734,0.190,0.480,464.9822812793373
7735,0.190,0.485,463.32164775919875
7736,0.190,0.490,461.6620569333054
7737,0.190,0.495,460.00356491465226
7738,0.190,0.500,458.3462278732182
7739,0.190,0.505,456.69010202459697
7740,0.190,0.510,455.0352436185375
7741,0.190,0.515,453.3817089273972
7742,0.190,0.520,451.72955423451566
7743,0.190,0.525,450.0788358225126
7744,0.190,0.530,448.4296099615171
7745,0.190,0.535,446.7819328973326
7746,0.190,0.540,445.13586083954425
7747,0.190,0.545,443.49144994957436
7748,0.190,0.550,441.8487563286918
7749,0.190,0.555,440.20783600598224
7750,0.190,0.560,438.56874492628333
7751,0.190,0.565,436.9315389380942
7752,0.190,0.570,435.29627378146296
7753,0.190,0.575,433.66300507585964
7754,0.190,0.580,432.0317883080417
7755,0.190,0.585,430.40267881991656
7756,0.190,0.590,428.7757317964101
7757,0.190,0.595,427.1510022533468
7758,0.190,0.600,425.5285450253468
7759,0.190,0.605,423.90841475374884
7760,0.190,0.610,422.29066587456447
7761,0.190,0.615,420.67535260646997
7762,0.190,0.620,419.0625289388433
7763,0.190,0.625,417.45224861985287
7764,0.190,0.630,415.8445651446043
7765,0.190,0.635,414.23953174335196
7766,0.190,0.640,412.6372013697824
7767,0.190,0.645,411.0376266893758
7768,0.190,0.650,409.4408600678521
7769,0.190,0.655,407.84695355970877
7770,0.190,0.660,406.25595889685576
7771,0.190,0.665,404.6679274773562
7772,0.190,0.670,403.08291035427584
7773,0.190,0.675,401.5009582246512
7774,0.190,0.680,399.92212141857993
7775,0.190,0.685,398.3464498884411
7776,0.190,0.690,396.77399319825065
7777,0.190,0.695,395.20480051315866
7778,0.190,0.700,393.63892058909363
7779,0.190,0.705,392.0764017625602
7780,0.190,0.710,390.51729194059493
7781,0.190,0.715,388.9616385908876
7782,0.190,0.720,387.4094887320711
7783,0.190,0.725,385.86088892418644
7784,0.190,0.730,384.3158852593285
7785,0.190,0.735,382.7745233524762
7786,0.190,0.740,381.236848332513
7787,0.190,0.745,379.70290483344144
7788,0.190,0.750,378.1727369857981
7789,0.190,0.755,376.64638840827035
7790,0.190,0.760,375.12390219952226
7791,0.190,0.765,373.6053209302316
7792,0.190,0.770,372.0906866353424
7793,0.190,0.775,370.58004080653734
7794,0.190,0.780,369.0734243849317
7795,0.190,0.785,367.5708777539954
7796,0.190,0.790,366.072440732702
7797,0.190,0.795,364.5781525689116
7798,0.190,0.800,363.0880519329876
7799,0.190,0.805,361.6021769116513
7800,0.190,0.810,360.1205650020761
7801,0.190,0.815,358.6432531062236
7802,0.190,0.820,357.1702775254239
7803,0.190,0.825,355.701673955201
7804,0.190,0.830,354.23747748034543
7805,0.190,0.835,352.77772257023594
7806,0.190,0.840,351.3224430744101
7807,0.190,0.845,349.8716722183859
7808,0.190,0.850,348.42544259973454
7809,0.190,0.855,346.9837861844051
7810,0.190,0.860,345.5467343033013
7811,0.190,0.865,344.11431764911094
7812,0.190,0.870,342.686566273387
7813,0.190,0.875,341.26350958388167
7814,0.190,0.880,339.8451763421311
7815,0.190,0.885,338.4315946612913
7816,0.190,0.890,337.0227920042249
7817,0.190,0.895,335.6187951818361
7818,0.190,0.900,334.21963035165373
7819,0.190,0.905,332.82532301666146
7820,0.190,0.910,331.4358980243723
7821,0.190,0.915,330.051379566147
7822,0.190,0.920,328.67179117675306
7823,0.190,0.925,327.2971557341643
7824,0.190,0.930,325.9274954595958
7825,0.190,0.935,324.56283191777555
7826,0.190,0.940,323.20318601744674
7827,0.190,0.945,321.84857801210046
7828,0.190,0.950,320.499027500935
7829,0.190,0.955,319.1545534300382
7830,0.190,0.960,317.81517409379165
7831,0.190,0.965,316.4809071364913
7832,0.190,0.970,315.1517695541828
7833,0.190,0.975,313.82777769670713
7834,0.190,0.980,312.5089472699533
7835,0.190,0.985,311.19529333831474
7836,0.190,0.990,309.8868303273446
7837,0.190,0.995,308.5835720266076
7838,0.190,1.000,307.2855315927229
7839,0.195,0.000,620.2191870194794
7840,0.195,0.005,618.6732549142081
7841,0.195,0.010,617.1243918108395
7842,0.195,0.015,615.5726190583433
7843,0.195,0.020,614.0179584378473
7844,0.195,0.025,612.4604321652032
7845,0.195,0.030,610.9000628934864
7846,0.195,0.035,609.3368737154208
7847,0.195,0.040,607.7708881657336
7848,0.195,0.045,606.2021302234313
7849,0.195,0.050,604.6306243139976
7850,0.195,0.055,603.0563953115108
7851,0.195,0.060,601.4794685406756
7852,0.195,0.065,599.899869778769
7853,0.195,0.070,598.3176252574978
7854,0.195,0.075,596.7327616647619
7855,0.195,0.080,595.1453061463266
7856,0.195,0.085,593.5552863073932
7857,0.195,0.090,591.9627302140742
7858,0.195,0.095,590.3676663947621
7859,0.195,0.100,588.7701238413953
7860,0.195,0.105,587.1701320106154
7861,0.195,0.110,585.5677208248133
7862,0.195,0.115,583.9629206730623
7863,0.195,0.120,582.3557624119352
7864,0.195,0.125,580.7462773662028
7865,0.195,0.130,579.1344973294096
7866,0.195,0.135,577.5204545643278
7867,0.195,0.140,575.9041818032821
7868,0.195,0.145,574.2857122483462
7869,0.195,0.150,572.6650795714075
7870,0.195,0.155,571.0423179140961
7871,0.195,0.160,569.4174618875776
7872,0.195,0.165,567.7905465722048
7873,0.195,0.170,566.1616075170284
7874,0.195,0.175,564.530680739162
7875,0.195,0.180,562.8978027229992
7876,0.195,0.185,561.2630104192823
7877,0.195,0.190,559.6263412440172
7878,0.195,0.195,557.9878330772351
7879,0.195,0.200,556.3475242615966
7880,0.195,0.205,554.7054536008358
7881,0.195,0.210,553.0616603580454
7882,0.195,0.215,551.4161842537953
7883,0.195,0.220,549.7690654640884
7884,0.195,0.225,548.1203446181457
7885,0.195,0.230,546.4700627960254
7886,0.195,0.235,544.8182615260663
7887,0.195,0.240,543.1649827821612
7888,0.195,0.245,541.5102689808535
7889,0.195,0.250,539.8541629782569
7890,0.195,0.255,538.1967080667972
7891,0.195,0.260,536.5379479717739
7892,0.195,0.265,534.8779268477397
7893,0.195,0.270,533.2166892746983
7894,0.195,0.275,531.554280254118
7895,0.195,0.280,529.890745204759
7896,0.195,0.285,528.2261299583155
7897,0.195,0.290,526.5604807548704
7898,0.195,0.295,524.8938442381622
7899,0.195,0.300,523.2262674506617
7900,0.195,0.305,521.557797828462
7901,0.195,0.310,519.888483195976
7902,0.195,0.315,518.2183717604449
7903,0.195,0.320,516.5475121062558
7904,0.195,0.325,514.8759531890688
7905,0.195,0.330,513.203744329754
7906,0.195,0.335,511.5309352081364
7907,0.195,0.340,509.8575758565514
7908,0.195,0.345,508.18371665321143
7909,0.195,0.350,506.509408315381
7910,0.195,0.355,504.8347018923649
7911,0.195,0.360,503.1596487583071
7912,0.195,0.365,501.48430060480445
7913,0.195,0.370,499.80870943333207
7914,0.195,0.375,498.1329275474867
7915,0.195,0.380,496.45700754504503
7916,0.195,0.385,494.7810023098416
7917,0.195,0.390,493.1049650034652
7918,0.195,0.395,491.4289490567796
7919,0.195,0.400,489.7530081612657
7920,0.195,0.405,488.07719626019167
7921,0.195,0.410,486.4015675396101
7922,0.195,0.415,484.72617641918737
7923,0.195,0.420,483.0510775428658
7924,0.195,0.425,481.3763257693624
7925,0.195,0.430,479.7019761625069
7926,0.195,0.435,478.0280839814222
7927,0.195,0.440,476.35470467055086
7928,0.195,0.445,474.6818938495304
7929,0.195,0.450,473.0097073029215
7930,0.195,0.455,471.33820096979247
7931,0.195,0.460,469.667430933165
7932,0.195,0.465,467.9974534093228
7933,0.195,0.470,466.3283247369905
7934,0.195,0.475,464.6601013663842
7935,0.195,0.480,462.9928398481409
7936,0.195,0.485,461.3265968221284
7937,0.195,0.490,459.6614290061439
7938,0.195,0.495,457.99739318450287
7939,0.195,0.500,456.33454619652565
7940,0.195,0.505,454.6729449249262
7941,0.195,0.510,453.01264628410746
7942,0.195,0.515,451.35370720837096
7943,0.195,0.520,449.69618464004293
7944,0.195,0.525,448.0401355175263
7945,0.195,0.530,446.3856167632816
7946,0.195,0.535,444.73268527174343
7947,0.195,0.540,443.0813978971799
7948,0.195,0.545,441.4318114414987
7949,0.195,0.550,439.78398264200797
7950,0.195,0.555,438.1379681591375
7951,0.195,0.560,436.4938245641262
7952,0.195,0.565,434.8516083266839
7953,0.195,0.570,433.2113758026314
7954,0.195,0.575,431.57318322152844
7955,0.195,0.580,429.93708667429314
7956,0.195,0.585,428.30314210082247
7957,0.195,0.590,426.67140527761813
7958,0.195,0.595,425.0419318054264
7959,0.195,0.600,423.4147770968973
7960,0.195,0.605,421.78999636427164
7961,0.195,0.610,420.1676446071009
7962,0.195,0.615,418.5477766000082
7963,0.195,0.620,416.9304468804971
7964,0.195,0.625,415.31570973681374
7965,0.195,0.630,413.70361919587236
7966,0.195,0.635,412.0942290112466
7967,0.195,0.640,410.4875926512375
7968,0.195,0.645,408.88376328702304
7969,0.195,0.650,407.2827937808955
7970,0.195,0.655,405.6847366745954
7971,0.195,0.660,404.08964417774695
7972,0.195,0.665,402.4975681564015
7973,0.195,0.670,400.90856012169763
7974,0.195,0.675,399.3226712186416
7975,0.195,0.680,397.7399522150169
7976,0.195,0.685,396.1604534904277
7977,0.195,0.690,394.5842250254834
7978,0.195,0.695,393.01131639112924
7979,0.195,0.700,391.44177673813095
7980,0.195,0.705,389.87565478671667
7981,0.195,0.710,388.31299881638466
7982,0.195,0.715,386.75385665588044
7983,0.195,0.720,385.1982756733496
7984,0.195,0.725,383.64630276667253
7985,0.195,0.730,382.0979843539842
7986,0.195,0.735,380.55336636438636
7987,0.195,0.740,379.01249422885587
7988,0.195,0.745,377.4754128713538
7989,0.195,0.750,375.94216670014083
7990,0.195,0.755,374.4127995993023
7991,0.195,0.760,372.88735492048824
7992,0.195,0.765,371.3658754748719
7993,0.195,0.770,369.84840352533035
7994,0.195,0.775,368.33498077885145
7995,0.195,0.780,366.82564837917073
7996,0.195,0.785,365.32044689964164
7997,0.195,0.790,363.81941633634136
7998,0.195,0.795,362.3225961014159
7999,0.195,0.800,360.83002501666766
8000,0.195,0.805,359.3417413073868
8001,0.195,0.810,357.85778259643047
8002,0.195,0.815,356.37818589854925
8003,0.195,0.820,354.90298761496604
8004,0.195,0.825,353.43222352820726
8005,0.195,0.830,351.9659287971875
8006,0.195,0.835,350.5041379525502
8007,0.195,0.840,349.04688489226464
8008,0.195,0.845,347.5942028774805
8009,0.195,0.850,346.14612452864014
8010,0.195,0.855,344.70268182185015
8011,0.195,0.860,343.26390608551054
8012,0.195,0.865,341.82982799720435
8013,0.195,0.870,340.4004775808447
8014,0.195,0.875,338.9758842040807
8015,0.195,0.880,337.5560765759618
8016,0.195,0.885,336.1410827448582
8017,0.195,0.890,334.73093009663825
8018,0.195,0.895,333.32564535310064
8019,0.195,0.900,331.9252545706604
8020,0.195,0.905,330.5297831392869
8021,0.195,0.910,329.13925578169307
8022,0.195,0.915,327.7536965527725
8023,0.195,0.920,326.3731288392839
8024,0.195,0.925,324.9975753597797
8025,0.195,0.930,323.62705816477717
8026,0.195,0.935,322.26159863716845
8027,0.195,0.940,320.901217492868
8028,0.195,0.945,319.5459347816944
8029,0.195,0.950,318.1957698884825
8030,0.195,0.955,316.8507415344241
8031,0.195,0.960,315.51086777863327
8032,0.195,0.965,314.1761660199328
8033,0.195,0.970,312.84665299885864
8034,0.195,0.975,311.52234479987874
8035,0.195,0.980,310.20325685382176
8036,0.195,0.985,308.8894039405127
8037,0.195,0.990,307.58080019161133
8038,0.195,0.995,306.27745909364876
8039,0.195,1.000,304.9793934912586
8040,0.200,0.000,618.817078356568
8041,0.200,0.005,617.2651023286577
8042,0.200,0.010,615.710178836949
8043,0.200,0.015,614.1523294645264
8044,0.200,0.020,612.5915762325561
8045,0.200,0.025,611.0279416029065
8046,0.200,0.030,609.4614484806966
8047,0.200,0.035,607.892120216775
8048,0.200,0.040,606.3199806101206
8049,0.200,0.045,604.7450539101694
8050,0.200,0.050,603.1673648190571
8051,0.200,0.055,601.5869384937826
8052,0.200,0.060,600.0038005482841
8053,0.200,0.065,598.4179770554266
8054,0.200,0.070,596.8294945489007
8055,0.200,0.075,595.2383800250255
8056,0.200,0.080,593.6446609444564
8057,0.200,0.085,592.048365233794
8058,0.200,0.090,590.4495212870906
8059,0.200,0.095,588.8481579672534
8060,0.200,0.100,587.2443046073383
8061,0.200,0.105,585.637991011736
8062,0.200,0.110,584.0292474572435
8063,0.200,0.115,582.4181046940215
8064,0.200,0.120,580.8045939464322
8065,0.200,0.125,579.1887469137564
8066,0.200,0.130,577.5705957707877
8067,0.200,0.135,575.9501731682977
8068,0.200,0.140,574.3275122333753
8069,0.200,0.145,572.7026465696306
8070,0.200,0.150,571.0756102572659
8071,0.200,0.155,569.4464378530096
8072,0.200,0.160,567.8151643899076
8073,0.200,0.165,566.1818253769757
8074,0.200,0.170,564.5464567987024
8075,0.200,0.175,562.9090951144075
8076,0.200,0.180,561.2697772574476
8077,0.200,0.185,559.6285406342707
8078,0.200,0.190,557.9854231233131
8079,0.200,0.195,556.34046307374
8080,0.200,0.200,554.693699304026
8081,0.200,0.205,553.0451711003719
8082,0.200,0.210,551.3949182149569
8083,0.200,0.215,549.7429808640244
8084,0.200,0.220,548.0893997257983
8085,0.200,0.225,546.4342159382272
8086,0.200,0.230,544.777471096556
8087,0.200,0.235,543.119207250722
8088,0.200,0.240,541.4594669025731
8089,0.200,0.245,539.7982930029083
8090,0.200,0.250,538.1357289483358
8091,0.200,0.255,536.4718185779498
8092,0.200,0.260,534.8066061698222
8093,0.200,0.265,533.1401364373105
8094,0.200,0.270,531.4724545251764
8095,0.200,0.275,529.8036060055185
8096,0.200,0.280,528.1336368735142
8097,0.200,0.285,526.4625935429711
8098,0.200,0.290,524.7905228416885
8099,0.200,0.295,523.1174720066239
8100,0.200,0.300,521.4434886788695
8101,0.200,0.305,519.7686208984325
8102,0.200,0.310,518.0929170988223
8103,0.200,0.315,516.4164261014429
8104,0.200,0.320,514.7391971097903
8105,0.200,0.325,513.0612797034549
8106,0.200,0.330,511.38272383192884
8107,0.200,0.335,509.70357980821825
8108,0.200,0.340,508.0238983022608
8109,0.200,0.345,506.3437303341497
8110,0.200,0.350,504.66312726716234
8111,0.200,0.355,502.98214080059785
8112,0.200,0.360,501.3008229624206
8113,0.200,0.365,499.6192261017143
8114,0.200,0.370,497.9374028809435
8115,0.200,0.375,496.25540626802945
8116,0.200,0.380,494.5732895282357
8117,0.200,0.385,492.8911062158695
8118,0.200,0.390,491.20891016579907
8119,0.200,0.395,489.5267554847877
8120,0.200,0.400,487.8446965426494
8121,0.200,0.405,486.1627879632253
8122,0.200,0.410,484.48108461518603
8123,0.200,0.415,482.7996416026594
8124,0.200,0.420,481.11851425569034
8125,0.200,0.425,479.4377581205312
8126,0.200,0.430,477.7574289497699
8127,0.200,0.435,476.0775826922957
8128,0.200,0.440,474.3982754831083
8129,0.200,0.445,472.719563632972
8130,0.200,0.450,471.04150361792057
8131,0.200,0.455,469.3641520686148
8132,0.200,0.460,467.6875657595579
8133,0.200,0.465,466.0118015981721
8134,0.200,0.470,464.3369166137429
8135,0.200,0.475,462.66296794623094
8136,0.200,0.480,460.9900128349625
8137,0.200,0.485,459.3181086071966
8138,0.200,0.490,457.6473126665795
8139,0.200,0.495,455.97768248148793
8140,0.200,0.500,454.3092755732673
8141,0.200,0.505,452.64214950437105
8142,0.200,0.510,450.9763618664058
8143,0.200,0.515,449.3119702680874
8144,0.200,0.520,447.64903232311576
8145,0.200,0.525,445.98760563797106
8146,0.200,0.530,444.3277477996405
8147,0.200,0.535,442.6695163632799
8148,0.200,0.540,441.0129688398162
8149,0.200,0.545,439.3581626834986
8150,0.200,0.550,437.7051552794031
8151,0.200,0.555,436.0540039308978
8152,0.200,0.560,434.4047658470759
8153,0.200,0.565,432.75749813016165
8154,0.200,0.570,431.11225776289746
8155,0.200,0.575,429.4691015959184
8156,0.200,0.580,427.82808633512036
8157,0.200,0.585,426.1892685290297
8158,0.200,0.590,424.55270455618097
8159,0.200,0.595,422.9184506125096
8160,0.200,0.600,421.2865626987664
8161,0.200,0.605,419.65709660796136
8162,0.200,0.610,418.0301079128441
8163,0.200,0.615,416.40565195342685
8164,0.200,0.620,414.7837838245581
8165,0.200,0.625,413.16455836355397
8166,0.200,0.630,411.5480301378937
8167,0.200,0.635,409.93425343298713
8168,0.200,0.640,408.32328224002083
8169,0.200,0.645,406.71517024388925
8170,0.200,0.650,405.1099708112192
8171,0.200,0.655,403.5077369784942
8172,0.200,0.660,401.9085214402838
8173,0.200,0.665,400.3123765375875
8174,0.200,0.670,398.71935424629856
8175,0.200,0.675,397.1295061657931
8176,0.200,0.680,395.54288350765415
8177,0.200,0.685,393.95953708453436
8178,0.200,0.690,392.37951729916483
8179,0.200,0.695,390.80287413351624
8180,0.200,0.700,389.22965713811936
8181,0.200,0.705,387.65991542154865
8182,0.200,0.710,386.0936976400778
8183,0.200,0.715,384.5310519875103
8184,0.200,0.720,382.97202618519316
8185,0.200,0.725,381.4166674722167
8186,0.200,0.730,379.86502259580857
8187,0.200,0.735,378.31713780192456
8188,0.200,0.740,376.7730588260431
8189,0.200,0.745,375.2328308841675
8190,0.200,0.750,373.696498664041
8191,0.200,0.755,372.1641063165781
8192,0.200,0.760,370.635697447519
8193,0.200,0.765,369.1113151093079
8194,0.200,0.770,367.5910017932018
8195,0.200,0.775,366.0747994216132
8196,0.200,0.780,364.5627493406882
8197,0.200,0.785,363.05489231312646
8198,0.200,0.790,361.55126851124396
8199,0.200,0.795,360.0519175102819
8200,0.200,0.800,358.55687828196585
8201,0.200,0.805,357.06618918831566
8202,0.200,0.810,355.5798879757099
8203,0.200,0.815,354.0980117692067
8204,0.200,0.820,352.62059706712256
8205,0.200,0.825,351.14767973587084
8206,0.200,0.830,349.67929500506176
8207,0.200,0.835,348.2154774628653
8208,0.200,0.840,346.7562610516368
8209,0.200,0.845,345.3016790638082
8210,0.200,0.850,343.85176413804345
8211,0.200,0.855,342.40654825565986
8212,0.200,0.860,340.9660627373149
8213,0.200,0.865,339.5303382399586
8214,0.200,0.870,338.09940475405176
8215,0.200,0.875,336.67329160104845
8216,0.200,0.880,335.25202743114363
8217,0.200,0.885,333.83564022128377
8218,0.200,0.890,332.42415727343933
8219,0.200,0.895,331.01760521314014
8220,0.200,0.900,329.61600998826833
8221,0.200,0.905,328.2193968681113
8222,0.200,0.910,326.8277904426694
8223,0.200,0.915,325.4412146222193
8224,0.200,0.920,324.0596926371286
8225,0.200,0.925,322.6832470379202
8226,0.200,0.930,321.31189969558426
8227,0.200,0.935,319.945671802135
8228,0.200,0.940,318.5845838714083
8229,0.200,0.945,317.228655740099
8230,0.200,0.950,315.877906569033
8231,0.200,0.955,314.5323548446721
8232,0.200,0.960,313.1920183808479
8233,0.200,0.965,311.85691432072025
8234,0.200,0.970,310.527059138958
8235,0.200,0.975,309.2024686441372
8236,0.200,0.980,307.883157981353
8237,0.200,0.985,306.56914163504223
8238,0.200,0.990,305.2604334320102
8239,0.200,0.995,303.9570465446604
8240,0.200,1.000,302.6589934944202
8241,0.205,0.000,617.4073253420709
8242,0.205,0.005,615.8492487294926
8243,0.205,0.010,614.2882079008239
8244,0.205,0.015,612.724224675817
8245,0.205,0.020,611.1573213183464
8246,0.205,0.025,609.5875205390818
8247,0.205,0.030,608.0148454980921
8248,0.205,0.035,606.4393198073752
8249,0.205,0.040,604.8609675333108
8250,0.205,0.045,603.2798131990354
8251,0.205,0.050,601.6958817867359
8252,0.205,0.055,600.1091987398574
8253,0.205,0.060,598.5197899652267
8254,0.205,0.065,596.9276818350831
8255,0.205,0.070,595.3329011890195
8256,0.205,0.075,593.7354753358268
8257,0.205,0.080,592.1354320552394
8258,0.205,0.085,590.5327995995832
8259,0.205,0.090,588.9276066953156
8260,0.205,0.095,587.3198825444628
8261,0.205,0.100,585.7096568259451
8262,0.205,0.105,584.0969596967925
8263,0.205,0.110,582.4818217932428
8264,0.205,0.115,580.864274231724
8265,0.205,0.120,579.244348609715
8266,0.205,0.125,577.6220770064825
8267,0.205,0.130,575.9974919836932
8268,0.205,0.135,574.3706265858949
8269,0.205,0.140,572.7415143408667
8270,0.205,0.145,571.1101892598351
8271,0.205,0.150,569.4766858375508
8272,0.205,0.155,567.8410390522267
8273,0.205,0.160,566.203284365333
8274,0.205,0.165,564.5634577212456
8275,0.205,0.170,562.9215955467462
8276,0.205,0.175,561.2777347503728
8277,0.205,0.180,559.6319127216148
8278,0.205,0.185,557.9841673299524
8279,0.205,0.190,556.3345369237385
8280,0.205,0.195,554.6830603289167
8281,0.205,0.200,553.0297768475788
8282,0.205,0.205,551.374726256353
8283,0.205,0.210,549.7179488046263
8284,0.205,0.215,548.0594852125945
8285,0.205,0.220,546.3993766691398
8286,0.205,0.225,544.7376648295333
8287,0.205,0.230,543.0743918129602
8288,0.205,0.235,541.4096001998658
8289,0.205,0.240,539.7433330291201
8290,0.205,0.245,538.0756337949992
8291,0.205,0.250,536.406546443983
8292,0.205,0.255,534.736115371364
8293,0.205,0.260,533.0643854176707
8294,0.205,0.265,531.3914018648987
8295,0.205,0.270,529.717210432553
8296,0.205,0.275,528.0418572734953
8297,0.205,0.280,526.3653889696
8298,0.205,0.285,524.6878525272139
8299,0.205,0.290,523.0092953724203
8300,0.205,0.295,521.3297653461066
8301,0.205,0.300,519.6493106988343
8302,0.205,0.305,517.9679800855106
8303,0.205,0.310,516.2858225598619
8304,0.205,0.315,514.6028875687068
8305,0.205,0.320,512.9192249460317
8306,0.205,0.325,511.2348849068642
8307,0.205,0.330,509.54991804094976
8308,0.205,0.335,507.86437530622686
8309,0.205,0.340,506.1783080221033
8310,0.205,0.345,504.49176786253423
8311,0.205,0.350,502.80480684890193
8312,0.205,0.355,501.1174773426975
8313,0.205,0.360,499.42983203800577
8314,0.205,0.365,497.74192395379566
8315,0.205,0.370,496.0538064260145
8316,0.205,0.375,494.36553309949034
8317,0.205,0.380,492.6771579196422
8318,0.205,0.385,490.98873512399956
8319,0.205,0.390,489.30031923353494
8320,0.205,0.395,487.6119650438089
8321,0.205,0.400,485.92372761593174
8322,0.205,0.405,484.23566226734266
8323,0.205,0.410,482.5478245624104
8324,0.205,0.415,480.86027030285646
8325,0.205,0.420,479.1730555180044
8326,0.205,0.425,477.4862364548583
8327,0.205,0.430,475.79986956801406
8328,0.205,0.435,474.11401150940486
8329,0.205,0.440,472.4287191178868
8330,0.205,0.445,470.7440494086664
8331,0.205,0.450,469.06005956257496
8332,0.205,0.455,467.37680691519296
8333,0.205,0.460,465.6943489458295
8334,0.205,0.465,464.01274326636013
8335,0.205,0.470,462.3320476099281
8336,0.205,0.475,460.6523198195137
8337,0.205,0.480,458.9736178363762
8338,0.205,0.485,457.29599968837346
8339,0.205,0.490,455.6195234781642
8340,0.205,0.495,453.9442473712983
8341,0.205,0.500,452.27022958420025
8342,0.205,0.505,450.59752837205207
8343,0.205,0.510,448.9262020165796
8344,0.205,0.515,447.2563088137504
8345,0.205,0.520,445.5879070613866
8346,0.205,0.525,443.92105504670087
8347,0.205,0.530,442.25581103376044
8348,0.205,0.535,440.59223325088584
8349,0.205,0.540,438.9303798779907
8350,0.205,0.545,437.2703090338692
8351,0.205,0.550,435.61207876343735
8352,0.205,0.555,433.9557470249356
8353,0.205,0.560,432.3013716770986
8354,0.205,0.565,430.6490104662997
8355,0.205,0.570,428.99872101367646
8356,0.205,0.575,427.35056080224507
8357,0.205,0.580,425.70458716401
8358,0.205,0.585,424.0608572670755
8359,0.205,0.590,422.41942810276834
8360,0.205,0.595,420.7803564727761
8361,0.205,0.600,419.14369897630985
8362,0.205,0.605,417.50951199729906
8363,0.205,0.610,415.8778516916242
8364,0.205,0.615,414.24877397439616
8365,0.205,0.620,412.6223345072885
8366,0.205,0.625,410.9985886859302
8367,0.205,0.630,409.3775916273669
8368,0.205,0.635,407.7593981575969
8369,0.205,0.640,406.1440627991895
8370,0.205,0.645,404.53163975899304
8371,0.205,0.650,402.92218291593997
8372,0.205,0.655,401.3157458089555
8373,0.205,0.660,399.71238162497724
8374,0.205,0.665,398.11214318709307
8375,0.205,0.670,396.51508294280336
8376,0.205,0.675,394.9212529524158
8377,0.205,0.680,393.3307048775774
8378,0.205,0.685,391.7434899699526
8379,0.205,0.690,390.15965906005306
8380,0.205,0.695,388.57926254622487
8381,0.205,0.700,387.0023503838005
8382,0.205,0.705,385.4289720744217
8383,0.205,0.710,383.85917665553853
8384,0.205,0.715,382.2930126900915
8385,0.205,0.720,380.73052825638183
8386,0.205,0.725,379.1717709381358
8387,0.205,0.730,377.61678781476854
8388,0.205,0.735,376.06562545185267
8389,0.205,0.740,374.518329891797
8390,0.205,0.745,372.9749466447401
8391,0.205,0.750,371.43552067966345
8392,0.205,0.755,369.90009641572914
8393,0.205,0.760,368.36871771384585
8394,0.205,0.765,366.8414278684688
8395,0.205,0.770,365.3182695996351
8396,0.205,0.775,363.7992850452415
8397,0.205,0.780,362.2845157535657
8398,0.205,0.785,360.77400267603514
8399,0.205,0.790,359.26778616024814
8400,0.205,0.795,357.7659059432476
8401,0.205,0.800,356.26840114505256
8402,0.205,0.805,354.7753102624483
8403,0.205,0.810,353.28667116303853
8404,0.205,0.815,351.80252107956164
8405,0.205,0.820,350.3228966044718
8406,0.205,0.825,348.84783368478804
8407,0.205,0.830,347.3773676172119
8408,0.205,0.835,345.91153304351513
8409,0.205,0.840,344.4503639461981
8410,0.205,0.845,342.99389364442
8411,0.205,0.850,341.54215479020195
8412,0.205,0.855,340.0951793649017
8413,0.205,0.860,338.65299867596184
8414,0.205,0.865,337.21564335393026
8415,0.205,0.870,335.783143349753
8416,0.205,0.875,334.3555279323386
8417,0.205,0.880,332.9328256863936
8418,0.205,0.885,331.51506451052836
8419,0.205,0.890,330.10227161563097
8420,0.205,0.895,328.69447352350926
8421,0.205,0.900,327.2916960657982
8422,0.205,0.905,325.893964383132
8423,0.205,0.910,324.5013029245779
8424,0.205,0.915,323.1137354473298
8425,0.205,0.920,321.7312850166604
8426,0.205,0.925,320.35397400612766
8427,0.205,0.930,318.98182409803405
8428,0.205,0.935,317.6148562841355
8429,0.205,0.940,316.253090866597
8430,0.205,0.945,314.8965474591918
8431,0.205,0.950,313.54524498874
8432,0.205,0.955,312.1992016967848
8433,0.205,0.960,310.85843514150145
8434,0.205,0.965,309.52296219983486
8435,0.205,0.970,308.1927990698638
8436,0.205,0.975,306.8679612733858
8437,0.205,0.980,305.54846365871924
8438,0.205,0.985,304.2343204037192
8439,0.205,0.990,302.92554501900156
8440,0.205,0.995,301.6221503513714
8441,0.205,1.000,300.32414858745153
8442,0.210,0.000,615.9898520702317
8443,0.210,0.005,614.4256172957153
8444,0.210,0.010,612.8584012580632
8445,0.210,0.015,611.2882260162588
8446,0.210,0.020,609.7151140795647
8447,0.210,0.025,608.1390884102533
8448,0.210,0.030,606.560172426266
8449,0.210,0.035,604.9783900037961
8450,0.210,0.040,603.3937654797958
8451,0.210,0.045,601.8063236544023
8452,0.210,0.050,600.2160897932812
8453,0.210,0.055,598.6230896298839
8454,0.210,0.060,597.0273493676177
8455,0.210,0.065,595.4288956819231
8456,0.210,0.070,593.8277557222583
8457,0.210,0.075,592.2239571139861
8458,0.210,0.080,590.6175279601612
8459,0.210,0.085,589.0084968432149
8460,0.210,0.090,587.3968928265342
8461,0.210,0.095,585.7827454559327
8462,0.210,0.100,584.1660847610096
8463,0.210,0.105,582.5469412563949
8464,0.210,0.110,580.9253459428775
8465,0.210,0.115,579.3013303084125
8466,0.210,0.120,577.6749263290069
8467,0.210,0.125,576.0461664694777
8468,0.210,0.130,574.4150836840827
8469,0.210,0.135,572.7817114170183
8470,0.210,0.140,571.1460836027838
8471,0.210,0.145,569.508234666408
8472,0.210,0.150,567.8681995235347
8473,0.210,0.155,566.2260135803658
8474,0.210,0.160,564.581712733459
8475,0.210,0.165,562.9353333693746
8476,0.210,0.170,561.2869123641743
8477,0.210,0.175,559.6364870827621
8478,0.210,0.180,557.9840953780706
8479,0.210,0.185,556.3297755900873
8480,0.210,0.190,554.6735665447178
8481,0.210,0.195,553.0155075524865
8482,0.210,0.200,551.3556384070666
8483,0.210,0.205,549.6939993836438
8484,0.210,0.210,548.0306312371063
8485,0.210,0.215,546.3655752000587
8486,0.210,0.220,544.6988729806639
8487,0.210,0.225,543.0305667602995
8488,0.210,0.230,541.360699191039
8489,0.210,0.235,539.6893133929461
8490,0.210,0.240,538.0164529511848
8491,0.210,0.245,536.3421619129423
8492,0.210,0.250,534.666484784163
8493,0.210,0.255,532.9894665260921
8494,0.210,0.260,531.3111525516247
8495,0.210,0.265,529.6315887214637
8496,0.210,0.270,527.9508213400801
8497,0.210,0.275,526.2688971514772
8498,0.210,0.280,524.5858633347569
8499,0.210,0.285,522.9017674994855
8500,0.210,0.290,521.2166576808605
8501,0.210,0.295,519.5305823346752
8502,0.210,0.300,517.8435903320817
8503,0.210,0.305,516.1557309541504
8504,0.210,0.310,514.4670538862272
8505,0.210,0.315,512.777609212086
8506,0.210,0.320,511.08744740787694
8507,0.210,0.325,509.3966193358716
8508,0.210,0.330,507.7051762380026
8509,0.210,0.335,506.01316972919983
8510,0.210,0.340,504.32065179052245
8511,0.210,0.345,502.62767476208774
8512,0.210,0.350,500.9342913357964
8513,0.210,0.355,499.2405545478563
8514,0.210,0.360,497.54651777110485
8515,0.210,0.365,495.8522347071308
8516,0.210,0.370,494.157759378197
8517,0.210,0.375,492.4631461189658
8518,0.210,0.380,490.76844956802813
8519,0.210,0.385,489.07372465923726
8520,0.210,0.390,487.37902661285125
8521,0.210,0.395,485.6844109264843
8522,0.210,0.400,483.9899333658688
8523,0.210,0.405,482.29564995543285
8524,0.210,0.410,480.6016169686929
8525,0.210,0.415,478.90789091846665
8526,0.210,0.420,477.2145285469075
8527,0.210,0.425,475.5215868153639
8528,0.210,0.430,473.82912289406806
8529,0.210,0.435,472.1371941516557
8530,0.210,0.440,470.4458581445212
8531,0.210,0.445,468.7551726060123
8532,0.210,0.450,467.065195435468
8533,0.210,0.455,465.37598468710263
8534,0.210,0.460,463.68759855874293
8535,0.210,0.465,462.0000953804197
8536,0.210,0.470,460.3135336028206
8537,0.210,0.475,458.62797178560805
8538,0.210,0.480,456.94346858560766
8539,0.210,0.485,455.2600827448708
8540,0.210,0.490,453.57787307861935
8541,0.210,0.495,451.8968984630752
8542,0.210,0.500,450.21721782318133
8543,0.210,0.505,448.5388901202206
8544,0.210,0.510,446.8619743393364
8545,0.210,0.515,445.18652947696415
8546,0.210,0.520,443.51261452817516
8547,0.210,0.525,441.84028847394467
8548,0.210,0.530,440.16961026834497
8549,0.210,0.535,438.50063882567446
8550,0.210,0.540,436.83343300752614
8551,0.210,0.545,435.1680516098045
8552,0.210,0.550,433.50455334969547
8553,0.210,0.555,431.84299685259845
8554,0.210,0.560,430.1834406390259
8555,0.210,0.565,428.5259431114778
8556,0.210,0.570,426.87056254129914
8557,0.210,0.575,425.2173570555258
8558,0.210,0.580,423.5663846237282
8559,0.210,0.585,421.9177030448584
8560,0.210,0.590,420.27136993410875
8561,0.210,0.595,418.62744270978965
8562,0.210,0.600,416.98597858023345
8563,0.210,0.605,415.3470345307321
8564,0.210,0.610,413.7106673105162
8565,0.210,0.615,412.07693341978353
8566,0.210,0.620,410.4458890967823
8567,0.210,0.625,408.8175903049604
8568,0.210,0.630,407.19209272018423
8569,0.210,0.635,405.56945171803744
8570,0.210,0.640,403.94972236120554
8571,0.210,0.645,402.33295938695466
8572,0.210,0.650,400.71921719471067
8573,0.210,0.655,399.1085498337476
8574,0.210,0.660,397.50101099099106
8575,0.210,0.665,395.8966539789448
8576,0.210,0.670,394.2955317237472
8577,0.210,0.675,392.6976967533651
8578,0.210,0.680,391.1032011859306
8579,0.210,0.685,389.51209671822954
8580,0.210,0.690,387.9244346143477
8581,0.210,0.695,386.34026569447957
8582,0.210,0.700,384.75964032390925
8583,0.210,0.705,383.1826084021678
8584,0.210,0.710,381.6092193523729
8585,0.210,0.715,380.03952211075926
8586,0.210,0.720,378.47356511640265
8587,0.210,0.725,376.91139630114577
8588,0.210,0.730,375.35306307973025
8589,0.210,0.735,373.7986123401401
8590,0.210,0.740,372.2480904341635
8591,0.210,0.745,370.70154316817536
8592,0.210,0.750,369.15901579414816
8593,0.210,0.755,367.62055300089366
8594,0.210,0.760,366.08619890554144
8595,0.210,0.765,364.555997045258
8596,0.210,0.770,363.02999036920977
8597,0.210,0.775,361.5082212307759
8598,0.210,0.780,359.99073138001177
8599,0.210,0.785,358.4775619563691
8600,0.210,0.790,356.9687534816748
8601,0.210,0.795,355.4643458533712
8602,0.210,0.800,353.96437833802116
8603,0.210,0.805,352.4688895650803
8604,0.210,0.810,350.9779175209388
8605,0.210,0.815,349.4914995432347
8606,0.210,0.820,348.0096723154405
8607,0.210,0.825,346.53247186172496
8608,0.210,0.830,345.05993354209147
8609,0.210,0.835,343.59209204779364
8610,0.210,0.840,342.12898139702975
8611,0.210,0.845,340.67063493091655
8612,0.210,0.850,339.2170853097425
8613,0.210,0.855,337.76836450950117
8614,0.210,0.860,336.3245038187043
8615,0.210,0.865,334.88553383547537
8616,0.210,0.870,333.45148446492135
8617,0.210,0.875,332.02238491678463
8618,0.210,0.880,330.5982637033709
8619,0.210,0.885,329.1791486377556
8620,0.210,0.890,327.76506683226484
8621,0.210,0.895,326.35604469722995
8622,0.210,0.900,324.95210794001497
8623,0.210,0.905,323.5532815643139
8624,0.210,0.910,322.15958986971646
8625,0.210,0.915,320.7710564515393
8626,0.210,0.920,319.3877042009211
8627,0.210,0.925,318.00955530517786
8628,0.210,0.930,316.63663124841656
8629,0.210,0.935,315.268952812403
8630,0.210,0.940,313.90654007768194
8631,0.210,0.945,312.54941242494516
8632,0.210,0.950,311.1975885366445
8633,0.210,0.955,309.8510863988455
8634,0.210,0.960,308.50992330331934
8635,0.210,0.965,307.1741158498672
8636,0.210,0.970,305.8436799488745
8637,0.210,0.975,304.5186308240903
8638,0.210,0.980,303.19898301562705
8639,0.210,0.985,301.88475038317716
8640,0.210,0.990,300.5759461094416
8641,0.210,0.995,299.272582703765
8642,0.210,1.000,297.9746720059742
8643,0.215,0.000,614.5645816617014
8644,0.215,0.005,612.9941302126056
8645,0.215,0.010,611.4206801501291
8646,0.215,0.015,609.8442537750552
8647,0.215,0.020,608.2648738447259
8648,0.215,0.025,606.6825635758305
8649,0.215,0.030,605.0973466471211
8650,0.215,0.035,603.5092472020526
8651,0.215,0.040,601.9182898513443
8652,0.215,0.045,600.3244996754589
8653,0.215,0.050,598.727902226999
8654,0.215,0.055,597.1285235330141
8655,0.215,0.060,595.5263900972208
8656,0.215,0.065,593.9215289021269
8657,0.215,0.070,592.3139674110623
8658,0.215,0.075,590.7037335701101
8659,0.215,0.080,589.090855809936
8660,0.215,0.085,587.4753630475138
8661,0.215,0.090,585.8572846877431
8662,0.215,0.095,584.2366506249563
8663,0.215,0.100,582.6134912443126
8664,0.215,0.105,580.9878374230753
8665,0.215,0.110,579.35972053177
8666,0.215,0.115,577.7291724352198
8667,0.215,0.120,576.0962254934557
8668,0.215,0.125,574.4609125624984
8669,0.215,0.130,572.8232669950088
8670,0.215,0.135,571.1833226408039
8671,0.215,0.140,569.541113847236
8672,0.215,0.145,567.8966754594308
8673,0.215,0.150,566.2500428203829
8674,0.215,0.155,564.6012517709057
8675,0.215,0.160,562.9503386494309
8676,0.215,0.165,561.2973402916576
8677,0.215,0.170,559.6422940300461
8678,0.215,0.175,557.9852376931535
8679,0.215,0.180,556.3262096048113
8680,0.215,0.185,554.6652485831368
8681,0.215,0.190,553.0023939393823
8682,0.215,0.195,551.3376854766126
8683,0.215,0.200,549.6711634882153
8684,0.215,0.205,548.0028687562335
8685,0.215,0.210,546.3328425495267
8686,0.215,0.215,544.6611266217501
8687,0.215,0.220,542.9877632091549
8688,0.215,0.225,541.3127950282054
8689,0.215,0.230,539.6362652730107
8690,0.215,0.235,537.9582176125688
8691,0.215,0.240,536.2786961878211
8692,0.215,0.245,534.5977456085168
8693,0.215,0.250,532.9154109498822
8694,0.215,0.255,531.2317377490955
8695,0.215,0.260,529.5467720015655
8696,0.215,0.265,527.8605601570105
8697,0.215,0.270,526.173149115338
8698,0.215,0.275,524.4845862223227
8699,0.215,0.280,522.7949192650816
8700,0.215,0.285,521.1041964673454
8701,0.215,0.290,519.4124664845249
8702,0.215,0.295,517.7197783985706
8703,0.215,0.300,516.0261817126268
8704,0.215,0.305,514.3317263454768
8705,0.215,0.310,512.6364626257806
8706,0.215,0.315,510.94044128610443
8707,0.215,0.320,509.2437134567401
8708,0.215,0.325,507.54633065931665
8709,0.215,0.330,505.8483448002016
8710,0.215,0.335,504.14980816369444
8711,0.215,0.340,502.4507734050108
8712,0.215,0.345,500.75129354305795
8713,0.215,0.350,499.05142195300294
8714,0.215,0.355,497.3512123586347
8715,0.215,0.360,495.65071882451787
8716,0.215,0.365,493.94999574794343
8717,0.215,0.370,492.2490978506754
8718,0.215,0.375,490.5480801704943
8719,0.215,0.380,488.8469980525401
8720,0.215,0.385,487.14590714045625
8721,0.215,0.390,485.4448633673369
8722,0.215,0.395,483.74392294647816
8723,0.215,0.400,482.0431423619369
8724,0.215,0.405,480.3425783588996
8725,0.215,0.410,478.6422879338628
8726,0.215,0.415,476.94232832462893
8727,0.215,0.420,475.24275700012
8728,0.215,0.425,473.54363165001234
8729,0.215,0.430,471.8450101741966
8730,0.215,0.435,470.1469506720643
8731,0.215,0.440,468.4495114316277
8732,0.215,0.445,466.75275091847385
8733,0.215,0.450,465.0567277645597
8734,0.215,0.455,463.36150075684924
8735,0.215,0.460,461.66712882580134
8736,0.215,0.465,459.9736710337073
8737,0.215,0.470,458.28118656288933
8738,0.215,0.475,456.58973470375884
8739,0.215,0.480,454.899374842744
8740,0.215,0.485,453.2101664500889
8741,0.215,0.490,451.5221690675318
8742,0.215,0.495,449.8354422958672
8743,0.215,0.500,448.1500457823963
8744,0.215,0.505,446.46603920827465
8745,0.215,0.510,444.783482275759
8746,0.215,0.515,443.1024346953638
8747,0.215,0.520,441.42295617292996
8748,0.215,0.525,439.745106396615
8749,0.215,0.530,438.06894502380896
8750,0.215,0.535,436.39453166798455
8751,0.215,0.540,434.7219258854878
8752,0.215,0.545,433.0511871622747
8753,0.215,0.550,431.38237490060317
8754,0.215,0.555,429.7155484056861
8755,0.215,0.560,428.0507668723125
8756,0.215,0.565,426.3880893714447
8757,0.215,0.570,424.72757483679914
8758,0.215,0.575,423.06928205141634
8759,0.215,0.580,421.41326963423097
8760,0.215,0.585,419.7595960266458
8761,0.215,0.590,418.1083194791201
8762,0.215,0.595,416.45949803777825
8763,0.215,0.600,414.81318953104756
8764,0.215,0.605,413.16945155633124
8765,0.215,0.610,411.52834146672734
8766,0.215,0.615,409.88991635779763
8767,0.215,0.620,408.25423305439693
8768,0.215,0.625,406.6213480975698
8769,0.215,0.630,404.991317731522
8770,0.215,0.635,403.36419789067395
8771,0.215,0.640,401.7400441868066
8772,0.215,0.645,400.1189118963027
8773,0.215,0.650,398.5008559474958
8774,0.215,0.655,396.88593090813094
8775,0.215,0.660,395.2741909729472
8776,0.215,0.665,393.66568995138704
8777,0.215,0.670,392.06048125544135
8778,0.215,0.675,390.4586178876373
8779,0.215,0.680,388.86015242917546
8780,0.215,0.685,387.2651370282238
8781,0.215,0.690,385.67362338837495
8782,0.215,0.695,384.08566275727367
8783,0.215,0.700,382.50130591542165
8784,0.215,0.705,380.9206031651659
8785,0.215,0.710,379.3436043198759
8786,0.215,0.715,377.7703586933184
8787,0.215,0.720,376.2009150892328
8788,0.215,0.725,374.63532179111553
8789,0.215,0.730,373.0736265522175
8790,0.215,0.735,371.5158765857613
8791,0.215,0.740,369.96211855538274
8792,0.215,0.745,368.4123985658021
8793,0.215,0.750,366.8667621537299
8794,0.215,0.755,365.32525427901334
8795,0.215,0.760,363.7879193160247
8796,0.215,0.765,362.2548010453008
8797,0.215,0.770,360.72594264543227
8798,0.215,0.775,359.2013866852116
8799,0.215,0.780,357.6811751160403
8800,0.215,0.785,356.1653492645997
8801,0.215,0.790,354.6539498257887
8802,0.215,0.795,353.1470168559321
8803,0.215,0.800,351.6445897662609
8804,0.215,0.805,350.1467073166675
8805,0.215,0.810,348.65340760974016
8806,0.215,0.815,347.164728085075
8807,0.215,0.820,345.6807055138712
8808,0.215,0.825,344.20137599380763
8809,0.215,0.830,342.72677494420566
8810,0.215,0.835,341.2569371014761
8811,0.215,0.840,339.79189651485285
8812,0.215,0.845,338.331686542414
8813,0.215,0.850,336.87633984739006
8814,0.215,0.855,335.42588839475934
8815,0.215,0.860,333.98036344813175
8816,0.215,0.865,332.5397955669189
8817,0.215,0.870,331.10421460379087
8818,0.215,0.875,329.67364970241965
8819,0.215,0.880,328.24812929550654
8820,0.215,0.885,326.8276811030935
8821,0.215,0.890,325.4123321311569
8822,0.215,0.895,324.0021086704814
8823,0.215,0.900,322.59703629581276
8824,0.215,0.905,321.19713986528757
8825,0.215,0.910,319.8024435201363
8826,0.215,0.915,318.4129706846596
8827,0.215,0.920,317.0287440664727
8828,0.215,0.925,315.6497856570167
8829,0.215,0.930,314.2761167323329
8830,0.215,0.935,312.90775785409784
8831,0.215,0.940,311.5447288709141
8832,0.215,0.945,310.1870489198555
8833,0.215,0.950,308.8347364282607
8834,0.215,0.955,307.48780911577353
8835,0.215,0.960,306.1462839966237
8836,0.215,0.965,304.8101773821466
8837,0.215,0.970,303.47950488353507
8838,0.215,0.975,302.1542814148207
8839,0.215,0.980,300.83452119607904
8840,0.215,0.985,299.52023775685564
8841,0.215,0.990,298.2114439398053
8842,0.215,0.995,296.9081519045428
8843,0.215,1.000,295.6103731316991
8844,0.220,0.000,613.1314362539816
8845,0.220,0.005,611.5547086616453
8846,0.220,0.010,609.9749647937368
8847,0.220,0.015,608.3922271954159
8848,0.220,0.020,606.8065188748029
8849,0.220,0.025,605.2178633058292
8850,0.220,0.030,603.6262844310116
8851,0.220,0.035,602.0318066641504
8852,0.220,0.040,600.4344548929472
8853,0.220,0.045,598.8342544815405
8854,0.220,0.050,597.231231272955
8855,0.220,0.055,595.625411591463
8856,0.220,0.060,594.0168222448534
8857,0.220,0.065,592.4054905266072
8858,0.220,0.070,590.791444217975
8859,0.220,0.075,589.1747115899549
8860,0.220,0.080,587.5553214051654
8861,0.220,0.085,585.9333029196141
8862,0.220,0.090,584.3086858843549
8863,0.220,0.095,582.6815005470338
8864,0.220,0.100,581.0517776533186
8865,0.220,0.105,579.4195484482108
8866,0.220,0.110,577.7848446772347
8867,0.220,0.115,576.1476985875023
8868,0.220,0.120,574.5081429286508
8869,0.220,0.125,572.8662109536481
8870,0.220,0.130,571.2219364194654
8871,0.220,0.135,569.5753535876114
8872,0.220,0.140,567.9264972245288
8873,0.220,0.145,566.2754026018455
8874,0.220,0.150,564.6221054964798
8875,0.220,0.155,562.9666421905983
8876,0.220,0.160,561.3090494714199
8877,0.220,0.165,559.6493646308658
8878,0.220,0.170,557.9876254650501
8879,0.220,0.175,556.3238702736129
8880,0.220,0.180,554.6581378588857
8881,0.220,0.185,552.9904675248922
8882,0.220,0.190,551.3208990761816
8883,0.220,0.195,549.6494728164859
8884,0.220,0.200,547.9762295472066
8885,0.220,0.205,546.3012105657214
8886,0.220,0.210,544.6244576635128
8887,0.220,0.215,542.9460131241132
8888,0.220,0.220,541.2659197208659
8889,0.220,0.225,539.5842207144991
8890,0.220,0.230,537.9009598505104
8891,0.220,0.235,536.216181356359
8892,0.220,0.240,534.529929938465
8893,0.220,0.245,532.8422507790127
8894,0.220,0.250,531.1531895325563
8895,0.220,0.255,529.4627923224249
8896,0.220,0.260,527.7711057369276
8897,0.220,0.265,526.0781768253543
8898,0.220,0.270,524.3840530937724
8899,0.220,0.275,522.6887825006177
8900,0.220,0.280,520.9924134520761
8901,0.220,0.285,519.2949947972592
8902,0.220,0.290,517.5965758231672
8903,0.220,0.295,515.8972062494433
8904,0.220,0.300,514.1969362229153
8905,0.220,0.305,512.495816311924
8906,0.220,0.310,510.7938975004402
8907,0.220,0.315,509.0912311819665
8908,0.220,0.320,507.38786915322646
8909,0.220,0.325,505.6838636076388
8910,0.220,0.330,503.97926712857793
8911,0.220,0.335,502.27413268242077
8912,0.220,0.340,500.56851361137876
8913,0.220,0.345,498.86246362611814
8914,0.220,0.350,497.156036798166
8915,0.220,0.355,495.44928755210555
8916,0.220,0.360,493.74227065755946
8917,0.220,0.365,492.0350412209643
8918,0.220,0.370,490.32765467713534
8919,0.220,0.375,488.6201667806244
8920,0.220,0.380,486.91263359687235
8921,0.220,0.385,485.20511149315735
8922,0.220,0.390,483.4976571293418
8923,0.220,0.395,481.79032744841885
8924,0.220,0.400,480.08317966686195
8925,0.220,0.405,478.37627126477946
8926,0.220,0.410,476.6696599758767
8927,0.220,0.415,474.9634037772296
8928,0.220,0.420,473.2575608788709
8929,0.220,0.425,471.55218971319425
8930,0.220,0.430,469.8473489241784
8931,0.220,0.435,468.1430973564354
8932,0.220,0.440,466.4394940440872
8933,0.220,0.445,464.7365981994729
8934,0.220,0.450,463.0344692016937
8935,0.220,0.455,461.3331665849968
8936,0.220,0.460,459.6327500270051
8937,0.220,0.465,457.93327933679615
8938,0.220,0.470,456.23481444283607
8939,0.220,0.475,454.537415380772
8940,0.220,0.480,452.8411422810915
8941,0.220,0.485,451.14605535664936
8942,0.220,0.490,449.45221489007315
8943,0.220,0.495,447.75968122104837
8944,0.220,0.500,446.06851473349167
8945,0.220,0.505,444.3787758426177
8946,0.220,0.510,442.69052498190615
8947,0.220,0.515,441.00382258997354
8948,0.220,0.520,439.31872909735927
8949,0.220,0.525,437.63530491322905
8950,0.220,0.530,435.9536104120066
8951,0.220,0.535,434.27370591993554
8952,0.220,0.540,432.59565170158356
8953,0.220,0.545,430.9195079462919
8954,0.220,0.550,429.24533475457997
8955,0.220,0.555,427.5731921245113
8956,0.220,0.560,425.9031399380284
8957,0.220,0.565,424.23523794726356
8958,0.220,0.570,422.56954576083524
8959,0.220,0.575,420.90612283013496
8960,0.220,0.580,419.2450284356138
8961,0.220,0.585,417.58632167307655
8962,0.220,0.590,415.93006143999105
8963,0.220,0.595,414.27630642182066
8964,0.220,0.600,412.625115078387
8965,0.220,0.605,410.97654563027226
8966,0.220,0.610,409.33065604526826
8967,0.220,0.615,407.68750402488035
8968,0.220,0.620,406.0471469908943
8969,0.220,0.625,404.40964207201336
8970,0.220,0.630,402.77504609057496
8971,0.220,0.635,401.14341554935385
8972,0.220,0.640,399.5148066184594
8973,0.220,0.645,397.88927512233596
8974,0.220,0.650,396.2668765268731
8975,0.220,0.655,394.64766592663426
8976,0.220,0.660,393.0316980322104
8977,0.220,0.665,391.4190271577076
8978,0.220,0.670,389.8097072083755
8979,0.220,0.675,388.20379166838313
8980,0.220,0.680,386.60133358875106
8981,0.220,0.685,385.00238557544617
8982,0.220,0.690,383.40699977764586
8983,0.220,0.695,381.81522787617956
8984,0.220,0.700,380.22712107215307
8985,0.220,0.705,378.64273007576423
8986,0.220,0.710,377.06210509531417
8987,0.220,0.715,375.4852958264225
8988,0.220,0.720,373.91235144145185
8989,0.220,0.725,372.34332057914753
8990,0.220,0.730,370.7782513344979
8991,0.220,0.735,369.21719124882304
8992,0.220,0.740,367.6601873000944
8993,0.220,0.745,366.1072858934923
8994,0.220,0.750,364.558532852207
8995,0.220,0.755,363.0139734084863
8996,0.220,0.760,361.47365219493577
8997,0.220,0.765,359.93761323607544
8998,0.220,0.770,358.4058999401573
8999,0.220,0.775,356.8785550912483
9000,0.220,0.780,355.35562084158005
9001,0.220,0.785,353.8371387041725
9002,0.220,0.790,352.323149545732
9003,0.220,0.795,350.8136935798277
9004,0.220,0.800,349.30881036034884
9005,0.220,0.805,347.80853877524646
9006,0.220,0.810,346.3129170405603
9007,0.220,0.815,344.82198269473383
9008,0.220,0.820,343.3357725932193
9009,0.220,0.825,341.85432290337417
9010,0.220,0.830,340.3776690996496
9011,0.220,0.835,338.9058459590732
9012,0.220,0.840,337.43888755702596
9013,0.220,0.845,335.9768272633144
9014,0.220,0.850,334.51969773853784
9015,0.220,0.855,333.0675309307512
9016,0.220,0.860,331.62035807242336
9017,0.220,0.865,330.178209677689
9018,0.220,0.870,328.74111553989644
9019,0.220,0.875,327.30910472944754
9020,0.220,0.880,325.8822055919296
9021,0.220,0.885,324.4604457465388
9022,0.220,0.890,323.04385208479215
9023,0.220,0.895,321.63245076952694
9024,0.220,0.900,320.2262672341856
9025,0.220,0.905,318.8253261823841
9026,0.220,0.910,317.42965158775996
9027,0.220,0.915,316.0392666940992
9028,0.220,0.920,314.6541940157385
9029,0.220,0.925,313.2744553382385
9030,0.220,0.930,311.9000717193275
9031,0.220,0.935,310.53106349010955
9032,0.220,0.940,309.16745025653483
9033,0.220,0.945,307.80925090112873
9034,0.220,0.950,306.45648358497465
9035,0.220,0.955,305.10916574994735
9036,0.220,0.960,303.7673141211926
9037,0.220,0.965,302.43094470984795
9038,0.220,0.970,301.1000728160016
9039,0.220,0.975,299.77471303188315
9040,0.220,0.980,298.4548792452828
9041,0.220,0.985,297.1405846431936
9042,0.220,0.990,295.83184171567115
9043,0.220,0.995,294.5286622599077
9044,0.220,1.000,293.2310573845129
9045,0.225,0.000,611.6903369921639
9046,0.225,0.005,610.1072728107198
9047,0.225,0.010,608.5211743705117
9048,0.225,0.015,606.9320644636541
9049,0.225,0.020,605.3399663517525
9050,0.225,0.025,603.7449037688151
9051,0.225,0.030,602.1469009240903
9052,0.225,0.035,600.5459825048233
9053,0.225,0.040,598.942173678934
9054,0.225,0.045,597.3355000976093
9055,0.225,0.050,595.725987897809
9056,0.225,0.055,594.1136637046816
9057,0.225,0.060,592.4985546338866
9058,0.225,0.065,590.8806882938212
9059,0.225,0.070,589.2600927877482
9060,0.225,0.075,587.6367967158211
9061,0.225,0.080,586.0108291770033
9062,0.225,0.085,584.3822197708811
9063,0.225,0.090,582.7509985993634
9064,0.225,0.095,581.117196268267
9065,0.225,0.100,579.4808438887845
9066,0.225,0.105,577.8419730788322
9067,0.225,0.110,576.2006159642715
9068,0.225,0.115,574.556805180006
9069,0.225,0.120,572.9105738709466
9070,0.225,0.125,571.2619556928427
9071,0.225,0.130,569.6109848129782
9072,0.225,0.135,567.9576959107272
9073,0.225,0.140,566.3021241779661
9074,0.225,0.145,564.64430531934
9075,0.225,0.150,562.9842755523813
9076,0.225,0.155,561.3220716074737
9077,0.225,0.160,559.6577307276631
9078,0.225,0.165,557.9912906683088
9079,0.225,0.170,556.3227896965751
9080,0.225,0.175,554.6522665907561
9081,0.225,0.180,552.9797606394357
9082,0.225,0.185,551.3053116404766
9083,0.225,0.190,549.6289598998362
9084,0.225,0.195,547.9507462302073
9085,0.225,0.200,546.2707119494797
9086,0.225,0.205,544.5888988790214
9087,0.225,0.210,542.9053493417755
9088,0.225,0.215,541.2201061601705
9089,0.225,0.220,539.5332126538428
9090,0.225,0.225,537.8447126371663
9091,0.225,0.230,536.15465041659
9092,0.225,0.235,534.4630707877781
9093,0.225,0.240,532.770019032553
9094,0.225,0.245,531.0755409156375
9095,0.225,0.250,529.3796826811948
9096,0.225,0.255,527.6824910491644
9097,0.225,0.260,525.9840132113908
9098,0.225,0.265,524.2842968275469
9099,0.225,0.270,522.5833900208444
9100,0.225,0.275,520.8813413735367
9101,0.225,0.280,519.1781999222067
9102,0.225,0.285,517.4740151528424
9103,0.225,0.290,515.7688369956974
9104,0.225,0.295,514.0627158199351
9105,0.225,0.300,512.3557024280564
9106,0.225,0.305,510.6478480501102
9107,0.225,0.310,508.9392043376846
9108,0.225,0.315,507.2298233576811
9109,0.225,0.320,505.5197575858676
9110,0.225,0.325,503.8090599002147
9111,0.225,0.330,502.0977835740101
9112,0.225,0.335,500.3859822687564
9113,0.225,0.340,498.6737100268477
9114,0.225,0.345,496.96102126402945
9115,0.225,0.350,495.2479707616397
9116,0.225,0.355,493.534613658633
9117,0.225,0.360,491.821005443389
9118,0.225,0.365,490.1072019453056
9119,0.225,0.370,488.39325932617777
9120,0.225,0.375,486.6792340713652
9121,0.225,0.380,484.96518298074886
9122,0.225,0.385,483.2511631594784
9123,0.225,0.390,481.5372320085131
9124,0.225,0.395,479.82344721495934
9125,0.225,0.400,478.10986674220334
9126,0.225,0.405,476.39654881984717
9127,0.225,0.410,474.6835519334463
9128,0.225,0.415,472.9709348140539
9129,0.225,0.420,471.25875642757416
9130,0.225,0.425,469.5470759639284
9131,0.225,0.430,467.8359528260383
9132,0.225,0.435,466.12544661862705
9133,0.225,0.440,464.4156171368471
9134,0.225,0.445,462.7065243547331
9135,0.225,0.450,460.9982284134896
9136,0.225,0.455,459.2907896096138
9137,0.225,0.460,457.58426838286107
9138,0.225,0.465,455.8787253040554
9139,0.225,0.470,454.1742210627533
9140,0.225,0.475,452.47081645476175
9141,0.225,0.480,450.76857236952077
9142,0.225,0.485,449.06754977735125
9143,0.225,0.490,447.3678097165783
9144,0.225,0.495,445.66941328053247
9145,0.225,0.500,443.97242160443625
9146,0.225,0.505,442.27689585218377
9147,0.225,0.510,440.5828972030166
9148,0.225,0.515,438.890486838105
9149,0.225,0.520,437.1997259270411
9150,0.225,0.525,435.51067561424884
9151,0.225,0.530,433.8233970053202
9152,0.225,0.535,432.13795115328287
9153,0.225,0.540,430.45439904480764
9154,0.225,0.545,428.7728015863628
9155,0.225,0.550,427.0932195903222
9156,0.225,0.555,425.41571376103593
9157,0.225,0.560,423.7403446808701
9158,0.225,0.565,422.06717279622325
9159,0.225,0.570,420.3962584035288
9160,0.225,0.575,418.7276616352503
9161,0.225,0.580,417.0614424458772
9162,0.225,0.585,415.39766059792987
9163,0.225,0.590,413.7363756479818
9164,0.225,0.595,412.0776469327073
9165,0.225,0.600,410.4215335549618
9166,0.225,0.605,408.76809436990493
9167,0.225,0.610,407.11738797117243
9168,0.225,0.615,405.46947267710635
9169,0.225,0.620,403.8244065170524
9170,0.225,0.625,402.1822472177302
9171,0.225,0.630,400.5430521896879
9172,0.225,0.635,398.90687851384644
9173,0.225,0.640,397.2737829281436
9174,0.225,0.645,395.64382181428465
9175,0.225,0.650,394.01705118460825
9176,0.225,0.655,392.39352666907575
9177,0.225,0.660,390.77330350239134
9178,0.225,0.665,389.15643651126055
9179,0.225,0.670,387.542980101796
9180,0.225,0.675,385.9329882470769
9181,0.225,0.680,384.3265144748701
9182,0.225,0.685,382.7236118555213
9183,0.225,0.690,381.1243329900206
9184,0.225,0.695,379.52872999825337
9185,0.225,0.700,377.93685450744107
9186,0.225,0.705,376.34875764077884
9187,0.225,0.710,374.76449000627764
9188,0.225,0.715,373.18410168581727
9189,0.225,0.720,371.60764222441514
9190,0.225,0.725,370.0351606197194
9191,0.225,0.730,368.4667053117302
9192,0.225,0.735,366.902324172756
9193,0.225,0.740,365.3420644976103
9194,0.225,0.745,363.78597299405465
9195,0.225,0.750,362.23409577349145
9196,0.225,0.755,360.68647834191336
9197,0.225,0.760,359.1431655911138
9198,0.225,0.765,357.6042017901614
9199,0.225,0.770,356.06963057714444
9200,0.225,0.775,354.5394949511889
9201,0.225,0.780,353.0138372647527
9202,0.225,0.785,351.49269921620214
9203,0.225,0.790,349.9761218426706
9204,0.225,0.795,348.46414551320544
9205,0.225,0.800,346.9568099222046
9206,0.225,0.805,345.4541540831451
9207,0.225,0.810,343.95621632260577
9208,0.225,0.815,342.46303427458804
9209,0.225,0.820,340.97464487513395
9210,0.225,0.825,339.491084357244
9211,0.225,0.830,338.01238824609686
9212,0.225,0.835,336.5385913545705
9213,0.225,0.840,335.06972777906697
9214,0.225,0.845,333.6058308956393
9215,0.225,0.850,332.1469333564231
9216,0.225,0.855,330.6930670863712
9217,0.225,0.860,329.244263280291
9218,0.225,0.865,327.8005524001853
9219,0.225,0.870,326.3619641728946
9220,0.225,0.875,324.9285275880402
9221,0.225,0.880,323.50027089626684
9222,0.225,0.885,322.0772216077837
9223,0.225,0.890,320.6594064912016
9224,0.225,0.895,319.2468515726643
9225,0.225,0.900,317.8395821352724
9226,0.225,0.905,316.4376227187967
9227,0.225,0.910,315.0409971196791
9228,0.225,0.915,313.6497283913173
9229,0.225,0.920,312.2638388446314
9230,0.225,0.925,310.88335004890797
9231,0.225,0.930,309.5082828329196
9232,0.225,0.935,308.13865728631464
9233,0.225,0.940,306.7744927612749
9234,0.225,0.945,305.41580787443644
9235,0.225,0.950,304.0626205090695
9236,0.225,0.955,302.7149478175141
9237,0.225,0.960,301.3728062238648
9238,0.225,0.965,300.0362114269032
9239,0.225,0.970,298.7051784032704
9240,0.225,0.975,297.37972141087675
9241,0.225,0.980,296.0598539925424
9242,0.225,0.985,294.74558897986526
9243,0.225,0.990,293.4369384973093
9244,0.225,0.995,292.13391396650974
9245,0.225,1.000,290.8365261107881
9246,0.230,0.000,610.241204019999
9247,0.230,0.005,608.65174180464
9248,0.230,0.010,607.0592270169477
9249,0.230,0.015,605.4636826985721
9250,0.230,0.020,603.865132367314
9251,0.230,0.025,602.2636000201023
9252,0.230,0.030,600.6591101358939
9253,0.230,0.035,599.0516876784939
9254,0.230,0.040,597.4413580992933
9255,0.230,0.045,595.8281473399226
9256,0.230,0.050,594.2120818348142
9257,0.230,0.055,592.5931885136758
9258,0.230,0.060,590.9714948038686
9259,0.230,0.065,589.3470286326863
9260,0.230,0.070,587.7198184295352
9261,0.230,0.075,586.0898931280097
9262,0.230,0.080,584.45728216786
9263,0.230,0.085,582.8220154968493
9264,0.230,0.090,581.1841235725002
9265,0.230,0.095,579.5436373637199
9266,0.230,0.100,577.9005883523095
9267,0.230,0.105,576.2550085343476
9268,0.230,0.110,574.6069304214486
9269,0.230,0.115,572.9563870418912
9270,0.230,0.120,571.3034119416137
9271,0.230,0.125,569.6480391850738
9272,0.230,0.130,567.9903033559676
9273,0.230,0.135,566.3302395578082
9274,0.230,0.140,564.6678834143568
9275,0.230,0.145,563.0032710699049
9276,0.230,0.150,561.336439189406
9277,0.230,0.155,559.6674249584489
9278,0.230,0.160,557.996266083076
9279,0.230,0.165,556.3230007894372
9280,0.230,0.170,554.6476678232805
9281,0.230,0.175,552.970306449275
9282,0.230,0.180,551.2909564501618
9283,0.230,0.185,549.6096581257328
9284,0.230,0.190,547.9264522916314
9285,0.230,0.195,546.241380277975
9286,0.230,0.200,544.554483927794
9287,0.230,0.205,542.8658055952856
9288,0.230,0.210,541.175388143881
9289,0.230,0.215,539.4832749441208
9290,0.230,0.220,537.7895098713373
9291,0.230,0.225,536.0941373031413
9292,0.230,0.230,534.3972021167128
9293,0.230,0.235,532.6987496858866
9294,0.230,0.240,530.99882587804
9295,0.230,0.245,529.2974770507728
9296,0.230,0.250,527.5947500483816
9297,0.230,0.255,525.8906921981229
9298,0.230,0.260,524.1853513062692
9299,0.230,0.265,522.4787756539483
9300,0.230,0.270,520.7710139927701
9301,0.230,0.275,519.0621155402376
9302,0.230,0.280,517.3521299749407
9303,0.230,0.285,515.6411074315287
9304,0.230,0.290,513.9290984954667
9305,0.230,0.295,512.2161541975682
9306,0.230,0.300,510.5023260083059
9307,0.230,0.305,508.7876658319011
9308,0.230,0.310,507.0722260001886
9309,0.230,0.315,505.3560592662574
9310,0.230,0.320,503.63921879786756
9311,0.230,0.325,501.9217581706433
9312,0.230,0.330,500.2037313610389
9313,0.230,0.335,498.4851927390834
9314,0.230,0.340,496.76619706089843
9315,0.230,0.345,495.0467994609941
9316,0.230,0.350,493.32705544433975
9317,0.230,0.355,491.60702087821466
9318,0.230,0.360,489.88675198383527
9319,0.230,0.365,488.1663053277631
9320,0.230,0.370,486.44573781309396
9321,0.230,0.375,484.7251066704287
9322,0.230,0.380,483.00446944862944
9323,0.230,0.385,481.2838840053605
9324,0.230,0.390,479.5634084974191
9325,0.230,0.395,477.84310137085515
9326,0.230,0.400,476.12302135088504
9327,0.230,0.405,474.40322743160027
9328,0.230,0.410,472.6837788654751
9329,0.230,0.415,470.964735152675
9330,0.230,0.420,469.24615603017116
9331,0.230,0.425,467.5281014606614
9332,0.230,0.430,465.81063162130476
9333,0.230,0.435,464.0938068922705
9334,0.230,0.440,462.3776878451078
9335,0.230,0.445,460.66233523093814
9336,0.230,0.450,458.9478099684782
9337,0.230,0.455,457.23417313189367
9338,0.230,0.460,455.52148593849256
9339,0.230,0.465,453.80980973626015
9340,0.230,0.470,452.09920599124354
9341,0.230,0.475,450.3897362747881
9342,0.230,0.480,448.68146225063447
9343,0.230,0.485,446.9744456618793
9344,0.230,0.490,445.2687483178078
9345,0.230,0.495,443.56443208060216
9346,0.230,0.500,441.8615588519339
9347,0.230,0.505,440.16019055944577
9348,0.230,0.510,438.46038914312936
9349,0.230,0.515,436.76221654160656
9350,0.230,0.520,435.0657346783205
9351,0.230,0.525,433.3710054476429
9352,0.230,0.530,431.6780907009071
9353,0.230,0.535,429.98705223237073
9354,0.230,0.540,428.29795176511925
9355,0.230,0.545,426.61085093691486
9356,0.230,0.550,424.92581128599977
9357,0.230,0.555,423.24289423686236
9358,0.230,0.560,421.5621610859722
9359,0.230,0.565,419.8836729874943
9360,0.230,0.570,418.20749093898854
9361,0.230,0.575,416.5336757671035
9362,0.230,0.580,414.8622881132735
9363,0.230,0.585,413.1933884194256
9364,0.230,0.590,411.5270369137059
9365,0.230,0.595,409.86329359623403
9366,0.230,0.600,408.20221822489293
9367,0.230,0.605,406.5438703011633
9368,0.230,0.610,404.88830905601077
9369,0.230,0.615,403.2355934358352
9370,0.230,0.620,401.5857820884887
9371,0.230,0.625,399.93893334937314
9372,0.230,0.630,398.2951052276233
9373,0.230,0.635,396.6543553923863
9374,0.230,0.640,395.0167411592043
9375,0.230,0.645,393.38231947650826
9376,0.230,0.650,391.7511469122333
9377,0.230,0.655,390.12327964056175
9378,0.230,0.660,388.4987734288023
9379,0.230,0.665,386.8776836244144
9380,0.230,0.670,385.26006514218534
9381,0.230,0.675,383.64597245156665
9382,0.230,0.680,382.03545956417986
9383,0.230,0.685,380.42858002149694
9384,0.230,0.690,378.8253868827045
9385,0.230,0.695,377.22593271275815
9386,0.230,0.700,375.6302695706347
9387,0.230,0.705,374.03844899778903
9388,0.230,0.710,372.45052200682255
9389,0.230,0.715,370.8665390703695
9390,0.230,0.720,369.2865501102087
9391,0.230,0.725,367.71060448660575
9392,0.230,0.730,366.1387509878923
9393,0.230,0.735,364.5710378202892
9394,0.230,0.740,363.00751259797727
9395,0.230,0.745,361.4482223334231
9396,0.230,0.750,359.8932134279644
9397,0.230,0.755,358.34253166265916
9398,0.230,0.760,356.7962221894048
9399,0.230,0.765,355.2543295223311
9400,0.230,0.770,353.7168975294714
9401,0.230,0.775,352.1839694247157
9402,0.230,0.780,350.65558776004997
9403,0.230,0.785,349.1317944180861
9404,0.230,0.790,347.6126306048829
9405,0.230,0.795,346.0981368430653
9406,0.230,0.800,344.5883529652408
9407,0.230,0.805,343.08331810771784
9408,0.230,0.810,341.58307070452787
9409,0.230,0.815,340.0876484817526
9410,0.230,0.820,338.597088452159
9411,0.230,0.825,337.11142691014305
9412,0.230,0.830,335.6306994269826
9413,0.230,0.835,334.1549408464022
9414,0.230,0.840,332.6841852804489
9415,0.230,0.845,331.2184661056795
9416,0.230,0.850,329.7578159596607
9417,0.230,0.855,328.3022667377804
9418,0.230,0.860,326.85184959037093
9419,0.230,0.865,325.40659492014214
9420,0.230,0.870,323.96653237992575
9421,0.230,0.875,322.531690870727
9422,0.230,0.880,321.10209854008457
9423,0.230,0.885,319.6777827807358
9424,0.230,0.890,318.2587702295852
9425,0.230,0.895,316.84508676697527
9426,0.230,0.900,315.43675751625585
9427,0.230,0.905,314.0338068436509
9428,0.230,0.910,312.63625835841805
9429,0.230,0.915,311.24413491330006
9430,0.230,0.920,309.8574586052633
9431,0.230,0.925,308.4762507765201
9432,0.230,0.930,307.1005320158324
9433,0.230,0.935,305.73032216009176
9434,0.230,0.940,304.3656402961718
9435,0.230,0.945,303.00650476304975
9436,0.230,0.950,301.6529331541919
9437,0.230,0.955,300.3049423201991
9438,0.230,0.960,298.9625483717072
9439,0.230,0.965,297.62576668253774
9440,0.230,0.970,296.2946118930943
9441,0.230,0.975,294.96909791399884
9442,0.230,0.980,293.64923792996365
9443,0.230,0.985,292.3350444038928
9444,0.230,0.990,291.02652908120825
9445,0.230,0.995,289.72370299439484
9446,0.230,1.000,288.4265764677586
9447,0.235,0.000,608.7839564713405
9448,0.235,0.005,607.1880337560218
9449,0.235,0.010,605.5890398147117
9450,0.235,0.015,603.9869979411749
9451,0.235,0.020,602.3819319121208
9452,0.235,0.025,600.7738659902476
9453,0.235,0.030,599.1628249272077
9454,0.235,0.035,597.5488339664929
9455,0.235,0.040,595.9319188462356
9456,0.235,0.045,594.312105801923
9457,0.235,0.050,592.6894215690224
9458,0.235,0.055,591.0638933855115
9459,0.235,0.060,589.4355489943144
9460,0.235,0.065,587.8044166456377
9461,0.235,0.070,586.1705250992029
9462,0.235,0.075,584.5339036263748
9463,0.235,0.080,582.8945820121788
9464,0.235,0.085,581.2525905572082
9465,0.235,0.090,579.607960079414
9466,0.235,0.095,577.9607219157762
9467,0.235,0.100,576.3109079238536
9468,0.235,0.105,574.6585504832077
9469,0.235,0.110,573.0036824966974
9470,0.235,0.115,571.3463373916421
9471,0.235,0.120,569.6865491208488
9472,0.235,0.125,568.0243521635003
9473,0.235,0.130,566.359781525903
9474,0.235,0.135,564.6928727420858
9475,0.235,0.140,563.0236618742539
9476,0.235,0.145,561.3521855130879
9477,0.235,0.150,559.678480777889
9478,0.235,0.155,558.0025853165655
9479,0.235,0.160,556.3245373054564
9480,0.235,0.165,554.6443754489912
9481,0.235,0.170,552.962138979181
9482,0.235,0.175,551.2778676549382
9483,0.235,0.180,549.5916017612223
9484,0.235,0.185,547.9033821080066
9485,0.235,0.190,546.2132500290664
9486,0.235,0.195,544.5212473805828
9487,0.235,0.200,542.8274165395595
9488,0.235,0.205,541.1318004020504
9489,0.235,0.210,539.434442381197
9490,0.235,0.215,537.7353864050675
9491,0.235,0.220,536.034676914302
9492,0.235,0.225,534.3323588595549
9493,0.235,0.230,532.6284776987358
9494,0.235,0.235,530.9230793940451
9495,0.235,0.240,529.2162104088028
9496,0.235,0.245,527.5079177040665
9497,0.235,0.250,525.798248735038
9498,0.235,0.255,524.087251447256
9499,0.235,0.260,522.3749742725738
9500,0.235,0.265,520.661466124917
9501,0.235,0.270,518.946776395824
9502,0.235,0.275,517.2309549497642
9503,0.235,0.280,515.5140521192336
9504,0.235,0.285,513.7961186996266
9505,0.235,0.290,512.0772059438824
9506,0.235,0.295,510.3573655569055
9507,0.235,0.300,508.6366496897574
9508,0.235,0.305,506.9151109336224
9509,0.235,0.310,505.19280231354145
9510,0.235,0.315,503.46977728192
9511,0.235,0.320,501.7460897118028
9512,0.235,0.325,500.02179388992084
9513,0.235,0.330,498.29694450950694
9514,0.235,0.335,496.5715966628822
9515,0.235,0.340,494.8458058338117
9516,0.235,0.345,493.1196278896321
9517,0.235,0.350,491.3931190731488
9518,0.235,0.355,489.6663359943075
9519,0.235,0.360,487.93933562163636
9520,0.235,0.365,486.21217527346454
9521,0.235,0.370,484.4849126089152
9522,0.235,0.375,482.75760561867554
9523,0.235,0.380,481.0303126155466
9524,0.235,0.385,479.3030922247733
9525,0.235,0.390,477.5760033741573
9526,0.235,0.395,475.84910528395557
9527,0.235,0.400,474.1224574565668
9528,0.235,0.405,472.39611966600796
9529,0.235,0.410,470.6701519471851
9530,0.235,0.415,468.9446145849597
9531,0.235,0.420,467.21956810301657
9532,0.235,0.425,465.49507325253376
9533,0.235,0.430,463.77119100066096
9534,0.235,0.435,462.0479825188084
9535,0.235,0.440,460.3255091707521
9536,0.235,0.445,458.6038325005578
9537,0.235,0.450,456.8830142203307
9538,0.235,0.455,455.16311619779265
9539,0.235,0.460,453.44420044369565
9540,0.235,0.465,451.7263290990728
9541,0.235,0.470,450.0095644223352
9542,0.235,0.475,448.29396877621826
9543,0.235,0.480,446.57960461458504
9544,0.235,0.485,444.8665344690906
9545,0.235,0.490,443.15482093571535
9546,0.235,0.495,441.4445266611722
9547,0.235,0.500,439.73571432919465
9548,0.235,0.505,438.02844664671295
9549,0.235,0.510,436.3227863299243
9550,0.235,0.515,434.6187960902644
9551,0.235,0.520,432.9165386202876
9552,0.235,0.525,431.2160765794627
9553,0.235,0.530,429.5174725798927
9554,0.235,0.535,427.820789171964
9555,0.235,0.540,426.12608882993584
9556,0.235,0.545,424.4334339374744
9557,0.235,0.550,422.74288677314263
9558,0.235,0.555,421.05450949585185
9559,0.235,0.560,419.3683641302833
9560,0.235,0.565,417.6845125522899
9561,0.235,0.570,416.0030164742841
9562,0.235,0.575,414.3239374306215
9563,0.235,0.580,412.64733676298897
9564,0.235,0.585,410.97327560580464
9565,0.235,0.590,409.30181487164043
9566,0.235,0.595,407.6330152366733
9567,0.235,0.600,405.9669371261757
9568,0.235,0.605,404.3036407000535
9569,0.235,0.610,402.64318583843954
9570,0.235,0.615,400.9856321273526
9571,0.235,0.620,399.3310388444296
9572,0.235,0.625,397.67946494474046
9573,0.235,0.630,396.0309690466935
9574,0.235,0.635,394.3856094180411
9575,0.235,0.640,392.74344396199336
9576,0.235,0.645,391.104530203449
9577,0.235,0.650,389.4689252753513
9578,0.235,0.655,387.8366859051785
9579,0.235,0.660,386.20786840157626
9580,0.235,0.665,384.58252864114024
9581,0.235,0.670,382.9607220553583
9582,0.235,0.675,381.34250361771893
9583,0.235,0.680,379.72792783099425
9584,0.235,0.685,378.1170487147062
9585,0.235,0.690,376.5099197927825
9586,0.235,0.695,374.90659408141056
9587,0.235,0.700,373.30712407709666
9588,0.235,0.705,371.7115617449369
9589,0.235,0.710,370.1199585071084
9590,0.235,0.715,368.5323652315858
9591,0.235,0.720,366.94883222109166
9592,0.235,0.725,365.36940920228506
9593,0.235,0.730,363.79414531519694
9594,0.235,0.735,362.22308910291605
9595,0.235,0.740,360.65628850153314
9596,0.235,0.745,359.0937908303474
9597,0.235,0.750,357.53564278234273
9598,0.235,0.755,355.9818904149354
9599,0.235,0.760,354.43257914100224
9600,0.235,0.765,352.88775372019074
9601,0.235,0.770,351.3474582505167
9602,0.235,0.775,349.81173616025364
9603,0.235,0.780,348.28063020011757
9604,0.235,0.785,346.75418243575047
9605,0.235,0.790,345.232434240507
9606,0.235,0.795,343.7154262885451
9607,0.235,0.800,342.2031985482262
9608,0.235,0.805,340.69579027582563
9609,0.235,0.810,339.19324000955527
9610,0.235,0.815,337.69558556390206
9611,0.235,0.820,336.20286402428235
9612,0.235,0.825,334.71511174201487
9613,0.235,0.830,333.23236432961147
9614,0.235,0.835,331.75465665638944
9615,0.235,0.840,330.28202284440266
9616,0.235,0.845,328.81449626469487
9617,0.235,0.850,327.3521095338724
9618,0.235,0.855,325.89489451099837
9619,0.235,0.860,324.4428822948062
9620,0.235,0.865,322.9961032212327
9621,0.235,0.870,321.5545868612691
9622,0.235,0.875,320.1183620191286
9623,0.235,0.880,318.6874567307294
9624,0.235,0.885,317.26189826249134
9625,0.235,0.890,315.84171311044327
9626,0.235,0.895,314.4269269996397
9627,0.235,0.900,313.0175648838841
9628,0.235,0.905,311.61365094575564
9629,0.235,0.910,310.2152085969366
9630,0.235,0.915,308.82226047883717
9631,0.235,0.920,307.43482846351475
9632,0.235,0.925,306.0529336548829
9633,0.235,0.930,304.6765963902074
9634,0.235,0.935,303.3058362418845
9635,0.235,0.940,301.94067201949775
9636,0.235,0.945,300.58112177214855
9637,0.235,0.950,299.2272027910558
9638,0.235,0.955,297.87893161242107
9639,0.235,0.960,296.5363240205521
9640,0.235,0.965,295.19939505124256
9641,0.235,0.970,293.86815899540005
9642,0.235,0.975,292.54262940291926
9643,0.235,0.980,291.22281908679327
9644,0.235,0.985,289.908740127459
9645,0.235,0.990,288.600403877369
9646,0.235,0.995,287.2978209657867
9647,0.235,1.000,286.00100130379616
9648,0.240,0.000,607.3185124620047
9649,0.240,0.005,605.7160657365685
9650,0.240,0.010,604.1105287813334
9651,0.240,0.015,602.5019251447553
9652,0.240,0.020,600.8902788651657
9653,0.240,0.025,599.2756144738838
9654,0.240,0.030,597.6579569982513
9655,0.240,0.035,596.0373319645842
9656,0.240,0.040,594.4137654010395
9657,0.240,0.045,592.7872838403944
9658,0.240,0.050,591.1579143227331
9659,0.240,0.055,589.5256843980403
9660,0.240,0.060,587.8906221286957
9661,0.240,0.065,586.2527560918674
9662,0.240,0.070,584.6121153818026
9663,0.240,0.075,582.9687296120084
9664,0.240,0.080,581.3226289173231
9665,0.240,0.085,579.6738439558723
9666,0.240,0.090,578.0224059109083
9667,0.240,0.095,576.3683464925272
9668,0.240,0.100,574.7116979392619
9669,0.240,0.105,573.0524930195478
9670,0.240,0.110,571.3907650330567
9671,0.240,0.115,569.7265478118958
9672,0.240,0.120,568.0598757216684
9673,0.240,0.125,566.3907836623941
9674,0.240,0.130,564.719307069283
9675,0.240,0.135,563.0454819133616
9676,0.240,0.140,561.3693447019473
9677,0.240,0.145,559.6909324789675
9678,0.240,0.150,558.0102828251203
9679,0.240,0.155,556.327433857873
9680,0.240,0.160,554.6424242312955
9681,0.240,0.165,552.9552931357258
9682,0.240,0.170,551.2660802972622
9683,0.240,0.175,549.5748259770824
9684,0.240,0.180,547.8815709705824
9685,0.240,0.185,546.1863566063354
9686,0.240,0.190,544.4892247448662
9687,0.240,0.195,542.7902177772364
9688,0.240,0.200,541.0893786234413
9689,0.240,0.205,539.3867507306112
9690,0.240,0.210,537.6823780710182
9691,0.240,0.215,535.9763051398812
9692,0.240,0.220,534.2685769529719
9693,0.240,0.225,532.5592390440132
9694,0.240,0.230,530.8483374618729
9695,0.240,0.235,529.135918767545
9696,0.240,0.240,527.4220300309215
9697,0.240,0.245,525.7067188273462
9698,0.240,0.250,523.9900332339556
9699,0.240,0.255,522.2720218257973
9700,0.240,0.260,520.5527336717295
9701,0.240,0.265,518.8322183300966
9702,0.240,0.270,517.1105258441803
9703,0.240,0.275,515.3877067374249
9704,0.240,0.280,513.6638120084328
9705,0.240,0.285,511.9388931257329
9706,0.240,0.290,510.21300202231583
9707,0.240,0.295,508.48619108993984
9708,0.240,0.300,506.7585131732006
9709,0.240,0.305,505.0300215633707
9710,0.240,0.310,503.30076999200185
9711,0.240,0.315,501.57081262429307
9712,0.240,0.320,499.8402040522232
9713,0.240,0.325,498.1089992874483
9714,0.240,0.330,496.37725375396144
9715,0.240,0.335,494.64502328051884
9716,0.240,0.340,492.9123640928292
9717,0.240,0.345,491.1793328055083
9718,0.240,0.350,489.4459864137992
9719,0.240,0.355,487.7123822850588
9720,0.240,0.360,485.97857815001197
9721,0.240,0.365,484.24463209377427
9722,0.240,0.370,482.5106025466442
9723,0.240,0.375,480.7765482746676
9724,0.240,0.380,479.0425283699752
9725,0.240,0.385,477.3086022408951
9726,0.240,0.390,475.57482960184393
9727,0.240,0.395,473.8412704629965
9728,0.240,0.400,472.10798511973906
9729,0.240,0.405,470.37503414190746
9730,0.240,0.410,468.6424783628138
9731,0.240,0.415,466.91037886806487
9732,0.240,0.420,465.17879698417545
9733,0.240,0.425,463.4477942669802
9734,0.240,0.430,461.71743248984916
9735,0.240,0.435,459.987773631708
9736,0.240,0.440,458.258879864872
9737,0.240,0.445,456.5308135426923
9738,0.240,0.450,454.8036371870259
9739,0.240,0.455,453.0774134755276
9740,0.240,0.460,451.3522052287749
9741,0.240,0.465,449.6280753972263
9742,0.240,0.470,447.90508704802255
9743,0.240,0.475,446.18330335163375
9744,0.240,0.480,444.4627875683602
9745,0.240,0.485,442.743603034691
9746,0.240,0.490,441.0258131495295
9747,0.240,0.495,439.3094813602894
9748,0.240,0.500,437.5946711488702
9749,0.240,0.505,435.88144601751736
9750,0.240,0.510,434.16986947457553
9751,0.240,0.515,432.46000502014135
9752,0.240,0.520,430.7519161316226
9753,0.240,0.525,429.0456662492132
9754,0.240,0.530,427.3413187612892
9755,0.240,0.535,425.6389369897359
9756,0.240,0.540,423.93858417521204
9757,0.240,0.545,422.240323462361
9758,0.240,0.550,420.544217884976
9759,0.240,0.555,418.8503303511273
9760,0.240,0.560,417.1587236282623
9761,0.240,0.565,415.469460328283
9762,0.240,0.570,413.78260289261374
9763,0.240,0.575,412.0982135772644
9764,0.240,0.580,410.41635443790074
9765,0.240,0.585,408.73708731492775
9766,0.240,0.590,407.060473818598
9767,0.240,0.595,405.38657531415174
9768,0.240,0.600,403.715452906998
9769,0.240,0.605,402.04716742794733
9770,0.240,0.610,400.3817794185022
9771,0.240,0.615,398.71934911621804
9772,0.240,0.620,397.0599364401397
9773,0.240,0.625,395.4036009763259
9774,0.240,0.630,393.7504019634682
9775,0.240,0.635,392.1003982786153
9776,0.240,0.640,390.4536484230094
9777,0.240,0.645,388.8102105080464
9778,0.240,0.650,387.17014224136545
9779,0.240,0.655,385.5335009130794
9780,0.240,0.660,383.9003433821527
9781,0.240,0.665,382.2707260629366
9782,0.240,0.670,380.6447049118692
9783,0.240,0.675,379.0223354143498
9784,0.240,0.680,377.40367257179366
9785,0.240,0.685,375.7887708888778
9786,0.240,0.690,374.17768436098333
9787,0.240,0.695,372.5704664618445
9788,0.240,0.700,370.9671701314085
9789,0.240,0.705,369.3678477639183
9790,0.240,0.710,367.77255119622055
9791,0.240,0.715,366.18133169630966
9792,0.240,0.720,364.59423995211245
9793,0.240,0.725,363.0113260605211
9794,0.240,0.730,361.4326395166806
9795,0.240,0.735,359.85822920353576
9796,0.240,0.740,358.28814338164665
9797,0.240,0.745,356.722429679274
9798,0.240,0.750,355.16113508274435
9799,0.240,0.755,353.6043059270964
9800,0.240,0.760,352.0519878870163
9801,0.240,0.765,350.50422596806504
9802,0.240,0.770,348.9610644982031
9803,0.240,0.775,347.42254711961573
9804,0.240,0.780,345.8887167808444
9805,0.240,0.785,344.35961572922537
9806,0.240,0.790,342.8352855036419
9807,0.240,0.795,341.3157669275903
9808,0.240,0.800,339.8011001025649
9809,0.240,0.805,338.29132440176215
9810,0.240,0.810,336.7864784641085
9811,0.240,0.815,335.28660018861217
9812,0.240,0.820,333.7917267290408
9813,0.240,0.825,332.3018944889271
9814,0.240,0.830,330.81713911690235
9815,0.240,0.835,329.3374955023598
9816,0.240,0.840,327.862997771447
9817,0.240,0.845,326.3936792833888
9818,0.240,0.850,324.9295726271395
9819,0.240,0.855,323.47070961836476
9820,0.240,0.860,322.01712129675184
9821,0.240,0.865,320.56883792364835
9822,0.240,0.870,319.1258889800268
9823,0.240,0.875,317.68830316477454
9824,0.240,0.880,316.2561083933076
9825,0.240,0.885,314.82933179650513
9826,0.240,0.890,313.40799971996324
9827,0.240,0.895,311.9921377235655
9828,0.240,0.900,310.58177058136783
9829,0.240,0.905,309.17692228179305
9830,0.240,0.910,307.77761602813445
9831,0.240,0.915,306.3838742393627
9832,0.240,0.920,304.995718551234
9833,0.240,0.925,303.6131698176946
9834,0.240,0.930,302.2362481125779
9835,0.240,0.935,300.8649727315905
9836,0.240,0.940,299.49936219458164
9837,0.240,0.945,298.1394342480922
9838,0.240,0.950,296.78520586817837
9839,0.240,0.955,295.43669326350476
9840,0.240,0.960,294.09391187870176
9841,0.240,0.965,292.75687639798224
9842,0.240,0.970,291.42560074901223
9843,0.240,0.975,290.1000981070292
9844,0.240,0.980,288.78038089920346
9845,0.240,0.985,287.4664608092355
9846,0.240,0.990,286.15834878218527
9847,0.240,0.995,284.85605502952524
9848,0.240,1.000,283.5595890344126
9849,0.245,0.000,605.8447890820955
9850,0.245,0.005,604.2357537688023
9851,0.245,0.010,602.623608861331
9852,0.245,0.015,601.0083781653992
9853,0.245,0.020,599.3900859836702
9854,0.245,0.025,597.7687571189379
9855,0.245,0.030,596.1444168772312
9856,0.245,0.035,594.5170910708356
9857,0.245,0.040,592.886806021229
9858,0.245,0.045,591.2535885619258
9859,0.245,0.050,589.6174660412311
9860,0.245,0.055,587.9784663248962
9861,0.245,0.060,586.3366177986761
9862,0.245,0.065,584.6919493707838
9863,0.245,0.070,583.044490474238
9864,0.245,0.075,581.3942710691024
9865,0.245,0.080,579.7413216446103
9866,0.245,0.085,578.0856732211745
9867,0.245,0.090,576.4273573522763
9868,0.245,0.095,574.7664061262317
9869,0.245,0.100,573.1028521678297
9870,0.245,0.105,571.4367286398422
9871,0.245,0.110,569.7680692443979
9872,0.245,0.115,568.0969082242204
9873,0.245,0.120,566.4232803637252
9874,0.245,0.125,564.7472209899714
9875,0.245,0.130,563.0687659734666
9876,0.245,0.135,561.3879517288198
9877,0.245,0.140,559.7048152152399
9878,0.245,0.145,558.019393936875
9879,0.245,0.150,556.3317259429909
9880,0.245,0.155,554.6418498279835
9881,0.245,0.160,552.9498047312229
9882,0.245,0.165,551.2556303367253
9883,0.245,0.170,549.5593668726492
9884,0.245,0.175,547.8610551106128
9885,0.245,0.180,546.1607363648303
9886,0.245,0.185,544.4584524910606
9887,0.245,0.190,542.7542458853699
9888,0.245,0.195,541.0481594827007
9889,0.245,0.200,539.3402367552474
9890,0.245,0.205,537.6305217106317
9891,0.245,0.210,535.9190588898806
9892,0.245,0.215,534.2058933651971
9893,0.245,0.220,532.4910707375263
9894,0.245,0.225,530.7746371339118
9895,0.245,0.230,529.0566392046389
9896,0.245,0.235,527.3371241201646
9897,0.245,0.240,525.6161395678289
9898,0.245,0.245,523.8937337483477
9899,0.245,0.250,522.169955372083
9900,0.245,0.255,520.4448536550891
9901,0.245,0.260,518.7184783149315
9902,0.245,0.265,516.9908795662801
9903,0.245,0.270,515.262108116269
9904,0.245,0.275,513.5322151596265
9905,0.245,0.280,511.80125237357083
9906,0.245,0.285,510.0692719124711
9907,0.245,0.290,508.3363264022711
9908,0.245,0.295,506.60246893467666
9909,0.245,0.300,504.8677530611029
9910,0.245,0.305,503.13223278638367
9911,0.245,0.310,501.3959625622383
9912,0.245,0.315,499.65899728049965
9913,0.245,0.320,497.9213922660994
9914,0.245,0.325,496.1832032698121
9915,0.245,0.330,494.444486460757
9916,0.245,0.335,492.7052984186594
9917,0.245,0.340,490.96569612586865
9918,0.245,0.345,489.2257369591374
9919,0.245,0.350,487.48547868115844
9920,0.245,0.355,485.74497943186356
9921,0.245,0.360,484.0042977194831
9922,0.245,0.365,482.26349241136836
9923,0.245,0.370,480.5226227245787
9924,0.245,0.375,478.78174821623344
9925,0.245,0.380,477.0409287736321
9926,0.245,0.385,475.30022460414443
9927,0.245,0.390,473.5596962248715
9928,0.245,0.395,471.81940445208215
9929,0.245,0.400,470.0794103904256
9930,0.245,0.405,468.3397754219249
9931,0.245,0.410,466.6005611947527
9932,0.245,0.415,464.8618296117936
9933,0.245,0.420,463.12364281899715
9934,0.245,0.425,461.38606319352317
9935,0.245,0.430,459.6491533316863
9936,0.245,0.435,457.91297603670154
9937,0.245,0.440,456.1775943062365
9938,0.245,0.445,454.4430713197744
9939,0.245,0.450,452.7094704257935
9940,0.245,0.455,450.9768551287668
9941,0.245,0.460,449.24528907598886
9942,0.245,0.465,447.51483604423316
9943,0.245,0.470,445.78555992624877
9944,0.245,0.475,444.0575247170984
9945,0.245,0.480,442.33079450034757
9946,0.245,0.485,440.60543343410916
9947,0.245,0.490,438.8815057369502
9948,0.245,0.495,437.1590756736683
9949,0.245,0.500,435.4382075409435
9950,0.245,0.505,433.71896565287386
9951,0.245,0.510,432.00141432640135
9952,0.245,0.515,430.28561786663556
9953,0.245,0.520,428.5716405520827
9954,0.245,0.525,426.85954661978866
9955,0.245,0.530,425.14940025040244
9956,0.245,0.535,423.441265553169
9957,0.245,0.540,421.73520655086054
9958,0.245,0.545,420.03128716465255
9959,0.245,0.550,418.3295711989549
9960,0.245,0.555,416.6301223262055
9961,0.245,0.560,414.9330040716362
9962,0.245,0.565,413.2382797980188
9963,0.245,0.570,411.54601269040035
9964,0.245,0.575,409.8562657408374
9965,0.245,0.580,408.1691017331369
9966,0.245,0.585,406.484583227615
9967,0.245,0.590,404.8027725458802
9968,0.245,0.595,403.1237317556524
9969,0.245,0.600,401.4475226556263
9970,0.245,0.605,399.7742067603876
9971,0.245,0.610,398.1038452853936
9972,0.245,0.615,396.436499132024
9973,0.245,0.620,394.7722288727153
9974,0.245,0.625,393.11109473618427
9975,0.245,0.630,391.4531565927531
9976,0.245,0.635,389.79847393978264
9977,0.245,0.640,388.14710588722454
9978,0.245,0.645,386.49911114330166
9979,0.245,0.650,384.8545480003241
9980,0.245,0.655,383.2134743206514
9981,0.245,0.660,381.5759475228098
9982,0.245,0.665,379.9420245677719
9983,0.245,0.670,378.3117619454085
9984,0.245,0.675,376.68521566112184
9985,0.245,0.680,375.0624412226666
9986,0.245,0.685,373.44349362716866
9987,0.245,0.690,371.82842734834907
9988,0.245,0.695,370.21729632396165
9989,0.245,0.700,368.6101539434508
9990,0.245,0.705,367.00705303583885
9991,0.245,0.710,365.40804585784815
9992,0.245,0.715,363.8131840822683
9993,0.245,0.720,362.222518786572
9994,0.245,0.725,360.6361004417878
9995,0.245,0.730,359.0539789016378
9996,0.245,0.735,357.47620339194395
9997,0.245,0.740,355.9028225003105
9998,0.245,0.745,354.3338841660887
9999,0.245,0.750,352.76943567062773
10000,0.245,0.755,351.20952362781986
10001,0.245,0.760,349.6541939749418
10002,0.245,0.765,348.1034919637991
10003,0.245,0.770,346.55746215217783
10004,0.245,0.775,345.0161483956067
10005,0.245,0.780,343.47959383943487
10006,0.245,0.785,341.947840911228
10007,0.245,0.790,340.4209313134875
10008,0.245,0.795,338.89890601669293
10009,0.245,0.800,337.38180525267495
10010,0.245,0.805,335.8696685083162
10011,0.245,0.810,334.36253451958623
10012,0.245,0.815,332.86044126591065
10013,0.245,0.820,331.36342596487606
10014,0.245,0.825,329.87152506727176
10015,0.245,0.830,328.3847742524711
10016,0.245,0.835,326.90320842415065
10017,0.245,0.840,325.42686170634806
10018,0.245,0.845,323.95576743986123
10019,0.245,0.850,322.4899581789848
10020,0.245,0.855,321.0294656885859
10021,0.245,0.860,319.57432094151807
10022,0.245,0.865,318.1245541163712
10023,0.245,0.870,316.6801945955571
10024,0.245,0.875,315.24127096372945
10025,0.245,0.880,313.807811006534
10026,0.245,0.885,312.37984170969025
10027,0.245,0.890,310.9573892583988
10028,0.245,0.895,309.540479037074
10029,0.245,0.900,308.1291356293979
10030,0.245,0.905,306.7233828186924
10031,0.245,0.910,305.3232435886064
10032,0.245,0.915,303.92874012411437
10033,0.245,0.920,302.53989381282196
10034,0.245,0.925,301.15672524657526
10035,0.245,0.930,299.7792542233684
10036,0.245,0.935,298.40749974954633
10037,0.245,0.940,297.0414800422968
10038,0.245,0.945,295.6812125324276
10039,0.245,0.950,294.326713867423
10040,0.245,0.955,292.97799991477575
10041,0.245,0.960,291.635085765587
10042,0.245,0.965,290.2979857384313
10043,0.245,0.970,288.9667133834779
10044,0.245,0.975,287.6412814868659
10045,0.245,0.980,286.32170207532465
10046,0.245,0.985,285.00798642103405
10047,0.245,0.990,283.7001450467198
10048,0.245,0.995,282.3981877309755
10049,0.245,1.000,281.10212351380676
10050,0.250,0.000,604.3627023888436
10051,0.250,0.005,602.7470128182973
10052,0.250,0.010,601.1281939178216
10053,0.250,0.015,599.506269752957
10054,0.250,0.020,597.8812648934044
10055,0.250,0.025,596.253204416283
10056,0.250,0.030,594.622113909309
10057,0.250,0.035,592.9880194738892
10058,0.250,0.040,591.3509477281264
10059,0.250,0.045,589.7109258097348
10060,0.250,0.050,588.0679813788602
10061,0.250,0.055,586.4221426208031
10062,0.250,0.060,584.7734382486401
10063,0.250,0.065,583.1218975057415
10064,0.250,0.070,581.4675501681797
10065,0.250,0.075,579.8104265470281
10066,0.250,0.080,578.1505574905431
10067,0.250,0.085,576.487974386228
10068,0.250,0.090,574.8227091627758
10069,0.250,0.095,573.1547942918859
10070,0.250,0.100,571.4842627899507
10071,0.250,0.105,569.8111482196105
10072,0.250,0.110,568.1354846911717
10073,0.250,0.115,566.4573068638847
10074,0.250,0.120,564.776649947079
10075,0.250,0.125,563.0935497011496
10076,0.250,0.130,561.4080424383943
10077,0.250,0.135,559.7201650236947
10078,0.250,0.140,558.0299548750411
10079,0.250,0.145,556.337449963894
10080,0.250,0.150,554.6426888153819
10081,0.250,0.155,552.945710508329
10082,0.250,0.160,551.2465546751112
10083,0.250,0.165,549.5452615013368
10084,0.250,0.170,547.8418717253476
10085,0.250,0.175,546.1364266375363
10086,0.250,0.180,544.4289680794793
10087,0.250,0.185,542.7195384428792
10088,0.250,0.190,541.0081806683148
10089,0.250,0.195,539.294938243795
10090,0.250,0.200,537.5798552031131
10091,0.250,0.205,535.8629761239995
10092,0.250,0.210,534.1443461260682
10093,0.250,0.215,532.424010868555
10094,0.250,0.220,530.7020165478444
10095,0.250,0.225,528.9784098947822
10096,0.250,0.230,527.2532381717708
10097,0.250,0.235,525.526549169645
10098,0.250,0.240,523.7983912043253
10099,0.250,0.245,522.068813113246
10100,0.250,0.250,520.337864251557
10101,0.250,0.255,518.6055944880944
10102,0.250,0.260,516.872054201121
10103,0.250,0.265,515.1372942738323
10104,0.250,0.270,513.4013660896256
10105,0.250,0.275,511.66432152713423
10106,0.250,0.280,509.9262129550189
10107,0.250,0.285,508.1870932265219
10108,0.250,0.290,506.4470156737757
10109,0.250,0.295,504.7060341018708
10110,0.250,0.300,502.96420278267675
10111,0.250,0.305,501.22157644841934
10112,0.250,0.310,499.4782102850096
10113,0.250,0.315,497.73415992512827
10114,0.250,0.320,495.9894814410595
10115,0.250,0.325,494.24423133727987
10116,0.250,0.330,492.4984665427974
10117,0.250,0.335,490.7522444032443
10118,0.250,0.340,489.00562267272016
10119,0.250,0.345,487.25865950539077
10120,0.250,0.350,485.51141344683714
10121,0.250,0.355,483.76394342516255
10122,0.250,0.360,482.01630874185133
10123,0.250,0.365,480.2685690623876
10124,0.250,0.370,478.5207844066293
10125,0.250,0.375,476.7730151389441
10126,0.250,0.380,475.02532195810596
10127,0.250,0.385,473.2777658869552
10128,0.250,0.390,471.5304082618254
10129,0.250,0.395,469.7833107217386
10130,0.250,0.400,468.0365351973712
10131,0.250,0.405,466.2901438997955
10132,0.250,0.410,464.5441993089972
10133,0.250,0.415,462.7987641621753
10134,0.250,0.420,461.05390144182564
10135,0.250,0.425,459.30967436361357
10136,0.250,0.430,457.56614636403873
10137,0.250,0.435,455.8233810878973
10138,0.250,0.440,454.0814423755453
10139,0.250,0.445,452.34039424996854
10140,0.250,0.450,450.6003009036642
10141,0.250,0.455,448.8612266853383
10142,0.250,0.460,447.1232360864258
10143,0.250,0.465,445.38639372743773
10144,0.250,0.470,443.650764344144
10145,0.250,0.475,441.9164127735928
10146,0.250,0.480,440.1834039399792
10147,0.250,0.485,438.4518028403642
10148,0.250,0.490,436.72167453025475
10149,0.250,0.495,434.99308410904905
10150,0.250,0.500,433.266096705356
10151,0.250,0.505,431.54077746219497
10152,0.250,0.510,429.8171915220844
10153,0.250,0.515,428.09540401202634
10154,0.250,0.520,426.3754800283943
10155,0.250,0.525,424.65748462173417
10156,0.250,0.530,422.9414827814841
10157,0.250,0.535,421.22753942062417
10158,0.250,0.540,419.51571936026124
10159,0.250,0.545,417.8060873141616
10160,0.250,0.550,416.0987078732365
10161,0.250,0.555,414.39364548999134
10162,0.250,0.560,412.69096446294765
10163,0.250,0.565,410.9907289210456
10164,0.250,0.570,409.29300280803795
10165,0.250,0.575,407.5978498668837
10166,0.250,0.580,405.9053336241503
10167,0.250,0.585,404.21551737443565
10168,0.250,0.590,402.52846416481793
10169,0.250,0.595,400.84423677934245
10170,0.250,0.600,399.16289772355714
10171,0.250,0.605,397.4845092091035
10172,0.250,0.610,395.80913313837533
10173,0.250,0.615,394.13683108925284
10174,0.250,0.620,392.46766429992283
10175,0.250,0.625,390.80169365379413
10176,0.250,0.630,389.13897966451816
10177,0.250,0.635,387.47958246112324
10178,0.250,0.640,385.8235617732742
10179,0.250,0.645,384.1709769166635
10180,0.250,0.650,382.5218867785465
10181,0.250,0.655,380.87634980342807
10182,0.250,0.660,379.23442397890994
10183,0.250,0.665,377.59616682170895
10184,0.250,0.670,375.9616353638533
10185,0.250,0.675,374.33088613906745
10186,0.250,0.680,372.7039751693533
10187,0.250,0.685,371.0809579517761
10188,0.250,0.690,369.4618894454637
10189,0.250,0.695,367.8468240588276
10190,0.250,0.700,366.23581563701316
10191,0.250,0.705,364.62891744958716
10192,0.250,0.710,363.02618217847026
10193,0.250,0.715,361.42766190612167
10194,0.250,0.720,359.8334081039833
10195,0.250,0.725,358.24347162119005
10196,0.250,0.730,356.6579026735535
10197,0.250,0.735,355.07675083282464
10198,0.250,0.740,353.5000650162425
10199,0.250,0.745,351.92789347637523
10200,0.250,0.750,350.36028379125645
10201,0.250,0.755,348.7972828548271
10202,0.250,0.760,347.23893686768236
10203,0.250,0.765,345.6852913281342
10204,0.250,0.770,344.1363910235884
10205,0.250,0.775,342.592280022245
10206,0.250,0.780,341.0530016651237
10207,0.250,0.785,339.51859855841855
10208,0.250,0.790,337.9891125661849
10209,0.250,0.795,336.46458480336236
10210,0.250,0.800,334.94505562913605
10211,0.250,0.805,333.4305646406387
10212,0.250,0.810,331.9211506669952
10213,0.250,0.815,330.41685176371305
10214,0.250,0.820,328.917705207418
10215,0.250,0.825,327.42374749093756
10216,0.250,0.830,325.93501431873295
10217,0.250,0.835,324.45154060268004
10218,0.250,0.840,322.973360458199
10219,0.250,0.845,321.5005072007339
10220,0.250,0.850,320.03301334258026
10221,0.250,0.855,318.57091059006126
10222,0.250,0.860,317.114229841051
10223,0.250,0.865,315.6630011828436
10224,0.250,0.870,314.2172538903669
10225,0.250,0.875,312.7770164247386
10226,0.250,0.880,311.34231643216265
10227,0.250,0.885,309.9131807431646
10228,0.250,0.890,308.48963537216133
10229,0.250,0.895,307.0717055173639
10230,0.250,0.900,305.6594155610099
10231,0.250,0.905,304.2527890699212
10232,0.250,0.910,302.8518487963849
10233,0.250,0.915,301.45661667935144
10234,0.250,0.920,300.0671138459483
10235,0.250,0.925,298.6833606133026
10236,0.250,0.930,297.30537649066986
10237,0.250,0.935,295.93318018186244
10238,0.250,0.940,294.56678958797477
10239,0.250,0.945,293.20622181039806
10240,0.250,0.950,291.85149315412065
10241,0.250,0.955,290.5026191313081
10242,0.250,0.960,289.15961446515706
10243,0.250,0.965,287.82249309401715
10244,0.250,0.970,286.4912681757759
10245,0.250,0.975,285.1659520924986
10246,0.250,0.980,283.8465564553196
10247,0.250,0.985,282.53309210957565
10248,0.250,0.990,281.2255691401772
10249,0.250,0.995,279.9239968772107
10250,0.250,1.000,278.628383901764
10251,0.255,0.000,602.8721674000188
10252,0.255,0.005,601.2497567864676
10253,0.255,0.010,599.6241967246701
10254,0.255,0.015,597.9955115425405
10255,0.255,0.020,596.363726079513
10256,0.255,0.025,594.728865689879
10257,0.255,0.030,593.090956246041
10258,0.255,0.035,591.4500241416804
10259,0.255,0.040,589.8060962948376
10260,0.255,0.045,588.159200150899
10261,0.255,0.050,586.5093636854866
10262,0.255,0.055,584.8566154072519
10263,0.255,0.060,583.2009843605632
10264,0.255,0.065,581.5425001280894
10265,0.255,0.070,579.8811928332722
10266,0.255,0.075,578.2170931426862
10267,0.255,0.080,576.5502322682808
10268,0.255,0.085,574.880641969502
10269,0.255,0.090,573.2083545552908
10270,0.255,0.095,571.5334028859517
10271,0.255,0.100,569.8558203748912
10272,0.255,0.105,568.1756409902208
10273,0.255,0.110,566.49289925622
10274,0.255,0.115,564.8076302546574
10275,0.255,0.120,563.1198696259657
10276,0.255,0.125,561.4296535702651
10277,0.255,0.130,559.7370188482352
10278,0.255,0.135,558.042002781826
10279,0.255,0.140,556.3446432548111
10280,0.255,0.145,554.6449787131737
10281,0.255,0.150,552.9430481653244
10282,0.255,0.155,551.2388911821473
10283,0.255,0.160,549.5325478968691
10284,0.255,0.165,547.8240590047498
10285,0.255,0.170,546.1134657625896
10286,0.255,0.175,544.400809988049
10287,0.255,0.180,542.6861340587791
10288,0.255,0.185,540.969480911358
10289,0.255,0.190,539.2508940400307
10290,0.255,0.195,537.530417495247
10291,0.255,0.200,535.8080958819976
10292,0.255,0.205,534.0839743579422
10293,0.255,0.210,532.3580986313274
10294,0.255,0.215,530.6305149586913
10295,0.255,0.220,528.901270142352
10296,0.255,0.225,527.1704115276766
10297,0.255,0.230,525.4379870001288
10298,0.255,0.235,523.7040449820894
10299,0.255,0.240,521.968634429452
10300,0.255,0.245,520.2318048279861
10301,0.255,0.250,518.4936061894691
10302,0.255,0.255,516.7540890475816
10303,0.255,0.260,515.0133044535665
10304,0.255,0.265,513.2713039716489
10305,0.255,0.270,511.52813967421235
10306,0.255,0.275,509.78386413673417
10307,0.255,0.280,508.03853043247403
10308,0.255,0.285,506.2921921269161
10309,0.255,0.290,504.54490327196277
10310,0.255,0.295,502.7967183998792
10311,0.255,0.300,501.0476925169865
10312,0.255,0.305,499.29788109710324
10313,0.255,0.310,497.5473400747352
10314,0.255,0.315,495.7961258380101
10315,0.255,0.320,494.0442952213603
10316,0.255,0.325,492.2919054979503
10317,0.255,0.330,490.5390143718504
10318,0.255,0.335,488.78567996995616
10319,0.255,0.340,487.03196083365344
10320,0.255,0.345,485.2779159102312
10321,0.255,0.350,483.52360454403964
10322,0.255,0.355,481.76908646739827
10323,0.255,0.360,480.01442179125144
10324,0.255,0.365,478.2596709955751
10325,0.255,0.370,476.5048949195351
10326,0.255,0.375,474.7501547513992
10327,0.255,0.380,472.99551201820424
10328,0.255,0.385,471.2410285751812
10329,0.255,0.390,469.4867665949401
10330,0.255,0.395,467.7327885564172
10331,0.255,0.400,465.97915723358824
10332,0.255,0.405,464.2259356839498
10333,0.255,0.410,462.47318723677216
10334,0.255,0.415,460.720975481128
10335,0.255,0.420,458.9693642536997
10336,0.255,0.425,457.21841762637047
10337,0.255,0.430,455.46819989360154
10338,0.255,0.435,453.71877555960253
10339,0.255,0.440,451.9702093252975
10340,0.255,0.445,450.22256607509246
10341,0.255,0.450,448.4759108634501
10342,0.255,0.455,446.73030890127603
10343,0.255,0.460,444.9858255421228
10344,0.255,0.465,443.24252626821783
10345,0.255,0.470,441.50047667632043
10346,0.255,0.475,439.75974246341553
10347,0.255,0.480,438.0203894122495
10348,0.255,0.485,436.28248337671465
10349,0.255,0.490,434.5460902670918
10350,0.255,0.495,432.81127603515426
10351,0.255,0.500,431.0781066591437
10352,0.255,0.505,429.3466481286242
10353,0.255,0.510,427.61696642922266
10354,0.255,0.515,425.8891275272625
10355,0.255,0.520,424.163197354301
10356,0.255,0.525,422.43924179157557
10357,0.255,0.530,420.7173266543706
10358,0.255,0.535,418.9975176763104
10359,0.255,0.540,417.2798804935901
10360,0.255,0.545,415.5644806291508
10361,0.255,0.550,413.8513834768096
10362,0.255,0.555,412.1406542853534
10363,0.255,0.560,410.4323581426052
10364,0.255,0.565,408.726559959473
10365,0.255,0.570,407.0233244539904
10366,0.255,0.575,405.3227161353594
10367,0.255,0.580,403.62479928800275
10368,0.255,0.585,401.92963795563895
10369,0.255,0.590,400.2372959253866
10370,0.255,0.595,398.5478367119105
10371,0.255,0.600,396.8613235416168
10372,0.255,0.605,395.17781933691003
10373,0.255,0.610,393.49738670051903
10374,0.255,0.615,391.8200878999042
10375,0.255,0.620,390.1459848517543
10376,0.255,0.625,388.4751391065835
10377,0.255,0.630,386.80761183343844
10378,0.255,0.635,385.1434638047248
10379,0.255,0.640,383.4827553811637
10380,0.255,0.645,381.8255464968874
10381,0.255,0.650,380.17189664468333
10382,0.255,0.655,378.52186486139726
10383,0.255,0.660,376.87550971350385
10384,0.255,0.665,375.2328892828544
10385,0.255,0.670,373.59406115261123
10386,0.255,0.675,371.9590823933772
10387,0.255,0.680,370.3280095495296
10388,0.255,0.685,368.70089862576754
10389,0.255,0.690,367.07780507388
10390,0.255,0.695,365.4587837797453
10391,0.255,0.700,363.8438890505677
10392,0.255,0.705,362.2331746023608
10393,0.255,0.710,360.62669354768474
10394,0.255,0.715,359.0244983836456
10395,0.255,0.720,357.4266409801633
10396,0.255,0.725,355.83317256851535
10397,0.255,0.730,354.2441437301646
10398,0.255,0.735,352.6596043858751
10399,0.255,0.740,351.07960378512547
10400,0.255,0.745,349.5041904958229
10401,0.255,0.750,347.9334123943256
10402,0.255,0.755,346.36731665577844
10403,0.255,0.760,344.8059497447671
10404,0.255,0.765,343.2493574062952
10405,0.255,0.770,341.69758465709054
10406,0.255,0.775,340.1506757772427
10407,0.255,0.780,338.608674302177
10408,0.255,0.785,337.0716230149693
10409,0.255,0.790,335.539563939004
10410,0.255,0.795,334.0125383309778
10411,0.255,0.800,332.4905866742534
10412,0.255,0.805,330.97374867256514
10413,0.255,0.810,329.4620632440772
10414,0.255,0.815,327.95556851579886
10415,0.255,0.820,326.4543018183549
10416,0.255,0.825,324.9582996811162
10417,0.255,0.830,323.467597827687
10418,0.255,0.835,321.98223117175263
10419,0.255,0.840,320.5022338132872
10420,0.255,0.845,319.02763903511914
10421,0.255,0.850,317.55847929985663
10422,0.255,0.855,316.09478624717076
10423,0.255,0.860,314.63659069143523
10424,0.255,0.865,313.18392261972184
10425,0.255,0.870,311.7368111901499
10426,0.255,0.875,310.29528473058684
10427,0.255,0.880,308.85937073769855
10428,0.255,0.885,307.42909587634676
10429,0.255,0.890,306.00448597933
10430,0.255,0.895,304.58556604746605
10431,0.255,0.900,303.1723602500106
10432,0.255,0.905,301.7648919254116
10433,0.255,0.910,300.3631835823913
10434,0.255,0.915,298.9672569013563
10435,0.255,0.920,297.57713273612677
10436,0.255,0.925,296.1928311159844
10437,0.255,0.930,294.81437124803057
10438,0.255,0.935,293.44177151985286
10439,0.255,0.940,292.07504950249205
10440,0.255,0.945,290.7142219537062
10441,0.255,0.950,289.35930482152463
10442,0.255,0.955,288.01031324808747
10443,0.255,0.960,286.6672615737636
10444,0.255,0.965,285.33016334154115
10445,0.255,0.970,283.9990313016856
10446,0.255,0.975,282.67387741665664
10447,0.255,0.980,281.35471286628
10448,0.255,0.985,280.0415480531653
10449,0.255,0.990,278.7343926083648
10450,0.255,0.995,277.4332553972655
10451,0.255,1.000,276.13814452570796
10452,0.260,0.000,601.3730980879709
10453,0.260,0.005,599.7438985039702
10454,0.260,0.010,598.1115289592398
10455,0.260,0.015,596.4760140466012
10456,0.260,0.020,594.8373788779076
10457,0.260,0.025,593.1956490874605
10458,0.260,0.030,591.5508508353436
10459,0.260,0.035,589.9030108106671
10460,0.260,0.040,588.2521562347248
10461,0.260,0.045,586.5983148640552
10462,0.260,0.050,584.9415149934058
10463,0.260,0.055,583.2817854585973
10464,0.260,0.060,581.6191556392814
10465,0.260,0.065,579.9536554615937
10466,0.260,0.070,578.2853154006912
10467,0.260,0.075,576.6141664831772
10468,0.260,0.080,574.9402402894062
10469,0.260,0.085,573.2635689556653
10470,0.260,0.090,571.5841851762307
10471,0.260,0.095,569.9021222052918
10472,0.260,0.100,568.2174138587434
10473,0.260,0.105,566.5300945158386
10474,0.260,0.110,564.8401991207
10475,0.260,0.115,563.1477631836867
10476,0.260,0.120,561.4528227826102
10477,0.260,0.125,559.7554145637989
10478,0.260,0.130,558.0555757430043
10479,0.260,0.135,556.353344106147
10480,0.260,0.140,554.6487580098985
10481,0.260,0.145,552.9418563820932
10482,0.260,0.150,551.2326787219707
10483,0.260,0.155,549.5212651002389
10484,0.260,0.160,547.8076561589608
10485,0.260,0.165,546.0918931112546
10486,0.260,0.170,544.3740177408101
10487,0.260,0.175,542.654072401211
10488,0.260,0.180,540.9321000150652
10489,0.260,0.185,539.2081440729362
10490,0.260,0.190,537.482248632073
10491,0.260,0.195,535.7544583149356
10492,0.260,0.200,534.0248183075112
10493,0.260,0.205,532.293374357419
10494,0.260,0.210,530.5601727718011
10495,0.260,0.215,528.8252604149934
10496,0.260,0.220,527.0886847059762
10497,0.260,0.225,525.3504936155998
10498,0.260,0.230,523.6107356635835
10499,0.260,0.235,521.8694599152825
10500,0.260,0.240,520.1267159782246
10501,0.260,0.245,518.382553998408
10502,0.260,0.250,516.6370246563624
10503,0.260,0.255,514.8901791629698
10504,0.260,0.260,513.1420692550402
10505,0.260,0.265,511.3927471906431
10506,0.260,0.270,509.6422657441919
10507,0.260,0.275,507.890678201278
10508,0.260,0.280,506.13803835325336
10509,0.260,0.285,504.3844004915609
10510,0.260,0.290,502.62981940180987
10511,0.260,0.295,500.8743503575952
10512,0.260,0.300,499.11804911405994
10513,0.260,0.305,497.36097190119966
10514,0.260,0.310,495.6031754169075
10515,0.260,0.315,493.84471681975896
10516,0.260,0.320,492.08565372153737
10517,0.260,0.325,490.3260441794984
10518,0.260,0.330,488.56594668837306
10519,0.260,0.335,486.8054201721106
10520,0.260,0.340,485.0445239753609
10521,0.260,0.345,483.28331785469635
10522,0.260,0.350,481.52186196957445
10523,0.260,0.355,479.76021687304217
10524,0.260,0.360,477.9984435021821
10525,0.260,0.365,476.23660316830325
10526,0.260,0.370,474.4747575468759
10527,0.260,0.375,472.7129686672152
10528,0.260,0.380,470.9512989019123
10529,0.260,0.385,469.1898109560173
10530,0.260,0.390,467.4285678559759
10531,0.260,0.395,465.66763293832224
10532,0.260,0.400,463.9070698381311
10533,0.260,0.405,462.14694247723236
10534,0.260,0.410,460.3873150521912
10535,0.260,0.415,458.6282520220581
10536,0.260,0.420,456.8698180958917
10537,0.260,0.425,455.1120782200592
10538,0.260,0.430,453.35509756531883
10539,0.260,0.435,451.59894151368854
10540,0.260,0.440,449.84367564510575
10541,0.260,0.445,448.08936572388376
10542,0.260,0.450,446.33607768497023
10543,0.260,0.455,444.58387762001195
10544,0.260,0.460,442.8328317632338
10545,0.260,0.465,441.08300647713634
10546,0.260,0.470,439.33446823801904
10547,0.260,0.475,437.5872836213355
10548,0.260,0.480,435.8415192868875
10549,0.260,0.485,434.09724196386486
10550,0.260,0.490,432.3545184357379
10551,0.260,0.495,430.6134155250109
10552,0.260,0.500,428.87400007784316
10553,0.260,0.505,427.1363389485455
10554,0.260,0.510,425.4004989839613
10555,0.260,0.515,423.6665470077399
10556,0.260,0.520,421.9345498045087
10557,0.260,0.525,420.20457410395704
10558,0.260,0.530,418.47668656483506
10559,0.260,0.535,416.75095375888174
10560,0.260,0.540,415.0274421546871
10561,0.260,0.545,413.30621810150046
10562,0.260,0.550,411.58734781299273
10563,0.260,0.555,409.8708973509828
10564,0.260,0.560,408.15693260913685
10565,0.260,0.565,406.4455192966526
10566,0.260,0.570,404.73672292193464
10567,0.260,0.575,403.03060877627445
10568,0.260,0.580,401.32724191754255
10569,0.260,0.585,399.62668715390424
10570,0.260,0.590,397.92900902756867
10571,0.260,0.595,396.2342717985813
10572,0.260,0.600,394.5425394286696
10573,0.260,0.605,392.8538755651539
10574,0.260,0.610,391.16834352493106
10575,0.260,0.615,389.4860062785439
10576,0.260,0.620,387.80692643434423
10577,0.260,0.625,386.1311662227619
10578,0.260,0.630,384.45878748068816
10579,0.260,0.635,382.78985163598503
10580,0.260,0.640,381.12441969212955
10581,0.260,0.645,379.46255221300396
10582,0.260,0.650,377.8043093078406
10583,0.260,0.655,376.1497506163327
10584,0.260,0.660,374.4989352939198
10585,0.260,0.665,372.8519219972575
10586,0.260,0.670,371.2087688698816
10587,0.260,0.675,369.56953352807557
10588,0.260,0.680,367.93427304694995
10589,0.260,0.685,366.3030439467442
10590,0.260,0.690,364.6759021793584
10591,0.260,0.695,363.05290311512374
10592,0.260,0.700,361.43410152982125
10593,0.260,0.705,359.819551591955
10594,0.260,0.710,358.20930685029043
10595,0.260,0.715,356.60342022166265
10596,0.260,0.720,355.001943979065
10597,0.260,0.725,353.4049297400232
10598,0.260,0.730,351.8124284552627
10599,0.260,0.735,350.22449039767656
10600,0.260,0.740,348.64116515159964
10601,0.260,0.745,347.0625016023954
10602,0.260,0.750,345.4885479263613
10603,0.260,0.755,343.91935158095885
10604,0.260,0.760,342.3549592953729
10605,0.260,0.765,340.79541706140543
10606,0.260,0.770,339.24077012470883
10607,0.260,0.775,337.6910629763626
10608,0.260,0.780,336.1463393447975
10609,0.260,0.785,334.60664218807193
10610,0.260,0.790,333.0720136865016
10611,0.260,0.795,331.5424952356485
10612,0.260,0.800,330.0181274396693
10613,0.260,0.805,328.498950105027
10614,0.260,0.810,326.9850022345682
10615,0.260,0.815,325.47632202196525
10616,0.260,0.820,323.97294684652815
10617,0.260,0.825,322.4749132683849
10618,0.260,0.830,320.9822570240312
10619,0.260,0.835,319.49501302225013
10620,0.260,0.840,318.01321534040306
10621,0.260,0.845,316.53689722108896
10622,0.260,0.850,315.0660910691734
10623,0.260,0.855,313.60082844918605
10624,0.260,0.860,312.1411400830845
10625,0.260,0.865,310.68705584838375
10626,0.260,0.870,309.2386047766489
10627,0.260,0.875,307.7958150523495
10628,0.260,0.880,306.3587140120713
10629,0.260,0.885,304.9273281440858
10630,0.260,0.890,303.5016830882706
10631,0.260,0.895,302.08180363638087
10632,0.260,0.900,300.6677137326649
10633,0.260,0.905,299.2594364748232
10634,0.260,0.910,297.8569941153039
10635,0.260,0.915,296.4604080629323
10636,0.260,0.920,295.06969888486856
10637,0.260,0.925,293.68488630888925
10638,0.260,0.930,292.30598922598773
10639,0.260,0.935,290.9330256932876
10640,0.260,0.940,289.5660129372641
10641,0.260,0.945,288.20496735726704
10642,0.260,0.950,286.84990452934096
10643,0.260,0.955,285.50083921033445
10644,0.260,0.960,284.15778534229355
10645,0.260,0.965,282.82075605713237
10646,0.260,0.970,281.4897636815755
10647,0.260,0.975,280.16481974236353
10648,0.260,0.980,278.8459349717163
10649,0.260,0.985,277.5331193130474
10650,0.260,0.990,276.2263819269206
10651,0.260,0.995,274.9257311972444
10652,0.260,1.000,273.6311747376941
10653,0.265,0.000,599.8654073743639
10654,0.265,0.005,598.2293497247871
10655,0.265,0.010,596.5901011958027
10656,0.265,0.015,594.947686647655
10657,0.265,0.020,593.3021314672858
10658,0.265,0.025,591.6534615718342
10659,0.265,0.030,590.0017034120516
10660,0.265,0.035,588.3468839756283
10661,0.265,0.040,586.6890307904276
10662,0.265,0.045,585.0281719276265
10663,0.265,0.050,583.3643360047556
10664,0.265,0.055,581.6975521886376
10665,0.265,0.060,580.0278501982189
10666,0.265,0.065,578.3552603072925
10667,0.265,0.070,576.679813347106
10668,0.265,0.075,575.0015407088537
10669,0.265,0.080,573.3204743460454
10670,0.265,0.085,571.6366467767523
10671,0.265,0.090,569.9500910857236
10672,0.265,0.095,568.2608409263692
10673,0.265,0.100,566.5689305226075
10674,0.265,0.105,564.8743946705713
10675,0.265,0.110,563.1772687401708
10676,0.265,0.115,561.4775886765066
10677,0.265,0.120,559.7753910011318
10678,0.265,0.125,558.0707128131572
10679,0.265,0.130,556.3635917901972
10680,0.265,0.135,554.6540661891505
10681,0.265,0.140,552.9421748468135
10682,0.265,0.145,551.2279571803219
10683,0.265,0.150,549.5114531874167
10684,0.265,0.155,547.7927034465292
10685,0.265,0.160,546.0717491166849
10686,0.265,0.165,544.3486319372176
10687,0.265,0.170,542.6233942272933
10688,0.265,0.175,540.8960788852396
10689,0.265,0.180,539.1667293876762
10690,0.265,0.185,537.4353897884423
10691,0.265,0.190,535.7021047173188
10692,0.265,0.195,533.9669193785405
10693,0.265,0.200,532.2298795490959
10694,0.265,0.205,530.4910315768088
10695,0.265,0.210,528.7504223782016
10696,0.265,0.215,527.0080994361346
10697,0.265,0.220,525.2641107972181
10698,0.265,0.225,523.5185050689958
10699,0.265,0.230,521.7713314168949
10700,0.265,0.235,520.0226395609398
10701,0.265,0.240,518.2724797722283
10702,0.265,0.245,516.5209028691651
10703,0.265,0.250,514.7679602134518
10704,0.265,0.255,513.0137037058302
10705,0.265,0.260,511.25818578157543
10706,0.265,0.265,509.50145940573935
10707,0.265,0.270,507.74357806813833
10708,0.265,0.275,505.9845957780867
10709,0.265,0.280,504.224567058872
10710,0.265,0.285,502.46354694197066
10711,0.265,0.290,500.7015909610031
10712,0.265,0.295,498.9387551454261
10713,0.265,0.300,497.17509601396154
10714,0.265,0.305,495.41067056776023
10715,0.265,0.310,493.64553628330054
10716,0.265,0.315,491.8797511050194
10717,0.265,0.320,490.11337343767696
10718,0.265,0.325,488.3464621384543
10719,0.265,0.330,486.5790765087821
10720,0.265,0.335,484.8112762859029
10721,0.265,0.340,483.04312163416574
10722,0.265,0.345,481.2746731360532
10723,0.265,0.350,479.5059917829429
10724,0.265,0.355,477.73713896560355
10725,0.265,0.360,475.9681764644257
10726,0.265,0.365,474.1991664393907
10727,0.265,0.370,472.43017141977776
10728,0.265,0.375,470.66125429361074
10729,0.265,0.380,468.89247829684786
10730,0.265,0.385,467.1239070023161
10731,0.265,0.390,465.35560430839234
10732,0.265,0.395,463.5876344274343
10733,0.265,0.400,461.8200618739647
10734,0.265,0.405,460.0529514526108
10735,0.265,0.410,458.28636824580445
10736,0.265,0.415,456.52037760124455
10737,0.265,0.420,454.7550451191274
10738,0.265,0.425,452.99043663914784
10739,0.265,0.430,451.2266182272778
10740,0.265,0.435,449.46365616232396
10741,0.265,0.440,447.701616922273
10742,0.265,0.445,445.9405671704258
10743,0.265,0.450,444.1805737413311
10744,0.265,0.455,442.4217036265179
10745,0.265,0.460,440.6640239600403
10746,0.265,0.465,438.907602003833
10747,0.265,0.470,437.15250513289135
10748,0.265,0.475,435.39880082027673
10749,0.265,0.480,433.64655662195844
10750,0.265,0.485,431.89584016149666
10751,0.265,0.490,430.1467191145755
10752,0.265,0.495,428.39926119339304
10753,0.265,0.500,426.65353413091646
10754,0.265,0.505,424.90960566500985
10755,0.265,0.510,423.1675435224444
10756,0.265,0.515,421.4274154027979
10757,0.265,0.520,419.68928896225276
10758,0.265,0.525,417.95323179730207
10759,0.265,0.530,416.21931142837184
10760,0.265,0.535,414.48759528336933
10761,0.265,0.540,412.75815068116634
10762,0.265,0.545,411.03104481502737
10763,0.265,0.550,409.3063447359925
10764,0.265,0.555,407.58411733622415
10765,0.265,0.560,405.8644293323278
10766,0.265,0.565,404.1473472486584
10767,0.265,0.570,402.43293740061927
10768,0.265,0.575,400.72126587796765
10769,0.265,0.580,399.012398528134
10770,0.265,0.585,397.3064009395672
10771,0.265,0.590,395.60333842511636
10772,0.265,0.595,393.9032760054584
10773,0.265,0.600,392.2062783925829
10774,0.265,0.605,390.51240997334537
10775,0.265,0.610,388.82173479309756
10776,0.265,0.615,387.1343165394079
10777,0.265,0.620,385.4502185258808
10778,0.265,0.625,383.76950367608663
10779,0.265,0.630,382.0922345076112
10780,0.265,0.635,380.41847311623803
10781,0.265,0.640,378.74828116027055
10782,0.265,0.645,377.0817198450072
10783,0.265,0.650,375.41884990737856
10784,0.265,0.655,373.75973160075586
10785,0.265,0.660,372.1044246799434
10786,0.265,0.665,370.4529883863616
10787,0.265,0.670,368.80548143343356
10788,0.265,0.675,367.1619619921815
10789,0.265,0.680,365.52248767704623
10790,0.265,0.685,363.8871155319356
10791,0.265,0.690,362.25590201651255
10792,0.265,0.695,360.62890299273226
10793,0.265,0.700,359.00617371163577
10794,0.265,0.705,357.3877688004085
10795,0.265,0.710,355.77374224971396
10796,0.265,0.715,354.16414740130784
10797,0.265,0.720,352.5590369359419
10798,0.265,0.725,350.95846286156495
10799,0.265,0.730,349.3624765018276
10800,0.265,0.735,347.77112848489827
10801,0.265,0.740,346.18446873259654
10802,0.265,0.745,344.60254644985065
10803,0.265,0.750,343.0254101144847
10804,0.265,0.755,341.45310746734174
10805,0.265,0.760,339.88568550274834
10806,0.265,0.765,338.3231904593238
10807,0.265,0.770,336.7656678111425
10808,0.265,0.775,335.21316225924966
10809,0.265,0.780,333.66571772353694
10810,0.265,0.785,332.12337733498197
10811,0.265,0.790,330.58618342825343
10812,0.265,0.795,329.05417753468595
10813,0.265,0.800,327.52740037562745
10814,0.265,0.805,326.0058918561606
10815,0.265,0.810,324.4896910592013
10816,0.265,0.815,322.978836239975
10817,0.265,0.820,321.4733648208729
10818,0.265,0.825,319.9733133866878
10819,0.265,0.830,318.4787176802316
10820,0.265,0.835,316.989612598334
10821,0.265,0.840,315.50603218822187
10822,0.265,0.845,314.0280096442794
10823,0.265,0.850,312.55557730518854
10824,0.265,0.855,311.08876665144743
10825,0.265,0.860,309.6276083032667
10826,0.265,0.865,308.17213201884095
10827,0.265,0.870,306.7223666929936
10828,0.265,0.875,305.2783403561927
10829,0.265,0.880,303.8400801739349
10830,0.265,0.885,302.40761244649457
10831,0.265,0.890,300.9809626090349
10832,0.265,0.895,299.56015523207697
10833,0.265,0.900,298.1452140223232
10834,0.265,0.905,296.73616182383114
10835,0.265,0.910,295.3330206195325
10836,0.265,0.915,293.93581153309344
10837,0.265,0.920,292.54455483111116
10838,0.265,0.925,291.159269925641
10839,0.265,0.930,289.77997537704886
10840,0.265,0.935,288.40668889718415
10841,0.265,0.940,287.0394273528661
10842,0.265,0.945,285.6782067696785
10843,0.265,0.950,284.32304233606607
10844,0.265,0.955,282.97394840772586
10845,0.265,0.960,281.6309385122884
10846,0.265,0.965,280.29402535428017
10847,0.265,0.970,278.96322082036124
10848,0.265,0.975,277.63853598483234
10849,0.265,0.980,276.3199811154014
10850,0.265,0.985,275.0075656792054
10851,0.265,0.990,273.70129834907806
10852,0.265,0.995,272.4011870100569
10853,0.265,1.000,271.1072387661217
10854,0.270,0.000,598.349007125676
10855,0.270,0.005,596.7060211210545
10856,0.270,0.010,595.0598228996829
10857,0.270,0.015,593.4104375917202
10858,0.270,0.020,591.7578908618474
10859,0.270,0.025,590.102208912853
10860,0.270,0.030,588.4434184891331
10861,0.270,0.035,586.7815468801007
10862,0.270,0.040,585.1166219235035
10863,0.270,0.045,583.4486720086447
10864,0.270,0.050,581.777726079502
10865,0.270,0.055,580.103813637744
10866,0.270,0.060,578.4269647456387
10867,0.270,0.065,576.7472100288495
10868,0.270,0.070,575.0645806791159
10869,0.270,0.075,573.3791084568154
10870,0.270,0.080,571.6908256934016
10871,0.270,0.085,569.9997652937153
10872,0.270,0.090,568.3059607381643
10873,0.270,0.095,566.6094460847686
10874,0.270,0.100,564.9102559710653
10875,0.270,0.105,563.2084256158724
10876,0.270,0.110,561.5039908209029
10877,0.270,0.115,559.7969879722301
10878,0.270,0.120,558.0874540415964
10879,0.270,0.125,556.3754265875625
10880,0.270,0.130,554.6609437564945
10881,0.270,0.135,552.944044283383
10882,0.270,0.140,551.2247674924905
10883,0.270,0.145,549.5031532978234
10884,0.270,0.150,547.7792422034252
10885,0.270,0.155,546.0530753034857
10886,0.270,0.160,544.3246942822627
10887,0.270,0.165,542.5941414138125
10888,0.270,0.170,540.8614595615247
10889,0.270,0.175,539.1266921774586
10890,0.270,0.180,537.3898833014753
10891,0.270,0.185,535.6510775601639
10892,0.270,0.190,533.910320165557
10893,0.270,0.195,532.1676569136307
10894,0.270,0.200,530.4231341825887
10895,0.270,0.205,528.6767989309217
10896,0.270,0.210,526.9286986952453
10897,0.270,0.215,525.1788815879064
10898,0.270,0.220,523.4273962943591
10899,0.270,0.225,521.6742920703051
10900,0.270,0.230,519.9196187385954
10901,0.270,0.235,518.1634266858912
10902,0.270,0.240,516.405766859079
10903,0.270,0.245,514.6466907614403
10904,0.270,0.250,512.8862504485684
10905,0.270,0.255,511.1244985240356
10906,0.270,0.260,509.36148813480185
10907,0.270,0.265,507.597272966368
10908,0.270,0.270,505.83190723766756
10909,0.270,0.275,504.0654456956973
10910,0.270,0.280,502.2979436098827
10911,0.270,0.285,500.52945676617793
10912,0.270,0.290,498.7600414608986
10913,0.270,0.295,496.98975449428417
10914,0.270,0.300,495.2186531637906
10915,0.270,0.305,493.4467952571115
10916,0.270,0.310,491.6742390449261
10917,0.270,0.315,489.9010432733738
10918,0.270,0.320,488.12726715625485
10919,0.270,0.325,486.35297036695647
10920,0.270,0.330,484.57821303010417
10921,0.270,0.335,482.8030557129385
10922,0.270,0.340,481.0275594164172
10923,0.270,0.345,479.2517855660432
10924,0.270,0.350,477.4757960024198
10925,0.270,0.355,475.69965297153226
10926,0.270,0.360,473.92341911475853
10927,0.270,0.365,472.14715745861076
10928,0.270,0.370,470.3709314042063
10929,0.270,0.375,468.5948047164741
10930,0.270,0.380,466.81884151309464
10931,0.270,0.385,465.0431062531794
10932,0.270,0.390,463.2676637256887
10933,0.270,0.395,461.49257903759394
10934,0.270,0.400,459.71791760178576
10935,0.270,0.405,457.94374512473087
10936,0.270,0.410,456.1701275938831
10937,0.270,0.415,454.39713126485043
10938,0.270,0.420,452.62482264832386
10939,0.270,0.425,450.8532684967705
10940,0.270,0.430,449.0825357908984
10941,0.270,0.435,447.3126917258947
10942,0.270,0.440,445.543803697445
10943,0.270,0.445,443.77593928753754
10944,0.270,0.450,442.0091662500596
10945,0.270,0.455,440.24355249618975
10946,0.270,0.460,438.47916607959485
10947,0.270,0.465,436.716075181436
10948,0.270,0.470,434.9543480951915
10949,0.270,0.475,433.194053211303
10950,0.270,0.480,431.43525900165344
10951,0.270,0.485,429.67803400388135
10952,0.270,0.490,427.9224468055429
10953,0.270,0.495,426.1685660281267
10954,0.270,0.500,424.4164603109313
10955,0.270,0.505,422.666198294812
10956,0.270,0.510,420.91784860580765
10957,0.270,0.515,419.17147983865465
10958,0.270,0.520,417.4271605401977
10959,0.270,0.525,415.6849591927066
10960,0.270,0.530,413.9449441971081
10961,0.270,0.535,412.2071838561427
10962,0.270,0.540,410.47174635745637
10963,0.270,0.545,408.7386997566359
10964,0.270,0.550,407.0081119601991
10965,0.270,0.555,405.2800507085501
10966,0.270,0.560,403.5545835589088
10967,0.270,0.565,401.8317778682259
10968,0.270,0.570,400.1117007760943
10969,0.270,0.575,398.39441918766613
10970,0.270,0.580,396.6799997565877
10971,0.270,0.585,394.96850886796193
10972,0.270,0.590,393.2600126213501
10973,0.270,0.595,391.5545768138232
10974,0.270,0.600,389.85226692307344
10975,0.270,0.605,388.1531480905978
10976,0.270,0.610,386.4572851049648
10977,0.270,0.615,384.7647423851734
10978,0.270,0.620,383.07558396411764
10979,0.270,0.625,381.3898734721662
10980,0.270,0.630,379.7076741208685
10981,0.270,0.635,378.02904868679786
10982,0.270,0.640,376.35405949554234
10983,0.270,0.645,374.68276840585514
10984,0.270,0.650,373.0152367939727
10985,0.270,0.655,371.35152553811395
10986,0.270,0.660,369.69169500316883
10987,0.270,0.665,368.0358050255871
10988,0.270,0.670,366.38391489847777
10989,0.270,0.675,364.73608335692876
10990,0.270,0.680,363.0923685635562
10991,0.270,0.685,361.45282809429403
10992,0.270,0.690,359.81751892443157
10993,0.270,0.695,358.18649741491015
10994,0.270,0.700,356.5598192988857
10995,0.270,0.705,354.9375396685687
10996,0.270,0.710,353.31971296234576
10997,0.270,0.715,351.70639295219627
10998,0.270,0.720,350.09763273140715
10999,0.270,0.725,348.4934847025971
11000,0.270,0.730,346.894000566055
11001,0.270,0.735,345.2992313084016
11002,0.270,0.740,343.7092271915796
11003,0.270,0.745,342.1240377421797
11004,0.270,0.750,340.5437117411087
11005,0.270,0.755,338.9682972136046
11006,0.270,0.760,337.39784141960496
11007,0.270,0.765,335.8323908444739
11008,0.270,0.770,334.27199119009134
11009,0.270,0.775,332.7166873663106
11010,0.270,0.780,331.1665234827867
11011,0.270,0.785,329.6215428411804
11012,0.270,0.790,328.08178792774146
11013,0.270,0.795,326.5473004062725
11014,0.270,0.800,325.01812111147825
11015,0.270,0.805,323.4942900427012
11016,0.270,0.810,321.97584635804526
11017,0.270,0.815,320.46282836889094
11018,0.270,0.820,318.9552735348004
11019,0.270,0.825,317.4532184588158
11020,0.270,0.830,315.9566988831498
11021,0.270,0.835,314.465749685269
11022,0.270,0.840,312.9804048743697
11023,0.270,0.845,311.50069758824594
11024,0.270,0.850,310.0266600905481
11025,0.270,0.855,308.5583237684314
11026,0.270,0.860,307.09571913059193
11027,0.270,0.865,305.6388758056894
11028,0.270,0.870,304.1878225411528
11029,0.270,0.875,302.7425872023672
11030,0.270,0.880,301.3031967722391
11031,0.270,0.885,299.86967735113586
11032,0.270,0.890,298.4420541571966
11033,0.270,0.895,297.0203515270102
11034,0.270,0.900,295.60459291665654
11035,0.270,0.905,294.19480090310645
11036,0.270,0.910,292.7909971859749
11037,0.270,0.915,291.3932025896242
11038,0.270,0.920,290.0014370656099
11039,0.270,0.925,288.6157196954654
11040,0.270,0.930,287.23606869381877
11041,0.270,0.935,285.8625014118364
11042,0.270,0.940,284.49503434098665
11043,0.270,0.945,283.1336831171182
11044,0.270,0.950,281.77846252484477
11045,0.270,0.955,280.42938650223186
11046,0.270,0.960,279.08646814577696
11047,0.270,0.965,277.74971971567584
11048,0.270,0.970,276.41915264136975
11049,0.270,0.975,275.0947775273643
11050,0.270,0.980,273.7766041593129
11051,0.270,0.985,272.46464151035843
11052,0.270,0.990,271.15889774772376
11053,0.270,0.995,269.85938023954424
11054,0.270,1.000,268.56609556193484
11055,0.275,0.000,596.8238081495335
11056,0.275,0.005,595.1738222787134
11057,0.275,0.010,593.5206024222033
11058,0.275,0.015,591.8641739825425
11059,0.275,0.020,590.2045629047788
11060,0.275,0.025,588.5417956801426
11061,0.275,0.030,586.8758993496355
11062,0.275,0.035,585.2069015075267
11063,0.275,0.040,583.5348303047562
11064,0.275,0.045,581.8597144522387
11065,0.275,0.050,580.1815832240666
11066,0.275,0.055,578.5004664606071
11067,0.275,0.060,576.8163945714887
11068,0.275,0.065,575.1293985384757
11069,0.275,0.070,573.4395099182241
11070,0.275,0.075,571.746760844917
11071,0.275,0.080,570.0511840327737
11072,0.275,0.085,568.3528127784296
11073,0.275,0.090,566.6516809631837
11074,0.275,0.095,564.9478230551069
11075,0.275,0.100,563.2412741110096
11076,0.275,0.105,561.5320697782632
11077,0.275,0.110,559.8202462964717
11078,0.275,0.115,558.1058404989894
11079,0.275,0.120,556.3888898142798
11080,0.275,0.125,554.6694322671126
11081,0.275,0.130,552.9475064795937
11082,0.275,0.135,551.2231516720256
11083,0.275,0.140,549.49640766359
11084,0.275,0.145,547.7673148728558
11085,0.275,0.150,546.0359143180987
11086,0.275,0.155,544.3022476174376
11087,0.275,0.160,542.5663569887776
11088,0.275,0.165,540.8282852495577
11089,0.275,0.170,539.0880758162987
11090,0.275,0.175,537.3457727039481
11091,0.275,0.180,535.6014205250171
11092,0.275,0.185,533.855064488506
11093,0.275,0.190,532.1067503986135
11094,0.275,0.195,530.3565246532279
11095,0.275,0.200,528.6044342421955
11096,0.275,0.205,526.85052674536
11097,0.275,0.210,525.094850330374
11098,0.275,0.215,523.3374537502754
11099,0.275,0.220,521.5783863408261
11100,0.275,0.225,519.8176980176114
11101,0.275,0.230,518.0554392728926
11102,0.275,0.235,516.2916611722146
11103,0.275,0.240,514.5264153507621
11104,0.275,0.245,512.7597540094627
11105,0.275,0.250,510.991729910832
11106,0.275,0.255,509.222396374563
11107,0.275,0.260,507.4518072728499
11108,0.275,0.265,505.6800170254502
11109,0.275,0.270,503.90708059447894
11110,0.275,0.275,502.13305347893515
11111,0.275,0.280,500.3579917089558
11112,0.275,0.285,498.58195183979893
11113,0.275,0.290,496.8049909455499
11114,0.275,0.295,495.02716661255363
11115,0.275,0.300,493.2485369325678
11116,0.275,0.305,491.46916049563794
11117,0.275,0.310,489.68909638269247
11118,0.275,0.315,487.90840415785686
11119,0.275,0.320,486.12714386048657
11120,0.275,0.325,484.34537599691885
11121,0.275,0.330,482.56316153194115
11122,0.275,0.335,480.7805618799788
11123,0.275,0.340,478.9976388959997
11124,0.275,0.345,477.21445486613896
11125,0.275,0.350,475.4310724980407
11126,0.275,0.355,473.64755491092234
11127,0.275,0.360,471.86396562535805
11128,0.275,0.365,470.080368552786
11129,0.275,0.370,468.2968279847391
11130,0.275,0.375,466.5134085818021
11131,0.275,0.380,464.7301753622968
11132,0.275,0.385,462.9471936906979
11133,0.275,0.390,461.16452926578125
11134,0.275,0.395,459.3822481085091
11135,0.275,0.400,457.60041654965414
11136,0.275,0.405,455.81910121716567
11137,0.275,0.410,454.03836902328317
11138,0.275,0.415,452.2582871513987
11139,0.275,0.420,450.47892304267515
11140,0.275,0.425,448.7003443824228
11141,0.275,0.430,446.9226190862399
11142,0.275,0.435,445.1458152859213
11143,0.275,0.440,443.37000131514327
11144,0.275,0.445,441.59524569492567
11145,0.275,0.450,439.8216171188814
11146,0.275,0.455,438.04918443825744
11147,0.275,0.460,436.2780166467734
11148,0.275,0.465,434.5081828652652
11149,0.275,0.470,432.7397523261419
11150,0.275,0.475,430.97279435765904
11151,0.275,0.480,429.20737836802095
11152,0.275,0.485,427.4435738293156
11153,0.275,0.490,425.6814502612922
11154,0.275,0.495,423.9210772149893
11155,0.275,0.500,422.1625242562213
11156,0.275,0.505,420.4058609489322
11157,0.275,0.510,418.65115683842623
11158,0.275,0.515,416.8984814344836
11159,0.275,0.520,415.14790419437065
11160,0.275,0.525,413.3994945057545
11161,0.275,0.530,411.6533216695316
11162,0.275,0.535,409.90945488257955
11163,0.275,0.540,408.1679632204442
11164,0.275,0.545,406.42891561996885
11165,0.275,0.550,404.69238086187886
11166,0.275,0.555,402.958427553332
11167,0.275,0.560,401.2271241104428
11168,0.275,0.565,399.49853874079446
11169,0.275,0.570,397.772739425948
11170,0.275,0.575,396.0497939039588
11171,0.275,0.580,394.32976965191415
11172,0.275,0.585,392.61273386849945
11173,0.275,0.590,390.8987534566076
11174,0.275,0.595,389.187895006001
11175,0.275,0.600,387.48022477603774
11176,0.275,0.605,385.77580867847365
11177,0.275,0.610,384.0747122603515
11178,0.275,0.615,382.37700068698837
11179,0.275,0.620,380.6827387250731
11180,0.275,0.625,378.9919907258841
11181,0.275,0.630,377.3048206086406
11182,0.275,0.635,375.62129184399606
11183,0.275,0.640,373.94146743768704
11184,0.275,0.645,372.26540991434774
11185,0.275,0.650,370.59318130150035
11186,0.275,0.655,368.92484311373414
11187,0.275,0.660,367.2604563370811
11188,0.275,0.665,365.6000814136014
11189,0.275,0.670,363.94377822618753
11190,0.275,0.675,362.29160608359786
11191,0.275,0.680,360.64362370572894
11192,0.275,0.685,358.9998892091381
11193,0.275,0.690,357.36046009282364
11194,0.275,0.695,355.7253932242742
11195,0.275,0.700,354.0947448257955
11196,0.275,0.705,352.4685704611222
11197,0.275,0.710,350.8469250223272
11198,0.275,0.715,349.2298627170317
11199,0.275,0.720,347.6174370559294
11200,0.275,0.725,346.009700840628
11201,0.275,0.730,344.40670615181955
11202,0.275,0.735,342.8085043377835
11203,0.275,0.740,341.2151460032322
11204,0.275,0.745,339.6266809985036
11205,0.275,0.750,338.04315840910783
11206,0.275,0.755,336.46462654563425
11207,0.275,0.760,334.8911329340236
11208,0.275,0.765,333.32272430621157
11209,0.275,0.770,331.75944659114697
11210,0.275,0.775,330.2013449061917
11211,0.275,0.780,328.6484635489026
11212,0.275,0.785,327.10084598920434
11213,0.275,0.790,325.5585348619509
11214,0.275,0.795,324.02157195988326
11215,0.275,0.800,322.48999822698386
11216,0.275,0.805,320.9638537522295
11217,0.275,0.810,319.4431777637467
11218,0.275,0.815,317.92800862336856
11219,0.275,0.820,316.41838382159614
11220,0.275,0.825,314.91433997296383
11221,0.275,0.830,313.41591281180985
11222,0.275,0.835,311.9231371884513
11223,0.275,0.840,310.43604706576326
11224,0.275,0.845,308.95467551616264
11225,0.275,0.850,307.4790547189927
11226,0.275,0.855,306.00921595831
11227,0.275,0.860,304.54518962106954
11228,0.275,0.865,303.0870051957069
11229,0.275,0.870,301.63469127111523
11230,0.275,0.875,300.1882755360124
11231,0.275,0.880,298.74778477869745
11232,0.275,0.885,297.31324488719144
11233,0.275,0.890,295.88468084975824
11234,0.275,0.895,294.4621167558031
11235,0.275,0.900,293.04557579714225
11236,0.275,0.905,291.63508026964047
11237,0.275,0.910,290.23065157521114
11238,0.275,0.915,288.83231022417255
11239,0.275,0.920,287.4400758379565
11240,0.275,0.925,286.05396715216204
11241,0.275,0.930,284.6740020199492
11242,0.275,0.935,283.30019741576575
11243,0.275,0.940,281.9325694394011
11244,0.275,0.945,280.5711333203602
11245,0.275,0.950,279.21590342255075
11246,0.275,0.955,277.8668932492768
11247,0.275,0.960,276.5241154485315
11248,0.275,0.965,275.1875818185806
11249,0.275,0.970,273.8573033138314
11250,0.275,0.975,272.53329005097675
11251,0.275,0.980,271.21555131540896
11252,0.275,0.985,269.90409556789285
11253,0.275,0.990,268.5989304514933
11254,0.275,0.995,267.30006279874567
11255,0.275,1.000,266.0074986390641
11256,0.280,0.000,595.2897201919623
11257,0.280,0.005,593.6326616940605
11258,0.280,0.010,591.9723469965184
11259,0.280,0.015,590.3088017766897
11260,0.280,0.020,588.6420522625883
11261,0.280,0.025,586.9721252366564
11262,0.280,0.030,585.2990480394428
11263,0.280,0.035,583.622848573191
11264,0.280,0.040,581.9435553053305
11265,0.280,0.045,580.2611972718685
11266,0.280,0.050,578.5758040806785
11267,0.280,0.055,576.8874059146818
11268,0.280,0.060,575.1960335349171
11269,0.280,0.065,573.5017182834946
11270,0.280,0.070,571.8044920864315
11271,0.280,0.075,570.1043874563642
11272,0.280,0.080,568.4014374951308
11273,0.280,0.085,566.6956758962249
11274,0.280,0.090,564.987136947112
11275,0.280,0.095,563.2758555314052
11276,0.280,0.100,561.5618671308977
11277,0.280,0.105,559.8452078274468
11278,0.280,0.110,558.125914304704
11279,0.280,0.115,556.4040238496895
11280,0.280,0.120,554.6795743542034
11281,0.280,0.125,552.9526043160741
11282,0.280,0.130,551.2231528402339
11283,0.280,0.135,549.4912596396214
11284,0.280,0.140,547.7569650359063
11285,0.280,0.145,546.0203099600307
11286,0.280,0.150,544.2813359525618
11287,0.280,0.155,542.5400851638564
11288,0.280,0.160,540.7966003540269
11289,0.280,0.165,539.0509248927094
11290,0.280,0.170,537.3031027586264
11291,0.280,0.175,535.5531785389425
11292,0.280,0.180,533.8011974284075
11293,0.280,0.185,532.0472052282826
11294,0.280,0.190,530.2912483450472
11295,0.280,0.195,528.5333737888807
11296,0.280,0.200,526.7736291719168
11297,0.280,0.205,525.012062706265
11298,0.280,0.210,523.2487232017962
11299,0.280,0.215,521.4836600636901
11300,0.280,0.220,519.716923289738
11301,0.280,0.225,517.9485634673997
11302,0.280,0.230,516.1786317706105
11303,0.280,0.235,514.4071799563341
11304,0.280,0.240,512.6342603608592
11305,0.280,0.245,510.85992589583714
11306,0.280,0.250,509.08423004405523
11307,0.280,0.255,507.3072268549458
11308,0.280,0.260,505.52897093982637
11309,0.280,0.265,503.7495174668691
11310,0.280,0.270,501.9689221557962
11311,0.280,0.275,500.1872412723
11312,0.280,0.280,498.40453162218586
11313,0.280,0.285,496.62085054523357
11314,0.280,0.290,494.83625590877847
11315,0.280,0.295,493.05080610100816
11316,0.280,0.300,491.2645600239749
11317,0.280,0.305,489.47757708632207
11318,0.280,0.310,487.68991719572233
11319,0.280,0.315,485.90164075102865
11320,0.280,0.320,484.11280863413566
11321,0.280,0.325,482.32348220155285
11322,0.280,0.330,480.5337232756861
11323,0.280,0.335,478.743594135832
11324,0.280,0.340,476.9531575088801
11325,0.280,0.345,475.1624765597284
11326,0.280,0.350,473.3716148814086
11327,0.280,0.355,471.5806364849249
11328,0.280,0.360,469.789605788805
11329,0.280,0.365,467.99858760836804
11330,0.280,0.370,466.2076471447072
11331,0.280,0.375,464.4168499733915
11332,0.280,0.380,462.6262620328885
11333,0.280,0.385,460.8359496127095
11334,0.280,0.390,459.04597934128077
11335,0.280,0.395,457.2564181735432
11336,0.280,0.400,455.46733337828437
11337,0.280,0.405,453.6787925252055
11338,0.280,0.410,451.8908634717281
11339,0.280,0.415,450.1036143495435
11340,0.280,0.420,448.31711355091073
11341,0.280,0.425,446.53142971470584
11342,0.280,0.430,444.74663171222966
11343,0.280,0.435,442.9627886327766
11344,0.280,0.440,441.1799697689733
11345,0.280,0.445,439.3982446018883
11346,0.280,0.450,437.6176827859251
11347,0.280,0.455,435.838354133498
11348,0.280,0.460,434.06032859950324
11349,0.280,0.465,432.28367626558776
11350,0.280,0.470,430.5084673242269
11351,0.280,0.475,428.73477206261464
11352,0.280,0.480,426.9626608463767
11353,0.280,0.485,425.19220410311357
11354,0.280,0.490,423.42347230578133
11355,0.280,0.495,421.6565359559197
11356,0.280,0.500,419.89146556673484
11357,0.280,0.505,418.128331646047
11358,0.280,0.510,416.3672046791113
11359,0.280,0.515,414.6081551113215
11360,0.280,0.520,412.85125333080674
11361,0.280,0.525,411.09656965093006
11362,0.280,0.530,409.3441742926999
11363,0.280,0.535,407.5941373671037
11364,0.280,0.540,405.84652885737523
11365,0.280,0.545,404.101418601205
11366,0.280,0.550,402.3588762729058
11367,0.280,0.555,400.61897136554217
11368,0.280,0.560,398.8817731730384
11369,0.280,0.565,397.14735077227175
11370,0.280,0.570,395.41577300516605
11371,0.280,0.575,393.6871084607948
11372,0.280,0.580,391.961425457506
11373,0.280,0.585,390.2387920250805
11374,0.280,0.590,388.51927588693474
11375,0.280,0.595,386.80294444238046
11376,0.280,0.600,385.08986474895204
11377,0.280,0.605,383.3801035048147
11378,0.280,0.610,381.67372703126324
11379,0.280,0.615,379.9708012553254
11380,0.280,0.620,378.2713916924796
11381,0.280,0.625,376.57556342949994
11382,0.280,0.630,374.88338110743894
11383,0.280,0.635,373.19490890476226
11384,0.280,0.640,371.5102105206423
11385,0.280,0.645,369.82934915842714
11386,0.280,0.650,368.15238750929245
11387,0.280,0.655,366.4793877360896
11388,0.280,0.660,364.81041145739977
11389,0.280,0.665,363.1455197318056
11390,0.280,0.670,361.4847730423917
11391,0.280,0.675,359.8282312814825
11392,0.280,0.680,358.1759537356306
11393,0.280,0.685,356.52799907086353
11394,0.280,0.690,354.8844253181997
11395,0.280,0.695,353.24528985944363
11396,0.280,0.700,351.61064941326947
11397,0.280,0.705,349.98056002160126
11398,0.280,0.710,348.3550770363007
11399,0.280,0.715,346.7342551061697
11400,0.280,0.720,345.11814816427585
11401,0.280,0.725,343.5068094156102
11402,0.280,0.730,341.9002913250836
11403,0.280,0.735,340.2986456058706
11404,0.280,0.740,338.7019232081059
11405,0.280,0.745,337.1101743079423
11406,0.280,0.750,335.5234482969756
11407,0.280,0.755,333.9417937720408
11408,0.280,0.760,332.36525852538955
11409,0.280,0.765,330.7938895352491
11410,0.280,0.770,329.2277329567714
11411,0.280,0.775,327.6668341133751
11412,0.280,0.780,326.1112374884853
11413,0.280,0.785,324.5609867176742
11414,0.280,0.790,323.016124581207
11415,0.280,0.795,321.47669299699504
11416,0.280,0.800,319.94273301395896
11417,0.280,0.805,318.4142848058051
11418,0.280,0.810,316.89138766521523
11419,0.280,0.815,315.37407999845226
11420,0.280,0.820,313.86239932038285
11421,0.280,0.825,312.3563822499164
11422,0.280,0.830,310.8560645058623
11423,0.280,0.835,309.3614809032038
11424,0.280,0.840,307.87266534978863
11425,0.280,0.845,306.3896508434354
11426,0.280,0.850,304.91246946945444
11427,0.280,0.855,303.44115239858047
11428,0.280,0.860,301.975729885317
11429,0.280,0.865,300.5162312666876
11430,0.280,0.870,299.0626849613936
11431,0.280,0.875,297.6151184693725
11432,0.280,0.880,296.1735583717562
11433,0.280,0.885,294.7380303312237
11434,0.280,0.890,293.30855909274396
11435,0.280,0.895,291.8851684847055
11436,0.280,0.900,290.4678814204273
11437,0.280,0.905,289.05671990004555
11438,0.280,0.910,287.65170501277214
11439,0.280,0.915,286.252856939518
11440,0.280,0.920,284.8601949558757
11441,0.280,0.925,283.47373743545637
11442,0.280,0.930,282.0935018535721
11443,0.280,0.935,280.71950479125996
11444,0.280,0.940,279.3517619396388
11445,0.280,0.945,277.9902881045923
11446,0.280,0.950,276.6350972117722
11447,0.280,0.955,275.2862023119118
11448,0.280,0.960,273.94361558644505
11449,0.280,0.965,272.6073483534213
11450,0.280,0.970,271.2774110737083
11451,0.280,0.975,269.95381335747686
11452,0.280,0.980,268.63656397095633
11453,0.280,0.985,267.3256708434552
11454,0.280,0.990,266.0211410746369
11455,0.280,0.995,264.7229809420429
11456,0.280,1.000,263.4311959088549
11457,0.285,0.000,593.7466519356424
11458,0.285,0.005,592.0824467712862
11459,0.285,0.010,590.4149627344156
11460,0.285,0.015,588.7442257795958
11461,0.285,0.020,587.0702624203751
11462,0.285,0.025,585.3930997331473
11463,0.285,0.030,583.7127653609274
11464,0.285,0.035,582.0292875170319
11465,0.285,0.040,580.3426949886622
11466,0.285,0.045,578.6530171403888
11467,0.285,0.050,576.960283917528
11468,0.285,0.055,575.2645258494118
11469,0.285,0.060,573.5657740525431
11470,0.285,0.065,571.8640602336347
11471,0.285,0.070,570.1594166925265
11472,0.285,0.075,568.4518763249772
11473,0.285,0.080,566.7414726253267
11474,0.285,0.085,565.0282396890238
11475,0.285,0.090,563.3122122150165
11476,0.285,0.095,561.5934255079987
11477,0.285,0.100,559.8719154805106
11478,0.285,0.105,558.1477186548872
11479,0.285,0.110,556.4208721650523
11480,0.285,0.115,554.6914137581514
11481,0.285,0.120,552.9593817960198
11482,0.285,0.125,551.2248152564828
11483,0.285,0.130,549.4877537344817
11484,0.285,0.135,547.748237443023
11485,0.285,0.140,546.0063072139437
11486,0.285,0.145,544.2620044984926
11487,0.285,0.150,542.515371367717
11488,0.285,0.155,540.7664505126577
11489,0.285,0.160,539.0152852443417
11490,0.285,0.165,537.2619194935717
11491,0.285,0.170,535.506397810507
11492,0.285,0.175,533.7487653640314
11493,0.285,0.180,531.9890679409046
11494,0.285,0.185,530.227351944692
11495,0.285,0.190,528.4636643944693
11496,0.285,0.195,526.6980529232976
11497,0.285,0.200,524.9305657764648
11498,0.285,0.205,523.1612518094898
11499,0.285,0.210,521.3901604858856
11500,0.285,0.215,519.6173418746762
11501,0.285,0.220,517.8428466476657
11502,0.285,0.225,516.0667260764538
11503,0.285,0.230,514.2890320291964
11504,0.285,0.235,512.5098169671046
11505,0.285,0.240,510.7291339406831
11506,0.285,0.245,508.94703658570074
11507,0.285,0.250,507.1635791188918
11508,0.285,0.255,505.3788163333861
11509,0.285,0.260,503.59280359386275
11510,0.285,0.265,501.80559683142656
11511,0.285,0.270,500.01725253820393
11512,0.285,0.275,498.22782776165616
11513,0.285,0.280,496.4373800986065
11514,0.285,0.285,494.64596768898195
11515,0.285,0.290,492.8536492092636
11516,0.285,0.295,491.06048386564817
11517,0.285,0.300,489.2665313869152
11518,0.285,0.305,487.47185201700273
11519,0.285,0.310,485.67650650728535
11520,0.285,0.315,483.88055610855866
11521,0.285,0.320,482.08406256272514
11522,0.285,0.325,480.28708809418447
11523,0.285,0.330,478.4896954009249
11524,0.285,0.335,476.6919476453182
11525,0.285,0.340,474.8939084446159
11526,0.285,0.345,473.09564186114966
11527,0.285,0.350,471.2972123922341
11528,0.285,0.355,469.49868495977535
11529,0.285,0.360,467.7001248995833
11530,0.285,0.365,465.90159795039307
11531,0.285,0.370,464.10317024259285
11532,0.285,0.375,462.30490828666456
11533,0.285,0.380,460.506878961335
11534,0.285,0.385,458.70914950144436
11535,0.285,0.390,456.9117874855308
11536,0.285,0.395,455.11486082313775
11537,0.285,0.400,453.31843774184466
11538,0.285,0.405,451.5225867740257
11539,0.285,0.410,449.72737674334076
11540,0.285,0.415,447.9328767509624
11541,0.285,0.420,446.13915616154344
11542,0.285,0.425,444.3462845889295
11543,0.285,0.430,442.5543318816228
11544,0.285,0.435,440.76336810800075
11545,0.285,0.440,438.97346354129746
11546,0.285,0.445,437.18468864435096
11547,0.285,0.450,435.3971140541257
11548,0.285,0.455,433.61081056601427
11549,0.285,0.460,431.825849117927
11550,0.285,0.465,430.0423007741749
11551,0.285,0.470,428.2602367091558
11552,0.285,0.475,426.4797281908473
11553,0.285,0.480,424.70084656411996
11554,0.285,0.485,422.9236632338736
11555,0.285,0.490,421.14824964800914
11556,0.285,0.495,419.3746772802425
11557,0.285,0.500,417.60301761277066
11558,0.285,0.505,415.83334211879856
11559,0.285,0.510,414.065722244937
11560,0.285,0.515,412.30022939348004
11561,0.285,0.520,410.53693490457414
11562,0.285,0.525,408.7759100382863
11563,0.285,0.530,407.01722595658396
11564,0.285,0.535,405.2609537052362
11565,0.285,0.540,403.5071641956471
11566,0.285,0.545,401.75592818663273
11567,0.285,0.550,400.007316266152
11568,0.285,0.555,398.2613988330033
11569,0.285,0.560,396.51824607849846
11570,0.285,0.565,394.7779279681253
11571,0.285,0.570,393.0405142232106
11572,0.285,0.575,391.30607430259454
11573,0.285,0.580,389.5746773843302
11574,0.285,0.585,387.84639234741826
11575,0.285,0.590,386.1212877535902
11576,0.285,0.595,384.39943182915135
11577,0.285,0.600,382.68089244689656
11578,0.285,0.605,380.9657371081092
11579,0.285,0.610,379.2540329246583
11580,0.285,0.615,377.5458466012036
11581,0.285,0.620,375.8412444175207
11582,0.285,0.625,374.140292210961
11583,0.285,0.630,372.44305535905437
11584,0.285,0.635,370.74959876227103
11585,0.285,0.640,369.05998682695076
11586,0.285,0.645,367.3742834484131
11587,0.285,0.650,365.6925519942608
11588,0.285,0.655,364.01485528788555
11589,0.285,0.660,362.34125559219075
11590,0.285,0.665,360.67181459353964
11591,0.285,0.670,359.00659338594176
11592,0.285,0.675,357.3456524554878
11593,0.285,0.680,355.68905166504356
11594,0.285,0.685,354.03685023921395
11595,0.285,0.690,352.38910674958646
11596,0.285,0.695,350.7458791002656
11597,0.285,0.700,349.1072245137054
11598,0.285,0.705,347.4731995168532
11599,0.285,0.710,345.8438599276096
11600,0.285,0.715,344.2192608416178
11601,0.285,0.720,342.5994566193869
11602,0.285,0.725,340.9845008737605
11603,0.285,0.730,339.374446457737
11604,0.285,0.735,337.7693454526495
11605,0.285,0.740,336.1692491567121
11606,0.285,0.745,334.57420807394135
11607,0.285,0.750,332.9842719034561
11608,0.285,0.755,331.3994895291653
11609,0.285,0.760,329.81990900984715
11610,0.285,0.765,328.24557756962633
11611,0.285,0.770,326.67654158885335
11612,0.285,0.775,325.1128465953911
11613,0.285,0.780,323.55453725631315
11614,0.285,0.785,322.0016573700167
11615,0.285,0.790,320.454249858754
11616,0.285,0.795,318.91235676158544
11617,0.285,0.800,317.37601922775656
11618,0.285,0.805,315.84527751050047
11619,0.285,0.810,314.32017096126924
11620,0.285,0.815,312.80073802439324
11621,0.285,0.820,311.2870162321712
11622,0.285,0.825,309.77904220039
11623,0.285,0.830,308.27685162427554
11624,0.285,0.835,306.7804792748733
11625,0.285,0.840,305.2899589958583
11626,0.285,0.845,303.8053237007736
11627,0.285,0.850,302.32660537069495
11628,0.285,0.855,300.85383505232033
11629,0.285,0.860,299.38704285648214
11630,0.285,0.865,297.92625795707835
11631,0.285,0.870,296.47150859042137
11632,0.285,0.875,295.02282205499904
11633,0.285,0.880,293.5802247116455
11634,0.285,0.885,292.14374198411747
11635,0.285,0.890,290.7133983600712
11636,0.285,0.895,289.2892173924354
11637,0.285,0.900,287.871221701175
11638,0.285,0.905,286.4594329754412
11639,0.285,0.910,285.05387197610037
11640,0.285,0.915,283.6545585386376
11641,0.285,0.920,282.26151157642744
11642,0.285,0.925,280.87474908436593
11643,0.285,0.930,279.49428814285716
11644,0.285,0.935,278.12014492214695
11645,0.285,0.940,276.7523346869971
11646,0.285,0.945,275.3908718016917
11647,0.285,0.950,274.0357697353696
11648,0.285,0.955,272.68704106767325
11649,0.285,0.960,271.3446974947075
11650,0.285,0.965,270.0087498352993
11651,0.285,0.970,268.6792080375507
11652,0.285,0.975,267.3560811856764
11653,0.285,0.980,266.0393775071163
11654,0.285,0.985,264.7291043799169
11655,0.285,0.990,263.4252683403707
11656,0.285,0.995,262.1278750909045
11657,0.285,1.000,260.83692950821023
11658,0.290,0.000,592.1945109992541
11659,0.290,0.005,590.5230838210903
11660,0.290,0.010,588.8483546241789
11661,0.290,0.015,587.1703496426528
11662,0.290,0.020,585.4890956781236
11663,0.290,0.025,583.8046201036457
11664,0.290,0.030,582.1169508675891
11665,0.290,0.035,580.4261164974178
11666,0.290,0.040,578.7321461033689
11667,0.290,0.045,577.0350693820321
11668,0.290,0.050,575.3349166198191
11669,0.290,0.055,573.6317186963246
11670,0.290,0.060,571.9255070875718
11671,0.290,0.065,570.2163138691391
11672,0.290,0.070,568.5041717191627
11673,0.290,0.075,566.7891139212136
11674,0.290,0.080,565.0711743670392
11675,0.290,0.085,563.3503875591726
11676,0.290,0.090,561.6267886133982
11677,0.290,0.095,559.9004132610728
11678,0.290,0.100,558.1712978512985
11679,0.290,0.105,556.4394793529398
11680,0.290,0.110,554.7049953564818
11681,0.290,0.115,552.9678840757277
11682,0.290,0.120,551.228184349326
11683,0.290,0.125,549.4859356421263
11684,0.290,0.130,547.7411780463583
11685,0.290,0.135,545.9939522826303
11686,0.290,0.140,544.2442997007399
11687,0.290,0.145,542.4922622802962
11688,0.290,0.150,540.737882631145
11689,0.290,0.155,538.9812039935958
11690,0.290,0.160,537.2222702384446
11691,0.290,0.165,535.4611258667873
11692,0.290,0.170,533.6978160096202
11693,0.290,0.175,531.9323864272245
11694,0.290,0.180,530.1648835083266
11695,0.290,0.185,528.3953542690335
11696,0.290,0.190,526.6238463515386
11697,0.290,0.195,524.8504080225896
11698,0.290,0.200,523.0750881717214
11699,0.290,0.205,521.2979363092427
11700,0.290,0.210,519.5190025639779
11701,0.290,0.215,517.7383376807555
11702,0.290,0.220,515.9559930176442
11703,0.290,0.225,514.1720205429281
11704,0.290,0.230,512.3864728318201
11705,0.290,0.235,510.5994030629104
11706,0.290,0.240,508.8108650143436
11707,0.290,0.245,507.020913059724
11708,0.290,0.250,505.22960216374526
11709,0.290,0.255,503.43698787753914
11710,0.290,0.260,501.6431263337441
11711,0.290,0.265,499.84807424128746
11712,0.290,0.270,498.05188887988
11713,0.290,0.275,496.25462809422055
11714,0.290,0.280,494.4563502879086
11715,0.290,0.285,492.65711441706077
11716,0.290,0.290,490.8569799836315
11717,0.290,0.295,489.0560070284347
11718,0.290,0.300,487.254256123865
11719,0.290,0.305,485.45178836631817
11720,0.290,0.310,483.64866536830687
11721,0.290,0.315,481.8449492502743
11722,0.290,0.320,480.0407026321015
11723,0.290,0.325,478.23598862431055
11724,0.290,0.330,476.4308708189607
11725,0.290,0.335,474.6254132802403
11726,0.290,0.340,472.819680534751
11727,0.290,0.345,471.0137375614884
11728,0.290,0.350,469.20764978151715
11729,0.290,0.355,467.4014830473415
11730,0.290,0.360,465.59530363197484
11731,0.290,0.365,463.789178217706
11732,0.290,0.370,461.98317388456786
11733,0.290,0.375,460.17735809850626
11734,0.290,0.380,458.3717986992556
11735,0.290,0.385,456.5665638879194
11736,0.290,0.390,454.7617222142634
11737,0.290,0.395,452.95734256371867
11738,0.290,0.400,451.15349414410446
11739,0.290,0.405,449.35024647206825
11740,0.290,0.410,447.5476693592521
11741,0.290,0.415,445.745832898187
11742,0.290,0.420,443.9448074479198
11743,0.290,0.425,442.1446636193788
11744,0.290,0.430,440.34547226048267
11745,0.290,0.435,438.54730444099806
11746,0.290,0.440,436.7502314371519
11747,0.290,0.445,434.9543247160047
11748,0.290,0.450,433.15965591959144
11749,0.290,0.455,431.36629684883553
11750,0.290,0.460,429.57431944724584
11751,0.290,0.465,427.78379578439973
11752,0.290,0.470,425.9947980392251
11753,0.290,0.475,424.2073984830838
11754,0.290,0.480,422.4216694626697
11755,0.290,0.485,420.63768338272604
11756,0.290,0.490,418.85551268859365
11757,0.290,0.495,417.07522984859685
11758,0.290,0.500,415.2969073362787
11759,0.290,0.505,413.52061761249246
11760,0.290,0.510,411.74643310736195
11761,0.290,0.515,409.9744262021186
11762,0.290,0.520,408.2046692108271
11763,0.290,0.525,406.4372343620092
11764,0.290,0.530,404.6721937801763
11765,0.290,0.535,402.9096194672838
11766,0.290,0.540,401.1495832841149
11767,0.290,0.545,399.3921569316089
11768,0.290,0.550,397.63741193214264
11769,0.290,0.555,395.8854196107785
11770,0.290,0.560,394.1362510764903
11771,0.290,0.565,392.3899772033785
11772,0.290,0.570,390.64666861188823
11773,0.290,0.575,388.90639565004034
11774,0.290,0.580,387.16922837469014
11775,0.290,0.585,385.4352365328239
11776,0.290,0.590,383.704489542908
11777,0.290,0.595,381.9770564763003
11778,0.290,0.600,380.25300603873956
11779,0.290,0.605,378.532406551923
11780,0.290,0.610,376.8153259351855
11781,0.290,0.615,375.1018316872935
11782,0.290,0.620,373.39199086836527
11783,0.290,0.625,371.6858700819304
11784,0.290,0.630,369.98353545714184
11785,0.290,0.635,368.28505263115085
11786,0.290,0.640,366.59048673165955
11787,0.290,0.645,364.899902359662
11788,0.290,0.650,363.21336357238533
11789,0.290,0.655,361.5309338664443
11790,0.290,0.660,359.8526761612203
11791,0.290,0.665,358.17865278247655
11792,0.290,0.670,356.5089254462204
11793,0.290,0.675,354.8435552428255
11794,0.290,0.680,353.1826026214227
11795,0.290,0.685,351.5261273745725
11796,0.290,0.690,349.8741886232288
11797,0.290,0.695,348.22684480200337
11798,0.290,0.700,346.584153644743
11799,0.290,0.705,344.9461721704274
11800,0.290,0.710,343.3129566693981
11801,0.290,0.715,341.6845626899268
11802,0.290,0.720,340.0610450251338
11803,0.290,0.725,338.4424577002621
11804,0.290,0.730,336.82885396031776
11805,0.290,0.735,335.2202862580834
11806,0.290,0.740,333.6168062425118
11807,0.290,0.745,332.0184647475081
11808,0.290,0.750,330.4253117811045
11809,0.290,0.755,328.8373965150376
11810,0.290,0.760,327.25476727473057
11811,0.290,0.765,325.6774715296875
11812,0.290,0.770,324.1055558843053
11813,0.290,0.775,322.53906606910596
11814,0.290,0.780,320.9780469323956
11815,0.290,0.785,319.4225424323523
11816,0.290,0.790,317.8725956295469
11817,0.290,0.795,316.32824867989973
11818,0.290,0.800,314.78954282807535
11819,0.290,0.805,313.2565184013177
11820,0.290,0.810,311.72921480372685
11821,0.290,0.815,310.2076705109794
11822,0.290,0.820,308.6919230654921
11823,0.290,0.825,307.18200907202987
11824,0.290,0.830,305.67796419375765
11825,0.290,0.835,304.1798231487363
11826,0.290,0.840,302.68761970686046
11827,0.290,0.845,301.2013866872378
11828,0.290,0.850,299.7211559560077
11829,0.290,0.855,298.2469584245971
11830,0.290,0.860,296.7788240484114
11831,0.290,0.865,295.31678182595624
11832,0.290,0.870,293.86085979838845
11833,0.290,0.875,292.4110850494914
11834,0.290,0.880,290.96748370607025
11835,0.290,0.885,289.53008093876474
11836,0.290,0.890,288.0989009632716
11837,0.290,0.895,286.6739670419747
11838,0.290,0.900,285.255301485975
11839,0.290,0.905,283.84292565751576
11840,0.290,0.910,282.43685997279727
11841,0.290,0.915,281.0371239051731
11842,0.290,0.920,279.6437359887235
11843,0.290,0.925,278.2567138221975
11844,0.290,0.930,276.87607407331666
11845,0.290,0.935,275.50183248343365
11846,0.290,0.940,274.1340038725383
11847,0.290,0.945,272.7726021446023
11848,0.290,0.950,271.41764029325515
11849,0.290,0.955,270.06913040778323
11850,0.290,0.960,268.7270836794436
11851,0.290,0.965,267.3915104080833
11852,0.290,0.970,266.0624200090572
11853,0.290,0.975,264.7398210204327
11854,0.290,0.980,263.42372111047587
11855,0.290,0.985,262.11412708540684
11856,0.290,0.990,260.81104489741756
11857,0.290,0.995,259.5144796529412
11858,0.290,1.000,258.22443562116507
11859,0.295,0.000,590.6332039380212
11860,0.295,0.005,588.9544780604767
11861,0.295,0.010,587.2724265296147
11862,0.295,0.015,585.5870758614434
11863,0.295,0.020,583.8984531481253
11864,0.295,0.025,582.2065860620442
11865,0.295,0.030,580.5115028597801
11866,0.295,0.035,578.8132323859895
11867,0.295,0.040,577.1118040771853
11868,0.295,0.045,575.407247965412
11869,0.295,0.050,573.6995946818148
11870,0.295,0.055,571.9888754600952
11871,0.295,0.060,570.2751221398491
11872,0.295,0.065,568.5583671697863
11873,0.295,0.070,566.8386436108225
11874,0.295,0.075,565.1159851390432
11875,0.295,0.080,563.390426048532
11876,0.295,0.085,561.6620012540618
11877,0.295,0.090,559.9307462936414
11878,0.295,0.095,558.1966973309148
11879,0.295,0.100,556.459891157409
11880,0.295,0.105,554.720365194623
11881,0.295,0.110,552.9781574959572
11882,0.295,0.115,551.233306748475
11883,0.295,0.120,549.4858522744939
11884,0.295,0.125,547.7358340330018
11885,0.295,0.130,545.9832926208904
11886,0.295,0.135,544.2282692740076
11887,0.295,0.140,542.470805868016
11888,0.295,0.145,540.7109449190591
11889,0.295,0.150,538.9487295842287
11890,0.295,0.155,537.1842036618267
11891,0.295,0.160,535.4174115914202
11892,0.295,0.165,533.6483984536819
11893,0.295,0.170,531.8772099700142
11894,0.295,0.175,530.1038925019499
11895,0.295,0.180,528.3284930503258
11896,0.295,0.185,526.5510592542267
11897,0.295,0.190,524.7716393896914
11898,0.295,0.195,522.9902823681796
11899,0.295,0.200,521.2070377347942
11900,0.295,0.205,519.4219556662546
11901,0.295,0.210,517.6350869686174
11902,0.295,0.215,515.8464830747389
11903,0.295,0.220,514.0561960414778
11904,0.295,0.225,512.264278546632
11905,0.295,0.230,510.47078388560675
11906,0.295,0.235,508.6757659678103
11907,0.295,0.240,506.87927931277255
11908,0.295,0.245,505.08137904598493
11909,0.295,0.250,503.2821208944565
11910,0.295,0.255,501.48156118198403
11911,0.295,0.260,499.67975682413237
11912,0.295,0.265,497.87676532292227
11913,0.295,0.270,496.07264476122333
11914,0.295,0.275,494.2674537968489
11915,0.295,0.280,492.4612516563506
11916,0.295,0.285,490.65409812851027
11917,0.295,0.290,488.84605355752694
11918,0.295,0.295,487.0371788358976
11919,0.295,0.300,485.227535396989
11920,0.295,0.305,483.41718520730007
11921,0.295,0.310,481.6061907584125
11922,0.295,0.315,479.7946150586296
11923,0.295,0.320,477.9825216243015
11924,0.295,0.325,476.16997447083656
11925,0.295,0.330,474.35703810339896
11926,0.295,0.335,472.543777507291
11927,0.295,0.340,470.730258138022
11928,0.295,0.345,468.91654591106266
11929,0.295,0.350,467.102707191286
11930,0.295,0.355,465.2888087820965
11931,0.295,0.360,463.4749179142468
11932,0.295,0.365,461.66110223434555
11933,0.295,0.370,459.847429793056
11934,0.295,0.375,458.0339690329898
11935,0.295,0.380,456.2207887762949
11936,0.295,0.385,454.4079582119443
11937,0.295,0.390,452.5955468827249
11938,0.295,0.395,450.78362467193125
11939,0.295,0.400,448.97226178976837
11940,0.295,0.405,447.1615287594657
11941,0.295,0.410,445.35149640310794
11942,0.295,0.415,443.5422358271863
11943,0.295,0.420,441.733818407875
11944,0.295,0.425,439.92631577603834
11945,0.295,0.430,438.1197998019743
11946,0.295,0.435,436.31434257989827
11947,0.295,0.440,434.5100164121762
11948,0.295,0.445,432.70689379331
11949,0.295,0.450,430.90504739368527
11950,0.295,0.455,429.10455004308534
11951,0.295,0.460,427.3054747139808
11952,0.295,0.465,425.5078945046017
11953,0.295,0.470,423.7118826218001
11954,0.295,0.475,421.9175123637109
11955,0.295,0.480,420.12485710222086
11956,0.295,0.485,418.33399026525245
11957,0.295,0.490,416.5449853188736
11958,0.295,0.495,414.7579157492421
11959,0.295,0.500,412.97285504439327
11960,0.295,0.505,411.18987667588283
11961,0.295,0.510,409.4090540802933
11962,0.295,0.515,407.63046064061575
11963,0.295,0.520,405.8541696675162
11964,0.295,0.525,404.08025438049935
11965,0.295,0.530,402.30878788897934
11966,0.295,0.535,400.5398431732692
11967,0.295,0.540,398.77349306550167
11968,0.295,0.545,397.0098102304911
11969,0.295,0.550,395.24886714655065
11970,0.295,0.555,393.4907360862751
11971,0.295,0.560,391.7354890973028
11972,0.295,0.565,389.98319798306824
11973,0.295,0.570,388.2339342835587
11974,0.295,0.575,386.4877692560866
11975,0.295,0.580,384.74477385609123
11976,0.295,0.585,383.0050187179826
11977,0.295,0.590,381.26857413603943
11978,0.295,0.595,379.5355100453758
11979,0.295,0.600,377.8058960029879
11980,0.295,0.605,376.07980116889496
11981,0.295,0.610,374.35729428738705
11982,0.295,0.615,372.6384436683932
11983,0.295,0.620,370.92331716898144
11984,0.295,0.625,369.21198217500654
11985,0.295,0.630,367.5045055829146
11986,0.295,0.635,365.8009537817211
11987,0.295,0.640,364.1013926351724
11988,0.295,0.645,362.4058874641044
11989,0.295,0.650,360.71450302901144
11990,0.295,0.655,359.0273035128364
11991,0.295,0.660,357.34435250399537
11992,0.295,0.665,355.6657129796485
11993,0.295,0.670,353.9914472892289
11994,0.295,0.675,352.321617138241
11995,0.295,0.680,350.6562835723398
11996,0.295,0.685,348.99550696170303
11997,0.295,0.690,347.3393469857059
11998,0.295,0.695,345.68786261790933
11999,0.295,0.700,344.04111211137274
12000,0.295,0.705,342.39915298430094
12001,0.295,0.710,340.76204200603394
12002,0.295,0.715,339.12983518339166
12003,0.295,0.720,337.5025877473792
12004,0.295,0.725,335.8803541402643
12005,0.295,0.730,334.26318800303346
12006,0.295,0.735,332.6511421632356
12007,0.295,0.740,331.0442686232206
12008,0.295,0.745,329.44261854878016
12009,0.295,0.750,327.8462422581967
12010,0.295,0.755,326.2551892117085
12011,0.295,0.760,324.66950800139534
12012,0.295,0.765,323.08924634149133
12013,0.295,0.770,321.51445105912916
12014,0.295,0.775,319.94516808552066
12015,0.295,0.780,318.3814424475791
12016,0.295,0.785,316.8233182599845
12017,0.295,0.790,315.270838717698
12018,0.295,0.795,313.72404608892583
12019,0.295,0.800,312.1829817085376
12020,0.295,0.805,310.64768597193824
12021,0.295,0.810,309.1181983293976
12022,0.295,0.815,307.5945572808372
12023,0.295,0.820,306.0768003710753
12024,0.295,0.825,304.56496418553047
12025,0.295,0.830,303.05908434638326
12026,0.295,0.835,301.55919550919526
12027,0.295,0.840,300.06533135998416
12028,0.295,0.845,298.57752461275425
12029,0.295,0.850,297.0958070074785
12030,0.295,0.855,295.6202093085321
12031,0.295,0.860,294.15076130357176
12032,0.295,0.865,292.68749180286113
12033,0.295,0.870,291.23042863903515
12034,0.295,0.875,289.77959866730123
12035,0.295,0.880,288.3350277660729
12036,0.295,0.885,286.89674083803084
12037,0.295,0.890,285.46476181160483
12038,0.295,0.895,284.0391136428741
12039,0.295,0.900,282.61981831787756
12040,0.295,0.905,281.20689685532875
12041,0.295,0.910,279.80036930972966
12042,0.295,0.915,278.4002547748756
12043,0.295,0.920,277.00657138774517
12044,0.295,0.925,275.6193363327671
12045,0.295,0.930,274.2385658464569
12046,0.295,0.935,272.8642752224158
12047,0.295,0.940,271.4964788166834
12048,0.295,0.945,270.13519005343585
12049,0.295,0.950,268.7804214310218
12050,0.295,0.955,267.43218452832673
12051,0.295,0.960,266.09049001145695
12052,0.295,0.965,264.755347640735
12053,0.295,0.970,263.4267662779967
12054,0.295,0.975,262.10475389418036
12055,0.295,0.980,260.78931757719994
12056,0.295,0.985,259.48046354009136
12057,0.295,0.990,258.1781971294239
12058,0.295,0.995,256.88252283396497
12059,0.295,1.000,255.59344429359115
12060,0.300,0.000,589.0626362455481
12061,0.300,0.005,587.3765336138309
12062,0.300,0.010,585.6870811903444
12063,0.300,0.015,583.994305775228
12064,0.300,0.020,582.2982347536324
12065,0.300,0.025,580.5988960998956
12066,0.300,0.030,578.896318381623
12067,0.300,0.035,577.1905307636744
12068,0.300,0.040,575.4815630120459
12069,0.300,0.045,573.7694454976498
12070,0.300,0.050,572.0542091999837
12071,0.300,0.055,570.3358857106846
12072,0.300,0.060,568.6145072369662
12073,0.300,0.065,566.8901066049331
12074,0.300,0.070,565.162717262767
12075,0.300,0.075,563.4323732837814
12076,0.300,0.080,561.6991093693407
12077,0.300,0.085,559.9629608516367
12078,0.300,0.090,558.2239636963212
12079,0.300,0.095,556.4821545049866
12080,0.300,0.100,554.7375705174925
12081,0.300,0.105,552.990249614131
12082,0.300,0.110,551.2402303176298
12083,0.300,0.115,549.4875517949835
12084,0.300,0.120,547.7322538591114
12085,0.300,0.125,545.9743769703366
12086,0.300,0.130,544.2139622376804
12087,0.300,0.135,542.4510514199686
12088,0.300,0.140,540.6856869267438
12089,0.300,0.145,538.9179118189784
12090,0.300,0.150,537.1477698095864
12091,0.300,0.155,535.3753052637238
12092,0.300,0.160,533.6005631988797
12093,0.300,0.165,531.823589284746
12094,0.300,0.170,530.0444298428672
12095,0.300,0.175,528.2631318460608
12096,0.300,0.180,526.4797429176085
12097,0.300,0.185,524.694311330207
12098,0.300,0.190,522.9068860046807
12099,0.300,0.195,521.1175165084472
12100,0.300,0.200,519.3262530537328
12101,0.300,0.205,517.5331464955322
12102,0.300,0.210,515.7382483293115
12103,0.300,0.215,513.9416106884456
12104,0.300,0.220,512.1432863413893
12105,0.300,0.225,510.3433286885757
12106,0.300,0.230,508.54179175904085
12107,0.300,0.235,506.7387302067673
12108,0.300,0.240,504.93419930674446
12109,0.300,0.245,503.1282549507436
12110,0.300,0.250,501.32095364280065
12111,0.300,0.255,499.5123524944063
12112,0.300,0.260,497.702509219399
12113,0.300,0.265,495.8914821285576
12114,0.300,0.270,494.07933012389094
12115,0.300,0.275,492.26611269262213
12116,0.300,0.280,490.4518899008641
12117,0.300,0.285,488.6367223869846
12118,0.300,0.290,486.8206713546578
12119,0.300,0.295,485.00379856560136
12120,0.300,0.300,483.1861663319967
12121,0.300,0.305,481.36783750859024
12122,0.300,0.310,479.5488754844755
12123,0.300,0.315,477.7293441745538
12124,0.300,0.320,475.9093080106729
12125,0.300,0.325,474.0888319324434
12126,0.300,0.330,472.26798137773164
12127,0.300,0.335,470.4468222728299
12128,0.300,0.340,468.62542102230174
12129,0.300,0.345,466.80384449850715
12130,0.300,0.350,464.9821600308023
12131,0.300,0.355,463.1604353944202
12132,0.300,0.360,461.33873879902933
12133,0.300,0.365,459.517138876975
12134,0.300,0.370,457.6957046712017
12135,0.300,0.375,455.8745056228621
12136,0.300,0.380,454.0536115586117
12137,0.300,0.385,452.23309267759475
12138,0.300,0.390,450.41301953812183
12139,0.300,0.395,448.5934630440445
12140,0.300,0.400,446.7744944308283
12141,0.300,0.405,444.9561852513313
12142,0.300,0.410,443.13860736128805
12143,0.300,0.415,441.3218329045083
12144,0.300,0.420,439.50593429779167
12145,0.300,0.425,437.6909842155646
12146,0.300,0.430,435.87705557424687
12147,0.300,0.435,434.06422151635024
12148,0.300,0.440,432.2525553943194
12149,0.300,0.445,430.44213075411704
12150,0.300,0.450,428.6330213185657
12151,0.300,0.455,426.82530097044724
12152,0.300,0.460,425.019043735374
12153,0.300,0.465,423.2143237644331
12154,0.300,0.470,421.411215316618
12155,0.300,0.475,419.60979274105057
12156,0.300,0.480,417.81013045900715
12157,0.300,0.485,416.01230294575373
12158,0.300,0.490,414.2163847122026
12159,0.300,0.495,412.42245028639866
12160,0.300,0.500,410.6305741948455
12161,0.300,0.505,408.84083094368265
12162,0.300,0.510,407.05329499972265
12163,0.300,0.515,405.26804077136075
12164,0.300,0.520,403.4851425893673
12165,0.300,0.525,401.70467468757346
12166,0.300,0.530,399.9267111834641
12167,0.300,0.535,398.1513260586868
12168,0.300,0.540,396.3785931394911
12169,0.300,0.545,394.60858607710946
12170,0.300,0.550,392.8413783280922
12171,0.300,0.555,391.0770431346086
12172,0.300,0.560,389.3156535047285
12173,0.300,0.565,387.55728219269565
12174,0.300,0.570,385.80200167920606
12175,0.300,0.575,384.04988415170504
12176,0.300,0.580,382.3010014847166
12177,0.300,0.585,380.55542522021625
12178,0.300,0.590,378.8132265480645
12179,0.300,0.595,377.07447628651
12180,0.300,0.600,375.33924486277954
12181,0.300,0.605,373.6076022937669
12182,0.300,0.610,371.87961816683276
12183,0.300,0.615,370.15536162073283
12184,0.300,0.620,368.43490132668313
12185,0.300,0.625,366.71830546957995
12186,0.300,0.630,365.00564172938516
12187,0.300,0.635,363.29697726269166
12188,0.300,0.640,361.5923786844807
12189,0.300,0.645,359.8919120500863
12190,0.300,0.650,358.1956428373779
12191,0.300,0.655,356.5036359291738
12192,0.300,0.660,354.815955595901
12193,0.300,0.665,353.1326654785094
12194,0.300,0.670,351.45382857165606
12195,0.300,0.675,349.7795072071706
12196,0.300,0.680,348.1097630378127
12197,0.300,0.685,346.4446570213339
12198,0.300,0.690,344.78424940485553
12199,0.300,0.695,343.12859970957214
12200,0.300,0.700,341.47776671579254
12201,0.300,0.705,339.83180844832816
12202,0.300,0.710,338.190782162239
12203,0.300,0.715,336.5547443289465
12204,0.300,0.720,334.9237506227228
12205,0.300,0.725,333.2978559075657
12206,0.300,0.730,331.6771142244666
12207,0.300,0.735,330.0615787790824
12208,0.300,0.740,328.451301929815
12209,0.300,0.745,326.84633517630937
12210,0.300,0.750,325.2467291483757
12211,0.300,0.755,323.65253359534137
12212,0.300,0.760,322.06379737584047
12213,0.300,0.765,320.4805684480451
12214,0.300,0.770,318.902893860344
12215,0.300,0.775,317.33081974247364
12216,0.300,0.780,315.7643912971053
12217,0.300,0.785,314.2036527918926
12218,0.300,0.790,312.64864755198215
12219,0.300,0.795,311.0994179529905
12220,0.300,0.800,309.55600541445006
12221,0.300,0.805,308.0184503937244
12222,0.300,0.810,306.48679238039693
12223,0.300,0.815,304.96106989113116
12224,0.300,0.820,303.4413204650047
12225,0.300,0.825,301.92758065931645
12226,0.300,0.830,300.41988604586675
12227,0.300,0.835,298.91827120770927
12228,0.300,0.840,297.42276973637297
12229,0.300,0.845,295.93341422955365
12230,0.300,0.850,294.45023628927123
12231,0.300,0.855,292.9732665204904
12232,0.300,0.860,291.50253453020304
12233,0.300,0.865,290.03806892696605
12234,0.300,0.870,288.57989732089374
12235,0.300,0.875,287.12804632409774
12236,0.300,0.880,285.6825415515717
12237,0.300,0.885,284.2434076225141
12238,0.300,0.890,282.8106681620848
12239,0.300,0.895,281.3843458035892
12240,0.300,0.900,279.96446219108304
12241,0.300,0.905,278.55103798239287
12242,0.300,0.910,277.1440928525435
12243,0.300,0.915,275.7436454975869
12244,0.300,0.920,274.3497136388242
12245,0.300,0.925,272.9623140274136
12246,0.300,0.930,271.58146244935506
12247,0.300,0.935,270.207173730846
12248,0.300,0.940,268.8394617439964
12249,0.300,0.945,267.47833941289736
12250,0.300,0.950,266.1238187200324
12251,0.300,0.955,264.77591071302373
12252,0.300,0.960,263.4346255117035
12253,0.300,0.965,262.0999723155003
12254,0.300,0.970,260.7719594111329
12255,0.300,0.975,259.4505941805998
12256,0.300,0.980,258.1358831094557
12257,0.300,0.985,256.8278317953649
12258,0.300,0.990,255.52644495692212
12259,0.300,0.995,254.23172644272933
12260,0.300,1.000,252.94367924071997
12261,0.305,0.000,587.4827123570755
12262,0.305,0.005,585.789153515396
12263,0.305,0.010,584.0922202234805
12264,0.305,0.015,582.3919395677939
12265,0.305,0.020,580.6883392288587
12266,0.305,0.025,578.9814474855397
12267,0.305,0.030,577.2712932192379
12268,0.305,0.035,575.5579059179848
12269,0.305,0.040,573.8413156804334
12270,0.305,0.045,572.1215532197448
12271,0.305,0.050,570.3986498673615
12272,0.305,0.055,568.6726375766673
12273,0.305,0.060,566.9435489265243
12274,0.305,0.065,565.2114171246876
12275,0.305,0.070,563.4762760110901
12276,0.305,0.075,561.738160060993
12277,0.305,0.080,559.997104387997
12278,0.305,0.085,558.2531447469121
12279,0.305,0.090,556.5063175364768
12280,0.305,0.095,554.7566598019266
12281,0.305,0.100,553.0042092374019
12282,0.305,0.105,551.2490041881958
12283,0.305,0.110,549.4910836528323
12284,0.305,0.115,547.7304872849725
12285,0.305,0.120,545.967255395143
12286,0.305,0.125,544.2014289522821
12287,0.305,0.130,542.4330495850975
12288,0.305,0.135,540.6621595832323
12289,0.305,0.140,538.8888018982326
12290,0.305,0.145,537.1130201443127
12291,0.305,0.150,535.3348585989129
12292,0.305,0.155,533.5543622030444
12293,0.305,0.160,531.7715765614163
12294,0.305,0.165,529.9865479423406
12295,0.305,0.170,528.1993232774093
12296,0.305,0.175,526.4099501609394
12297,0.305,0.180,524.6184768491801
12298,0.305,0.185,522.8249522592779
12299,0.305,0.190,521.0294259679966
12300,0.305,0.195,519.2319482101825
12301,0.305,0.200,517.4325698769765
12302,0.305,0.205,515.6313425137629
12303,0.305,0.210,513.8283183178559
12304,0.305,0.215,512.0235501359123
12305,0.305,0.220,510.2170914610744
12306,0.305,0.225,508.4089964298309
12307,0.305,0.230,506.5993198185981
12308,0.305,0.235,504.7881170400127
12309,0.305,0.240,502.9754441389356
12310,0.305,0.245,501.1613577881606
12311,0.305,0.250,499.3459152838252
12312,0.305,0.255,497.5291745405207
12313,0.305,0.260,495.7111940860972
12314,0.305,0.265,493.89203305615973
12315,0.305,0.270,492.07175118825546
12316,0.305,0.275,490.2504088157446
12317,0.305,0.280,488.4280668613562
12318,0.305,0.285,486.6047868304244
12319,0.305,0.290,484.78063080380247
12320,0.305,0.295,482.9556614304546
12321,0.305,0.300,481.1299419197207
12322,0.305,0.305,479.30353603325506
12323,0.305,0.310,477.4765080766353
12324,0.305,0.315,475.6489228906421
12325,0.305,0.320,473.8208458422074
12326,0.305,0.325,471.992342815031
12327,0.305,0.330,470.16348019986464
12328,0.305,0.335,468.334324884464
12329,0.305,0.340,466.5049442432076
12330,0.305,0.345,464.67540612638373
12331,0.305,0.350,462.8457788491453
12332,0.305,0.355,461.01613118013495
12333,0.305,0.360,459.18653232977874
12334,0.305,0.365,457.35705193825305
12335,0.305,0.370,455.52776006312445
12336,0.305,0.375,453.69872716666475
12337,0.305,0.380,451.87002410284515
12338,0.305,0.385,450.04172210400935
12339,0.305,0.390,448.2138927672319
12340,0.305,0.395,446.38660804036283
12341,0.305,0.400,444.55994020776296
12342,0.305,0.405,442.7339618757341
12343,0.305,0.410,440.90874595764836
12344,0.305,0.415,439.0843656587812
12345,0.305,0.420,437.2608944608532
12346,0.305,0.425,435.43840610628615
12347,0.305,0.430,433.6169745821793
12348,0.305,0.435,431.796674104011
12349,0.305,0.440,429.9775790990736
12350,0.305,0.445,428.1597641896467
12351,0.305,0.450,426.34330417591764
12352,0.305,0.455,424.52827401865477
12353,0.305,0.460,422.7147488216436
12354,0.305,0.465,420.9028038138905
12355,0.305,0.470,419.09251433160773
12356,0.305,0.475,417.28395579998204
12357,0.305,0.480,415.477203714742
12358,0.305,0.485,413.67233362352925
12359,0.305,0.490,411.8694211070858
12360,0.305,0.495,410.0685417602666
12361,0.305,0.500,408.26977117288766
12362,0.305,0.505,406.47318491042057
12363,0.305,0.510,404.6788584945442
12364,0.305,0.515,402.88686738356586
12365,0.305,0.520,401.097286952721
12366,0.305,0.525,399.3101924743658
12367,0.305,0.530,397.52565909807333
12368,0.305,0.535,395.74376183064567
12369,0.305,0.540,393.9645755160538
12370,0.305,0.545,392.18817481532034
12371,0.305,0.550,390.414634186354
12372,0.305,0.555,388.6440278637531
12373,0.305,0.560,386.8764298385876
12374,0.305,0.565,385.11191383817624
12375,0.305,0.570,383.3505533058698
12376,0.305,0.575,381.592421380855
12377,0.305,0.580,379.8375908779939
12378,0.305,0.585,378.08613426770995
12379,0.305,0.590,376.3381236559382
12380,0.305,0.595,374.59363076415
12381,0.305,0.600,372.8527269094686
12382,0.305,0.605,371.11548298488907
12383,0.305,0.610,369.3819694396162
12384,0.305,0.615,367.65225625953457
12385,0.305,0.620,365.9264129478251
12386,0.305,0.625,364.20450850574156
12387,0.305,0.630,362.4866114135615
12388,0.305,0.635,360.7727896117246
12389,0.305,0.640,359.06311048217236
12390,0.305,0.645,357.357640829904
12391,0.305,0.650,355.65644686475935
12392,0.305,0.655,353.9595941834443
12393,0.305,0.660,352.2671477518111
12394,0.305,0.665,350.5791718874058
12395,0.305,0.670,348.8957302422968
12396,0.305,0.675,347.2168857861951
12397,0.305,0.680,345.54270078988066
12398,0.305,0.685,343.87323680894445
12399,0.305,0.690,342.2085546678594
12400,0.305,0.695,340.54871444439163
12401,0.305,0.700,338.89377545436133
12402,0.305,0.705,337.24379623676566
12403,0.305,0.710,335.59883453927347
12404,0.305,0.715,333.9589473041012
12405,0.305,0.720,332.32419065428036
12406,0.305,0.725,330.69461988032526
12407,0.305,0.730,329.07028942730994
12408,0.305,0.735,327.4512528823628
12409,0.305,0.740,325.83756296258616
12410,0.305,0.745,324.22927150340985
12411,0.305,0.750,322.62642944738377
12412,0.305,0.755,321.0290868334177
12413,0.305,0.760,319.437292786474
12414,0.305,0.765,317.85109550771864
12415,0.305,0.770,316.27054226513565
12416,0.305,0.775,314.69567938461074
12417,0.305,0.780,313.1265522414868
12418,0.305,0.785,311.5632052525965
12419,0.305,0.790,310.00568186877376
12420,0.305,0.795,308.4540245678489
12421,0.305,0.800,306.9082748481272
12422,0.305,0.805,305.36847322235474
12423,0.305,0.810,303.8346592121721
12424,0.305,0.815,302.3068713430561
12425,0.305,0.820,300.78514713975085
12426,0.305,0.825,299.26952312218737
12427,0.305,0.830,297.7600348018913
12428,0.305,0.835,296.2567166788775
12429,0.305,0.840,294.7596022390298
12430,0.305,0.845,293.2687239519637
12431,0.305,0.850,291.7841132693707
12432,0.305,0.855,290.3058006238391
12433,0.305,0.860,288.8338154281495
12434,0.305,0.865,287.3681860750405
12435,0.305,0.870,285.90893993744106
12436,0.305,0.875,284.45610336916303
12437,0.305,0.880,283.0097017060508
12438,0.305,0.885,281.5697592675815
12439,0.305,0.890,280.1362993589094
12440,0.305,0.895,278.70934427335004
12441,0.305,0.900,277.2889152952949
12442,0.305,0.905,275.8750327035527
12443,0.305,0.910,274.4677157751068
12444,0.305,0.915,273.06698278928434
12445,0.305,0.920,271.67285103232655
12446,0.305,0.925,270.28533680235387
12447,0.305,0.930,268.9044554147163
12448,0.305,0.935,267.53022120772187
12449,0.305,0.940,266.1626475487316
12450,0.305,0.945,264.8017468406152
12451,0.305,0.950,263.44753052855515
12452,0.305,0.955,262.100009107192
12453,0.305,0.960,260.75919212809936
12454,0.305,0.965,259.42508820757956
12455,0.305,0.970,258.09770503477097
12456,0.305,0.975,256.77704938005417
12457,0.305,0.980,255.46312710374977
12458,0.305,0.985,254.15594316509555
12459,0.305,0.990,252.85550163149298
12460,0.305,0.995,251.56180568801318
12461,0.305,1.000,250.27485764715126
12462,0.310,0.000,585.8933356542692
12463,0.310,0.005,584.1922397132715
12464,0.310,0.010,582.4877441268072
12465,0.310,0.015,580.779876269796
12466,0.310,0.020,579.0686641204511
12467,0.310,0.025,577.3541362646816
12468,0.310,0.030,575.6363219004
12469,0.310,0.035,573.9152508417308
12470,0.310,0.040,572.1909535231146
12471,0.310,0.045,570.4634610033048
12472,0.310,0.050,568.7328049692525
12473,0.310,0.055,566.9990177398712
12474,0.310,0.060,565.2621322696833
12475,0.310,0.065,563.5221821523379
12476,0.310,0.070,561.7792016239974
12477,0.310,0.075,560.0332255665886
12478,0.310,0.080,558.284289510913
12479,0.310,0.085,556.5324296396101
12480,0.310,0.090,554.7776827899718
12481,0.310,0.095,553.0200864565991
12482,0.310,0.100,551.2596787938995
12483,0.310,0.105,549.496498618418
12484,0.310,0.110,547.730585410997
12485,0.310,0.115,545.9619793187616
12486,0.310,0.120,544.1907211569212
12487,0.310,0.125,542.4168524103881
12488,0.310,0.130,540.6404152352015
12489,0.310,0.135,538.8614524597588
12490,0.310,0.140,537.0800075858401
12491,0.310,0.145,535.2961247894317
12492,0.310,0.150,533.509848921332
12493,0.310,0.155,531.7212255075443
12494,0.310,0.160,529.9303007494456
12495,0.310,0.165,528.137121523727
12496,0.310,0.170,526.341735382104
12497,0.310,0.175,524.5441905507867
12498,0.310,0.180,522.7445359297088
12499,0.310,0.185,520.9428210915088
12500,0.310,0.190,519.1390962802577
12501,0.310,0.195,517.3334124099306
12502,0.310,0.200,515.5258210626149
12503,0.310,0.205,513.7163744864515
12504,0.310,0.210,511.9051255933056
12505,0.310,0.215,510.0921279561592
12506,0.310,0.220,508.27743580622405
12507,0.310,0.225,506.46110402976933
12508,0.310,0.230,504.64318816465914
12509,0.310,0.235,502.8237443965967
12510,0.310,0.240,501.0028295550708
12511,0.310,0.245,499.1805011089998
12512,0.310,0.250,497.35681716207097
12513,0.310,0.255,495.53183644777033
12514,0.310,0.260,493.7056183240985
12515,0.310,0.265,491.8782227679722
12516,0.310,0.270,490.0497103693055
12517,0.310,0.275,488.22014232476806
12518,0.310,0.280,486.38958043121966
12519,0.310,0.285,484.5580870788154
12520,0.310,0.290,482.7257252437811
12521,0.310,0.295,480.89255848085645
12522,0.310,0.300,479.0586509154029
12523,0.310,0.305,477.2240672351758
12524,0.310,0.310,475.38887268175756
12525,0.310,0.315,473.55313304165264
12526,0.310,0.320,471.71691463704093
12527,0.310,0.325,469.8802843161905
12528,0.310,0.330,468.0433094435286
12529,0.310,0.335,466.2060578893698
12530,0.310,0.340,464.36859801930217
12531,0.310,0.345,462.5309986832325
12532,0.310,0.350,460.6933292040877
12533,0.310,0.355,458.8556593661789
12534,0.310,0.360,457.01805940322237
12535,0.310,0.365,455.18059998602587
12536,0.310,0.370,453.3433522098366
12537,0.310,0.375,451.50638758135557
12538,0.310,0.380,449.6697780054209
12539,0.310,0.385,447.8335957713608
12540,0.310,0.390,445.9979135390225
12541,0.310,0.395,444.1628043244767
12542,0.310,0.400,442.32834148540513
12543,0.310,0.405,440.4945987061725
12544,0.310,0.410,438.6616499825885
12545,0.310,0.415,436.82956960636517
12546,0.310,0.420,434.99843214927364
12547,0.310,0.425,433.16831244700626
12548,0.310,0.430,431.33928558275085
12549,0.310,0.435,429.5114268704817
12550,0.310,0.440,427.684811837976
12551,0.310,0.445,425.8595162095599
12552,0.310,0.450,424.0356158885954
12553,0.310,0.455,422.2131869397112
12554,0.310,0.460,420.39230557079
12555,0.310,0.465,418.573048114717
12556,0.310,0.470,416.75549101090127
12557,0.310,0.475,414.9397107865766
12558,0.310,0.480,413.1257840378934
12559,0.310,0.485,411.3137874108099
12560,0.310,0.490,409.50379758179326
12561,0.310,0.495,407.6958912383421
12562,0.310,0.500,405.8901450593385
12563,0.310,0.505,404.08663569524373
12564,0.310,0.510,402.28543974814664
12565,0.310,0.515,400.48663375167774
12566,0.310,0.520,398.69029415079984
12567,0.310,0.525,396.8964972814885
12568,0.310,0.530,395.1053193503138
12569,0.310,0.535,393.3168364139367
12570,0.310,0.540,391.53112435853296
12571,0.310,0.545,389.74825887915677
12572,0.310,0.550,387.9683154590591
12573,0.310,0.555,386.1913693489725
12574,0.310,0.560,384.4174955463777
12575,0.310,0.565,382.64676877476455
12576,0.310,0.570,380.8792634629024
12577,0.310,0.575,379.11505372413274
12578,0.310,0.580,377.35421333570054
12579,0.310,0.585,375.59681571813553
12580,0.310,0.590,373.8429339147011
12581,0.310,0.595,372.09264057092315
12582,0.310,0.600,370.3460079142141
12583,0.310,0.605,368.6031077336068
12584,0.310,0.610,366.8640113596123
12585,0.310,0.615,365.12878964421714
12586,0.310,0.620,363.3975129410335
12587,0.310,0.625,361.67025108561677
12588,0.310,0.630,359.9470733759665
12589,0.310,0.635,358.2280485532222
12590,0.310,0.640,356.5132447825715
12591,0.310,0.645,354.80272963438154
12592,0.310,0.650,353.09657006556967
12593,0.310,0.655,351.39483240122667
12594,0.310,0.660,349.6975823165051
12595,0.310,0.665,348.00488481878733
12596,0.310,0.670,346.3168042301462
12597,0.310,0.675,344.6334041701095
12598,0.310,0.680,342.9547475387439
12599,0.310,0.685,341.28089650006694
12600,0.310,0.690,339.61191246580313
12601,0.310,0.695,337.9478560794917
12602,0.310,0.700,336.2887872009607
12603,0.310,0.705,334.6347648911766
12604,0.310,0.710,332.9858473974806
12605,0.310,0.715,331.3420921392215
12606,0.310,0.720,329.70355569379626
12607,0.310,0.725,328.07029378310506
12608,0.310,0.730,326.4423612604334
12609,0.310,0.735,324.8198120977663
12610,0.310,0.740,323.20269937354544
12611,0.310,0.745,321.59107526087524
12612,0.310,0.750,319.98499101618614
12613,0.310,0.755,318.3844969683611
12614,0.310,0.760,316.7896425083315
12615,0.310,0.765,315.2004760791495
12616,0.310,0.770,313.6170451665399
12617,0.310,0.775,312.03939628993857
12618,0.310,0.780,310.46757499401957
12619,0.310,0.785,308.90162584071703
12620,0.310,0.790,307.34159240174233
12621,0.310,0.795,305.7875172516018
12622,0.310,0.800,304.2394419611151
12623,0.310,0.805,302.6974070914375
12624,0.310,0.810,301.1614521885865
12625,0.310,0.815,299.63161577847274
12626,0.310,0.820,298.1079353624369
12627,0.310,0.825,296.5904474132913
12628,0.310,0.830,295.0791873718648
12629,0.310,0.835,293.5741896440507
12630,0.310,0.840,292.0754875983549
12631,0.310,0.845,290.5831135639431
12632,0.310,0.850,289.097098829182
12633,0.310,0.855,287.61747364067435
12634,0.310,0.860,286.1442672027806
12635,0.310,0.865,284.67750767762624
12636,0.310,0.870,283.21722218558733
12637,0.310,0.875,281.76343680625115
12638,0.310,0.880,280.3161765798456
12639,0.310,0.885,278.8754655091316
12640,0.310,0.890,277.44132656175157
12641,0.310,0.895,276.013781673029
12642,0.310,0.900,274.5928517492099
12643,0.310,0.905,273.1785566711409
12644,0.310,0.910,271.7709152983741
12645,0.310,0.915,270.36994547369255
12646,0.310,0.920,268.97566402804716
12647,0.310,0.925,267.58808678589594
12648,0.310,0.930,266.20722857093773
12649,0.310,0.935,264.83310321223087
12650,0.310,0.940,263.46572355068656
12651,0.310,0.945,262.10510144592865
12652,0.310,0.950,260.75124778350954
12653,0.310,0.955,259.40417248247127
12654,0.310,0.960,258.06388450324334
12655,0.310,0.965,256.73039185586526
12656,0.310,0.970,255.40370160852444
12657,0.310,0.975,254.08381989639867
12658,0.310,0.980,252.77075193079128
12659,0.310,0.985,251.46450200855043
12660,0.310,0.990,250.16507352175952
12661,0.310,0.995,248.87246896768886
12662,0.310,1.000,247.58668995899737
12663,0.315,0.000,584.2944084716796
12664,0.315,0.005,582.5856930750658
12665,0.315,0.010,580.8735522836025
12666,0.315,0.015,579.1580137627186
12667,0.315,0.020,577.4391057905686
12668,0.315,0.025,575.7168572625573
12669,0.315,0.030,573.9912976957648
12670,0.315,0.035,572.2624572332757
12671,0.315,0.040,570.5303666483987
12672,0.315,0.045,568.7950573487808
12673,0.315,0.050,567.0565613804039
12674,0.315,0.055,565.3149114314655
12675,0.315,0.060,563.5701408361332
12676,0.315,0.065,561.8222835781731
12677,0.315,0.070,560.0713742944431
12678,0.315,0.075,558.3174482782489
12679,0.315,0.080,556.5605414825563
12680,0.315,0.085,554.8006905230565
12681,0.315,0.090,553.037932681075
12682,0.315,0.095,551.2723059063268
12683,0.315,0.100,549.5038488195031
12684,0.315,0.105,547.7326007146929
12685,0.315,0.110,545.9586015616285
12686,0.315,0.115,544.1818920077521
12687,0.315,0.120,542.402513380099
12688,0.315,0.125,540.6205076869893
12689,0.315,0.130,538.8359176195255
12690,0.315,0.135,537.0487865528892
12691,0.315,0.140,535.2591585474324
12692,0.315,0.145,533.4670783495567
12693,0.315,0.150,531.672591392377
12694,0.315,0.155,529.8757437961626
12695,0.315,0.160,528.0765823685523
12696,0.315,0.165,526.275154604535
12697,0.315,0.170,524.4715086861946
12698,0.315,0.175,522.665693482211
12699,0.315,0.180,520.8577585471129
12700,0.315,0.185,519.0477541202772
12701,0.315,0.190,517.2357311246706
12702,0.315,0.195,515.4217411653264
12703,0.315,0.200,513.6058365275541
12704,0.315,0.205,511.7880701748749
12705,0.315,0.210,509.9684957466787
12706,0.315,0.215,508.147167555598
12707,0.315,0.220,506.3241405845946
12708,0.315,0.225,504.49947048375327
12709,0.315,0.230,502.67321356677877
12710,0.315,0.235,500.84542680719187
12711,0.315,0.240,499.01616783421963
12712,0.315,0.245,497.1854949283759
12713,0.315,0.250,495.35346701672836
12714,0.315,0.255,493.52014366784897
12715,0.315,0.260,491.6855850864418
12716,0.315,0.265,489.84985210764756
12717,0.315,0.270,488.01300619101926
12718,0.315,0.275,486.17510941416697
12719,0.315,0.280,484.3362244660694
12720,0.315,0.285,482.4964146400465
12721,0.315,0.290,480.6557438263948
12722,0.315,0.295,478.8142765046792
12723,0.315,0.300,476.97207773568135
12724,0.315,0.305,475.1292131530027
12725,0.315,0.310,473.2857489543182
12726,0.315,0.315,471.44175189228315
12727,0.315,0.320,469.59728926508757
12728,0.315,0.325,467.7524289066612
12729,0.315,0.330,465.90723917652554
12730,0.315,0.335,464.0617889492939
12731,0.315,0.340,462.21614760381965
12732,0.315,0.345,460.37038501199174
12733,0.315,0.350,458.5245715271788
12734,0.315,0.355,456.67877797232336
12735,0.315,0.360,454.83307562768437
12736,0.315,0.365,452.9875362182341
12737,0.315,0.370,451.1422319007068
12738,0.315,0.375,449.29723525030374
12739,0.315,0.380,447.45261924705653
12740,0.315,0.385,445.6084572618515
12741,0.315,0.390,443.76482304211765
12742,0.315,0.395,441.92179069718264
12743,0.315,0.400,440.0794346833007
12744,0.315,0.405,438.23782978835567
12745,0.315,0.410,436.3970511162447
12746,0.315,0.415,434.55717407094687
12747,0.315,0.420,432.71827434028364
12748,0.315,0.425,430.8804278793734
12749,0.315,0.430,429.04371089379174
12750,0.315,0.435,427.2081998224369
12751,0.315,0.440,425.3739713201143
12752,0.315,0.445,423.54110223984196
12753,0.315,0.450,421.7096696148871
12754,0.315,0.455,419.87975064054143
12755,0.315,0.460,418.0514226556432
12756,0.315,0.465,416.22476312385425
12757,0.315,0.470,414.39984961470265
12758,0.315,0.475,412.5767597843984
12759,0.315,0.480,410.7555713564338
12760,0.315,0.485,408.9363621019768
12761,0.315,0.490,407.11920982006916
12762,0.315,0.495,405.3041923176407
12763,0.315,0.500,403.4913873893482
12764,0.315,0.505,401.6808727972531
12765,0.315,0.510,399.8727262503488
12766,0.315,0.515,398.0670253839495
12767,0.315,0.520,396.2638477389522
12768,0.315,0.525,394.4632707409868
12769,0.315,0.530,392.66537167946404
12770,0.315,0.535,390.870227686538
12771,0.315,0.540,389.0779157159929
12772,0.315,0.545,387.28851252207045
12773,0.315,0.550,385.50209463825144
12774,0.315,0.555,383.7187383560032
12775,0.315,0.560,381.93851970351096
12776,0.315,0.565,380.1615144244039
12777,0.315,0.570,378.3877979564928
12778,0.315,0.575,376.617445410533
12779,0.315,0.580,374.85053154902783
12780,0.315,0.585,373.0871307650867
12781,0.315,0.590,371.32731706135473
12782,0.315,0.595,369.57116402902585
12783,0.315,0.600,367.81874482695764
12784,0.315,0.605,366.0701321609012
12785,0.315,0.610,364.3253982628615
12786,0.315,0.615,362.5846148706032
12787,0.315,0.620,360.8478532073183
12788,0.315,0.625,359.115183961468
12789,0.315,0.630,357.3866772668163
12790,0.315,0.635,355.66240268266904
12791,0.315,0.640,353.9424291743325
12792,0.315,0.645,352.22682509380786
12793,0.315,0.650,350.51565816073327
12794,0.315,0.655,348.80899544359136
12795,0.315,0.660,347.10690334119226
12796,0.315,0.665,345.4094475644492
12797,0.315,0.670,343.71669311845795
12798,0.315,0.675,342.0287042848952
12799,0.315,0.680,340.34554460474743
12800,0.315,0.685,338.6672768613838
12801,0.315,0.690,336.9939630639854
12802,0.315,0.695,335.32566443134215
12803,0.315,0.700,333.6624413760309
12804,0.315,0.705,332.00435348898327
12805,0.315,0.710,330.35145952445714
12806,0.315,0.715,328.7038173854205
12807,0.315,0.720,327.0614841093572
12808,0.315,0.725,325.4245158545075
12809,0.315,0.730,323.79296788654835
12810,0.315,0.735,322.1668945657257
12811,0.315,0.740,320.5463493344454
12812,0.315,0.745,318.9313847053305
12813,0.315,0.750,317.32205224975394
12814,0.315,0.755,315.71840258685097
12815,0.315,0.760,314.1204853730197
12816,0.315,0.765,312.5283492919148
12817,0.315,0.770,310.94204204493985
12818,0.315,0.775,309.3616103422424
12819,0.315,0.780,307.78709989421725
12820,0.315,0.785,306.218555403521
12821,0.315,0.790,304.65602055760013
12822,0.315,0.795,303.0995380217375
12823,0.315,0.800,301.5491494326166
12824,0.315,0.805,300.00489539240795
12825,0.315,0.810,298.46681546337544
12826,0.315,0.815,296.93494816300654
12827,0.315,0.820,295.40933095966375
12828,0.315,0.825,293.89000026875726
12829,0.315,0.830,292.3769914494389
12830,0.315,0.835,290.87033880181366
12831,0.315,0.840,289.3700755646691
12832,0.315,0.845,287.87623391371744
12833,0.315,0.850,286.38884496034933
12834,0.315,0.855,284.9079387508941
12835,0.315,0.860,283.43354426638336
12836,0.315,0.865,281.965689422813
12837,0.315,0.870,280.5044010718983
12838,0.315,0.875,279.0497050023172
12839,0.315,0.880,277.60162594143526
12840,0.315,0.885,276.1601875575066
12841,0.315,0.890,274.7254124623435
12842,0.315,0.895,273.29732221444766
12843,0.315,0.900,271.875937322596
12844,0.315,0.905,270.4612772498728
12845,0.315,0.910,269.05336041814
12846,0.315,0.915,267.6522042129373
12847,0.315,0.920,266.257824988803
12848,0.315,0.925,264.8702380750067
12849,0.315,0.930,263.48945778168434
12850,0.315,0.935,262.115497406366
12851,0.315,0.940,260.748369240886
12852,0.315,0.945,259.3880845786666
12853,0.315,0.950,258.03465372236303
12854,0.315,0.955,256.68808599186104
12855,0.315,0.960,255.34838973261512
12856,0.315,0.965,254.0155723243169
12857,0.315,0.970,252.6896401898837
12858,0.315,0.975,251.37059880475388
12859,0.315,0.980,250.05845270648038
12860,0.315,0.985,248.75320550460893
12861,0.315,0.990,247.45485989083136
12862,0.315,0.995,246.163417649401
12863,0.315,1.000,244.87887966780033
12864,0.320,0.000,582.6858321050081
12865,0.320,0.005,580.9694133953432
12866,0.320,0.010,579.2495429692384
12867,0.320,0.015,577.5262487846031
12868,0.320,0.020,575.7995594217068
12869,0.320,0.025,574.0695040878275
12870,0.320,0.030,572.3361126218028
12871,0.320,0.035,570.5994154984808
12872,0.320,0.040,568.859443833063
12873,0.320,0.045,567.1162293853382
12874,0.320,0.050,565.3698045637989
12875,0.320,0.055,563.6202024296388
12876,0.320,0.060,561.867456700624
12877,0.320,0.065,560.1116017548347
12878,0.320,0.070,558.3526726342704
12879,0.320,0.075,556.5907050483163
12880,0.320,0.080,554.8257353770622
12881,0.320,0.085,553.0578006744732
12882,0.320,0.090,551.2869386714024
12883,0.320,0.095,549.5131877784427
12884,0.320,0.100,547.736587088614
12885,0.320,0.105,545.9571763798758
12886,0.320,0.110,544.174996117465
12887,0.320,0.115,542.3900874560493
12888,0.320,0.120,540.6024922416938
12889,0.320,0.125,538.8122530136333
12890,0.320,0.130,537.0194130058452
12891,0.320,0.135,535.2240161484203
12892,0.320,0.140,533.4261070687191
12893,0.320,0.145,531.6257310923177
12894,0.320,0.150,529.8229342437279
12895,0.320,0.155,528.0177632468948
12896,0.320,0.160,526.2102655254592
12897,0.320,0.165,524.4004892027838
12898,0.320,0.170,522.5884831017371
12899,0.320,0.175,520.7742967442266
12900,0.320,0.180,518.957980350481
12901,0.320,0.185,517.1395848380703
12902,0.320,0.190,515.3191618206639
12903,0.320,0.195,513.4967636065178
12904,0.320,0.200,511.6724431966857
12905,0.320,0.205,509.84625428295266
12906,0.320,0.210,508.0182512454814
12907,0.320,0.215,506.18848915016935
12908,0.320,0.220,504.3570237457106
12909,0.320,0.225,502.52391146035865
12910,0.320,0.230,500.68920939838364
12911,0.320,0.235,498.85297533622196
12912,0.320,0.240,497.0152677183111
12913,0.320,0.245,495.176145652608
12914,0.320,0.250,493.3356689057849
12915,0.320,0.255,491.49389789809993
12916,0.320,0.260,489.6508936979365
12917,0.320,0.265,487.806718016012
12918,0.320,0.270,485.96143319924647
12919,0.320,0.275,484.1151022242939
12920,0.320,0.280,482.26778869072797
12921,0.320,0.285,480.41955681388276
12922,0.320,0.290,478.5704714173442
12923,0.320,0.295,476.72059792508975
12924,0.320,0.300,474.87000235327395
12925,0.320,0.305,473.01875130165973
12926,0.320,0.310,471.16691194468956
12927,0.320,0.315,469.31455202219985
12928,0.320,0.320,467.4617398297733
12929,0.320,0.325,465.6085442087304
12930,0.320,0.330,463.75503453575857
12931,0.320,0.335,461.9012807121791
12932,0.320,0.340,460.04735315285
12933,0.320,0.345,458.19332277470863
12934,0.320,0.350,456.3392609849489
12935,0.320,0.355,454.4852396688406
12936,0.320,0.360,452.6313311771857
12937,0.320,0.365,450.7776083134173
12938,0.320,0.370,448.9241443203415
12939,0.320,0.375,447.0710128665238
12940,0.320,0.380,445.2182880323237
12941,0.320,0.385,443.3660442955797
12942,0.320,0.390,441.51435651694777
12943,0.320,0.395,439.66329992489744
12944,0.320,0.400,437.8129501003689
12945,0.320,0.405,435.9633829610957
12946,0.320,0.410,434.1146747455985
12947,0.320,0.415,432.2669019968526
12948,0.320,0.420,430.4201415456384
12949,0.320,0.425,428.57447049357677
12950,0.320,0.430,426.7299661958594
12951,0.320,0.435,424.8867062436768
12952,0.320,0.440,423.0447684463554
12953,0.320,0.445,421.20423081320604
12954,0.320,0.450,419.36517153509783
12955,0.320,0.455,417.5276689657591
12956,0.320,0.460,415.69180160282014
12957,0.320,0.465,413.8576480686013
12958,0.320,0.470,412.02528709066024
12959,0.320,0.475,410.1947974821052
12960,0.320,0.480,408.36625812168603
12961,0.320,0.485,406.53974793367223
12962,0.320,0.490,404.7153458675299
12963,0.320,0.495,402.89313087740885
12964,0.320,0.500,401.07318190144963
12965,0.320,0.505,399.25557784092473
12966,0.320,0.510,397.44039753922544
12967,0.320,0.515,395.62771976070485
12968,0.320,0.520,393.8176231693936
12969,0.320,0.525,392.010186307598
12970,0.320,0.530,390.20548757439576
12971,0.320,0.535,388.4036052040424
12972,0.320,0.540,386.6046172443032
12973,0.320,0.545,384.80860153472287
12974,0.320,0.550,383.0156356848494
12975,0.320,0.555,381.2257970524258
12976,0.320,0.560,379.4391627215635
12977,0.320,0.565,377.65580948091537
12978,0.320,0.570,375.8758138018594
12979,0.320,0.575,374.09925181671196
12980,0.320,0.580,372.3261992969837
12981,0.320,0.585,370.5567316316945
12982,0.320,0.590,368.7909238057632
12983,0.320,0.595,367.02885037848716
12984,0.320,0.600,365.2705854621277
12985,0.320,0.605,363.51620270061693
12986,0.320,0.610,361.7657752484021
12987,0.320,0.615,360.0193757494423
12988,0.320,0.620,358.2770763163744
12989,0.320,0.625,356.5389485098623
12990,0.320,0.630,354.8050633181462
12991,0.320,0.635,353.0754911368073
12992,0.320,0.640,351.3503017487613
12993,0.320,0.645,349.6295643044993
12994,0.320,0.650,347.91334730258694
12995,0.320,0.655,346.20171857044033
12996,0.320,0.660,344.49474524539005
12997,0.320,0.665,342.79249375605053
12998,0.320,0.670,341.09502980400583
12999,0.320,0.675,339.4024183458284
13000,0.320,0.680,337.7147235754423
13001,0.320,0.685,336.0320089068446
13002,0.320,0.690,334.35433695719877
13003,0.320,0.695,332.68176953031065
13004,0.320,0.700,331.0143676005005
13005,0.320,0.705,329.35219129688284
13006,0.320,0.710,327.6952998880641
13007,0.320,0.715,326.0437517672704
13008,0.320,0.720,324.3976044379156
13009,0.320,0.725,322.756914499618
13010,0.320,0.730,321.121737634678
13011,0.320,0.735,319.492128595023
13012,0.320,0.740,317.8681411896299
13013,0.320,0.745,316.24982827243264
13014,0.320,0.750,314.6372417307214
13015,0.320,0.755,313.03043247404275
13016,0.320,0.760,311.42945042360384
13017,0.320,0.765,309.8343445021903
13018,0.320,0.770,308.24516262459946
13019,0.320,0.775,306.6619516885973
13020,0.320,0.780,305.0847575663999
13021,0.320,0.785,303.5136250966862
13022,0.320,0.790,301.94859807714244
13023,0.320,0.795,300.38971925754333
13024,0.320,0.800,298.8370303333697
13025,0.320,0.805,297.2905719399656
13026,0.320,0.810,295.7503836472349
13027,0.320,0.815,294.2165039548782
13028,0.320,0.820,292.68897028816883
13029,0.320,0.825,291.16781899426866
13030,0.320,0.830,289.6530853390808
13031,0.320,0.835,288.14480350463805
13032,0.320,0.840,286.6430065870245
13033,0.320,0.845,285.1477265948276
13034,0.320,0.850,283.6589944481163
13035,0.320,0.855,282.17683997794273
13036,0.320,0.860,280.70129192636125
13037,0.320,0.865,279.2323779469609
13038,0.320,0.870,277.7701246059063
13039,0.320,0.875,276.31455738347915
13040,0.320,0.880,274.86570067611626
13041,0.320,0.885,273.423577798936
13042,0.320,0.890,271.9882109887457
13043,0.320,0.895,270.5596214075238
13044,0.320,0.900,269.13782914636744
13045,0.320,0.905,267.7228532298973
13046,0.320,0.910,266.31471162111205
13047,0.320,0.915,264.9134212266819
13048,0.320,0.920,263.5189979026732
13049,0.320,0.925,262.13145646069336
13050,0.320,0.930,260.7508106744467
13051,0.320,0.935,259.37707328669137
13052,0.320,0.940,258.01025601658614
13053,0.320,0.945,256.6503695674169
13054,0.320,0.950,255.29742363469154
13055,0.320,0.955,253.95142691459333
13056,0.320,0.960,252.61238711277954
13057,0.320,0.965,251.28031095351596
13058,0.320,0.970,249.95520418913446
13059,0.320,0.975,248.6370716098027
13060,0.320,0.980,247.32591705359377
13061,0.320,0.985,246.02174341684417
13062,0.320,0.990,244.72455266478815
13063,0.320,0.995,243.43434584245696
13064,0.320,1.000,242.15112308583
13065,0.325,0.000,581.0675068213379
13066,0.325,0.005,579.3432994050225
13067,0.325,0.010,577.6156133597178
13068,0.325,0.015,575.8844769376952
13069,0.325,0.020,574.1499190234256
13070,0.325,0.025,572.4119691383576
13071,0.325,0.030,570.6706574455993
13072,0.325,0.035,568.9260147544959
13073,0.325,0.040,567.1780725251006
13074,0.325,0.045,565.4268628725334
13075,0.325,0.050,563.6724185712233
13076,0.325,0.055,561.9147730590265
13077,0.325,0.060,560.1539604412199
13078,0.325,0.065,558.3900154943609
13079,0.325,0.070,556.6229736700108
13080,0.325,0.075,554.852871098315
13081,0.325,0.080,553.0797445914352
13082,0.325,0.085,551.3036316468299
13083,0.325,0.090,549.5245704503747
13084,0.325,0.095,547.7425998793198
13085,0.325,0.100,545.9577595050774
13086,0.325,0.105,544.1700895958351
13087,0.325,0.110,542.3796311189876
13088,0.325,0.115,540.5864257433839
13089,0.325,0.120,538.7905158413812
13090,0.325,0.125,536.9919444907026
13091,0.325,0.130,535.1907554760925
13092,0.325,0.135,533.3869932907604
13093,0.325,0.140,531.5807031376149
13094,0.325,0.145,529.7719309302729
13095,0.325,0.150,527.9607232938475
13096,0.325,0.155,526.1471275655005
13097,0.325,0.160,524.3311917947606
13098,0.325,0.165,522.512964743598
13099,0.325,0.170,520.6924958862503
13100,0.325,0.175,518.8698354087936
13101,0.325,0.180,517.0450342084563
13102,0.325,0.185,515.2181438926649
13103,0.325,0.190,513.3892167778214
13104,0.325,0.195,511.55830588780225
13105,0.325,0.200,509.7254649521786
13106,0.325,0.205,507.8907484041469
13107,0.325,0.210,506.0542113781692
13108,0.325,0.215,504.2159097073151
13109,0.325,0.220,502.37589992030234
13110,0.325,0.225,500.5342392382289
13111,0.325,0.230,498.69098557099426
13112,0.325,0.235,496.84619751340267
13113,0.325,0.240,494.9999343409453
13114,0.325,0.245,493.15225600525633
13115,0.325,0.250,491.303223129239
13116,0.325,0.255,489.45289700185594
13117,0.325,0.260,487.60133957258324
13118,0.325,0.265,485.7486134455192
13119,0.325,0.270,483.8947818731489
13120,0.325,0.275,482.03990874975887
13121,0.325,0.280,480.18405860449826
13122,0.325,0.285,478.3272965940845
13123,0.325,0.290,476.46968849514974
13124,0.325,0.295,474.61130069622635
13125,0.325,0.300,472.7522001893674
13126,0.325,0.305,470.89245456140236
13127,0.325,0.310,469.03213198482376
13128,0.325,0.315,467.1713012083047
13129,0.325,0.320,465.3100315468446
13130,0.325,0.325,463.44839287154406
13131,0.325,0.330,461.5864555990051
13132,0.325,0.335,459.7242906803596
13133,0.325,0.340,457.86196958992235
13134,0.325,0.345,455.99956431347186
13135,0.325,0.350,454.1371473361572
13136,0.325,0.355,452.27479163003306
13137,0.325,0.360,450.4125706412221
13138,0.325,0.365,448.5505582767098
13139,0.325,0.370,446.6888288907687
13140,0.325,0.375,444.82745727101883
13141,0.325,0.380,442.9665186241231
13142,0.325,0.385,441.10608856112344
13143,0.325,0.390,439.2462430824191
13144,0.325,0.395,437.3870585623915
13145,0.325,0.400,435.52861173367967
13146,0.325,0.405,433.67097967111107
13147,0.325,0.410,431.8142397752914
13148,0.325,0.415,429.9584697558597
13149,0.325,0.420,428.10374761441506
13150,0.325,0.425,426.25015162711867
13151,0.325,0.430,424.39776032698023
13152,0.325,0.435,422.54665248583365
13153,0.325,0.440,420.69690709601105
13154,0.325,0.445,418.8486033517206
13155,0.325,0.450,417.00182063013875
13156,0.325,0.455,415.15663847222294
13157,0.325,0.460,413.3131365632561
13158,0.325,0.465,411.4713947131298
13159,0.325,0.470,409.6314928363782
13160,0.325,0.475,407.79351093197045
13161,0.325,0.480,405.95752906287424
13162,0.325,0.485,404.12362733539976
13163,0.325,0.490,402.29188587833636
13164,0.325,0.495,400.4623848218928
13165,0.325,0.500,398.6352042764534
13166,0.325,0.505,396.8104243111625
13167,0.325,0.510,394.9881249323499
13168,0.325,0.515,393.1683860618096
13169,0.325,0.520,391.3512875149462
13170,0.325,0.525,389.53690897880216
13171,0.325,0.530,387.72532998997906
13172,0.325,0.535,385.91662991246835
13173,0.325,0.540,384.11088791540556
13174,0.325,0.545,382.30818295076193
13175,0.325,0.550,380.50859373098956
13176,0.325,0.555,378.71219870663447
13177,0.325,0.560,376.91907604393356
13178,0.325,0.565,375.12930360241
13179,0.325,0.570,373.3429589124842
13180,0.325,0.575,371.5601191531149
13181,0.325,0.580,369.7808611294869
13182,0.325,0.585,368.0052612507619
13183,0.325,0.590,366.23339550790826
13184,0.325,0.595,364.46533945162554
13185,0.325,0.600,362.70116817038064
13186,0.325,0.605,360.94095626857245
13187,0.325,0.610,359.1847778448392
13188,0.325,0.615,357.4327064705279
13189,0.325,0.620,355.68481516833884
13190,0.325,0.625,353.9411763911642
13191,0.325,0.630,352.2018620011348
13192,0.325,0.635,350.46694324889194
13193,0.325,0.640,348.7364907531004
13194,0.325,0.645,347.01057448021726
13195,0.325,0.650,345.28926372453327
13196,0.325,0.655,343.57262708850106
13197,0.325,0.660,341.86073246336554
13198,0.325,0.665,340.1536470101121
13199,0.325,0.670,338.45143714074595
13200,0.325,0.675,336.7541684999175
13201,0.325,0.680,335.061905946908
13202,0.325,0.685,333.374713537988
13203,0.325,0.690,331.6926545091634
13204,0.325,0.695,330.01579125932085
13205,0.325,0.700,328.34418533378465
13206,0.325,0.705,326.67789740829915
13207,0.325,0.710,325.01698727344564
13208,0.325,0.715,323.3615138195075
13209,0.325,0.720,321.7115350217925
13210,0.325,0.725,320.0671079264228
13211,0.325,0.730,318.4282886366038
13212,0.325,0.735,316.79513229937913
13213,0.325,0.740,315.1676930928816
13214,0.325,0.745,313.54602421408885
13215,0.325,0.750,311.93017786708907
13216,0.325,0.755,310.32020525186755
13217,0.325,0.760,308.7161565536164
13218,0.325,0.765,307.1180809325771
13219,0.325,0.770,305.52602651441896
13220,0.325,0.775,303.94004038115895
13221,0.325,0.780,302.3601685626275
13222,0.325,0.785,300.78645602848354
13223,0.325,0.790,299.21894668078164
13224,0.325,0.795,297.6576833470942
13225,0.325,0.800,296.10270777419026
13226,0.325,0.805,294.5540606222718
13227,0.325,0.810,293.0117814597694
13228,0.325,0.815,291.4759087586954
13229,0.325,0.820,289.94647989055665
13230,0.325,0.825,288.4235311228225
13231,0.325,0.830,286.9070976159504
13232,0.325,0.835,285.3972134209622
13233,0.325,0.840,283.8939114775732
13234,0.325,0.845,282.3972236128665
13235,0.325,0.850,280.90718054051166
13236,0.325,0.855,279.4238118605218
13237,0.325,0.860,277.9471460595444
13238,0.325,0.865,276.47721051168105
13239,0.325,0.870,275.01403147982995
13240,0.325,0.875,273.5576341175437
13241,0.325,0.880,272.10804247139816
13242,0.325,0.885,270.66527948386175
13243,0.325,0.890,269.22936699666053
13244,0.325,0.895,267.80032575462906
13245,0.325,0.900,266.3781754100392
13246,0.325,0.905,264.9629345273979
13247,0.325,0.910,263.5546205887048
13248,0.325,0.915,262.1532499991598
13249,0.325,0.920,260.7588380933114
13250,0.325,0.925,259.37139914163396
13251,0.325,0.930,257.99094635752607
13252,0.325,0.935,256.61749190471613
13253,0.325,0.940,255.25104690506674
13254,0.325,0.945,253.89162144676553
13255,0.325,0.950,252.53922459289032
13256,0.325,0.955,251.1938643903388
13257,0.325,0.960,249.85554787910928
13258,0.325,0.965,248.52428110192085
13259,0.325,0.970,247.2000691141622
13260,0.325,0.975,245.88291599415504
13261,0.325,0.980,244.57282485372085
13262,0.325,0.985,243.2697978490385
13263,0.325,0.990,241.97383619178066
13264,0.325,0.995,240.6849401605154
13265,0.325,1.000,239.40310911236196
13266,0.330,0.000,579.4393318714888
13267,0.330,0.005,577.7072487828862
13268,0.330,0.010,575.9716595423101
13269,0.330,0.015,574.2325926981754
13270,0.330,0.020,572.4900774411456
13271,0.330,0.025,570.7441436090476
13272,0.330,0.030,568.9948216916873
13273,0.330,0.035,567.242142835561
13274,0.330,0.040,565.4861388484588
13275,0.330,0.045,563.7268422039543
13276,0.330,0.050,561.9642860457758
13277,0.330,0.055,560.1985041920534
13278,0.330,0.060,558.4295311394386
13279,0.330,0.065,556.6574020670881
13280,0.330,0.070,554.8821528405098
13281,0.330,0.075,553.1038200152635
13282,0.330,0.080,551.3224408405113
13283,0.330,0.085,549.5380532624129
13284,0.330,0.090,547.7506959273597
13285,0.330,0.095,545.9604081850423
13286,0.330,0.100,544.1672300913447
13287,0.330,0.105,542.3712024110622
13288,0.330,0.110,540.5723666204349
13289,0.330,0.115,538.7707649094903
13290,0.330,0.120,536.9664401841931
13291,0.330,0.125,535.1594360683921
13292,0.330,0.130,533.3497969055614
13293,0.330,0.135,531.5375677603269
13294,0.330,0.140,529.7227944197765
13295,0.330,0.145,527.9055233945446
13296,0.330,0.150,526.0858019196653
13297,0.330,0.155,524.2636779551908
13298,0.330,0.160,522.4392001865668
13299,0.330,0.165,520.6124180247593
13300,0.330,0.170,518.7833816061286
13301,0.330,0.175,516.9521417920423
13302,0.330,0.180,515.1187501682238
13303,0.330,0.185,513.2832590438279
13304,0.330,0.190,511.4457214502418
13305,0.330,0.195,509.60619113960047
13306,0.330,0.200,507.76472258301584
13307,0.330,0.205,505.9213709685112
13308,0.330,0.210,504.0761921986566
13309,0.330,0.215,502.22924288789943
13310,0.330,0.220,500.38058035958505
13311,0.330,0.225,498.53026264266236
13312,0.330,0.230,496.6783484680689
13313,0.330,0.235,494.8248972647921
13314,0.330,0.240,492.9699691555979
13315,0.330,0.245,491.1136249524281
13316,0.330,0.250,489.2559261514554
13317,0.330,0.255,487.3969349277975
13318,0.330,0.260,485.53671412988103
13319,0.330,0.265,483.67532727345616
13320,0.330,0.270,481.812838535253
13321,0.330,0.275,479.94931274628067
13322,0.330,0.280,478.0848153847627
13323,0.330,0.285,476.2194125687057
13324,0.330,0.290,474.3531710481005
13325,0.330,0.295,472.48615819675
13326,0.330,0.300,470.61844200372286
13327,0.330,0.305,468.7500910644312
13328,0.330,0.310,466.8811745713281
13329,0.330,0.315,465.01176230422584
13330,0.330,0.320,463.14192462023107
13331,0.330,0.325,461.271732443297
13332,0.330,0.330,459.40125725339163
13333,0.330,0.335,457.5305710752807
13334,0.330,0.340,455.6597464669258
13335,0.330,0.345,453.78885650749766
13336,0.330,0.350,451.91797478500354
13337,0.330,0.355,450.0471753835329
13338,0.330,0.360,448.1765328701177
13339,0.330,0.365,446.30612228121316
13340,0.330,0.370,444.4360191087979
13341,0.330,0.375,442.5662992860969
13342,0.330,0.380,440.6970391729295
13343,0.330,0.385,438.8283155406854
13344,0.330,0.390,436.9602055569321
13345,0.330,0.395,435.0927867696577
13346,0.330,0.400,433.2261370911524
13347,0.330,0.405,431.3603347815342
13348,0.330,0.410,429.4954584319237
13349,0.330,0.415,427.6315869472721
13350,0.330,0.420,425.76879952885065
13351,0.330,0.425,423.90717565640466
13352,0.330,0.430,422.04679506998195
13353,0.330,0.435,420.18773775143967
13354,0.330,0.440,418.33008390564066
13355,0.330,0.445,416.4739139413428
13356,0.330,0.450,414.61930845179427
13357,0.330,0.455,412.7663481950401
13358,0.330,0.460,410.915114073951
13359,0.330,0.465,409.0656871159829
13360,0.330,0.470,407.2181484526799
13361,0.330,0.475,405.3725792989263
13362,0.330,0.480,403.5290609319638
13363,0.330,0.485,401.68767467018137
13364,0.330,0.490,399.8485018516916
13365,0.330,0.495,398.0116238127042
13366,0.330,0.500,396.17712186571043
13367,0.330,0.505,394.34507727748945
13368,0.330,0.510,392.5155712469519
13369,0.330,0.515,390.68868488283204
13370,0.330,0.520,388.8644991812442
13371,0.330,0.525,387.0430950031163
13372,0.330,0.530,385.22455305151533
13373,0.330,0.535,383.40895384888006
13374,0.330,0.540,381.59637771417493
13375,0.330,0.545,379.7869047399817
13376,0.330,0.550,377.9806147695435
13377,0.330,0.555,376.17758737377653
13378,0.330,0.560,374.3779018282676
13379,0.330,0.565,372.5816370902708
13380,0.330,0.570,370.78887177572204
13381,0.330,0.575,368.9996841362863
13382,0.330,0.580,367.21415203645574
13383,0.330,0.585,365.432352930713
13384,0.330,0.590,363.6543638407804
13385,0.330,0.595,361.88026133296694
13386,0.330,0.600,360.11012149563544
13387,0.330,0.605,358.3440199168017
13388,0.330,0.610,356.58203166188633
13389,0.330,0.615,354.82423125163484
13390,0.330,0.620,353.07069264022255
13391,0.330,0.625,351.32148919356126
13392,0.330,0.630,349.5766936678253
13393,0.330,0.635,347.8363781882127
13394,0.330,0.640,346.10061422795775
13395,0.330,0.645,344.36947258761205
13396,0.330,0.650,342.6430233746099
13397,0.330,0.655,340.92133598313313
13398,0.330,0.660,339.20447907429195
13399,0.330,0.665,337.49252055663726
13400,0.330,0.670,335.7855275670184
13401,0.330,0.675,334.08356645180254
13402,0.330,0.680,332.386702748469
13403,0.330,0.685,330.6950011675931
13404,0.330,0.690,329.0085255752333
13405,0.330,0.695,327.32733897573513
13406,0.330,0.700,325.65150349496423
13407,0.330,0.705,323.98108036398116
13408,0.330,0.710,322.3161299031704
13409,0.330,0.715,320.65671150683494
13410,0.330,0.720,319.00288362826683
13411,0.330,0.725,317.3547037653055
13412,0.330,0.730,315.7122284463925
13413,0.330,0.735,314.0755132171332
13414,0.330,0.740,312.4446126273741
13415,0.330,0.745,310.8195802188034
13416,0.330,0.750,309.20046851308433
13417,0.330,0.755,307.587329000526
13418,0.330,0.760,305.9802121293013
13419,0.330,0.765,304.3791672952157
13420,0.330,0.770,302.7842428320325
13421,0.330,0.775,301.19548600236095
13422,0.330,0.780,299.6129429891099
13423,0.330,0.785,298.0366588875113
13424,0.330,0.790,296.46667769771574
13425,0.330,0.795,294.90304231796375
13426,0.330,0.800,293.34579453833305
13427,0.330,0.805,291.7949750350638
13428,0.330,0.810,290.2506233654622
13429,0.330,0.815,288.7127779633818
13430,0.330,0.820,287.1814761352823
13431,0.330,0.825,285.65675405686466
13432,0.330,0.830,284.13864677027937
13433,0.330,0.835,282.62718818190723
13434,0.330,0.840,281.1224110607073
13435,0.330,0.845,279.62434703713086
13436,0.330,0.850,278.13302660259467
13437,0.330,0.855,276.6484791095101
13438,0.330,0.860,275.17073277186296
13439,0.330,0.865,273.6998146663372
13440,0.330,0.870,272.235750733977
13441,0.330,0.875,270.7785657823799
13442,0.330,0.880,269.3282834884142
13443,0.330,0.885,267.88492640145125
13444,0.330,0.890,266.4485159471076
13445,0.330,0.895,265.0190724314844
13446,0.330,0.900,263.5966150458982
13447,0.330,0.905,262.1811618720919
13448,0.330,0.910,260.7727298879165
13449,0.330,0.915,259.37133497347446
13450,0.330,0.920,257.97699191771204
13451,0.330,0.925,256.5897144254519
13452,0.330,0.930,255.2095151248539
13453,0.330,0.935,253.83640557529287
13454,0.330,0.940,252.47039627564155
13455,0.330,0.945,251.11149667294765
13456,0.330,0.950,249.75971517149154
13457,0.330,0.955,248.41505914221418
13458,0.330,0.960,247.07753493250135
13459,0.330,0.965,245.7471478763123
13460,0.330,0.970,244.42390230464048
13461,0.330,0.975,243.10780155629251
13462,0.330,0.980,241.79884798897393
13463,0.330,0.985,240.49704299066764
13464,0.330,0.990,239.20238699129263
13465,0.330,0.995,237.9148794746299
13466,0.330,1.000,236.63451899050256
13467,0.335,0.000,577.8012055046723
13468,0.335,0.005,576.0611581693796
13469,0.335,0.010,574.3175765284637
13470,0.335,0.015,572.570489428154
13471,0.335,0.020,570.8199263671934
13472,0.335,0.025,569.0659175018941
13473,0.335,0.030,567.308493651093
13474,0.335,0.035,565.5476863010025
13475,0.335,0.040,563.7835276099513
13476,0.335,0.045,562.016050413011
13477,0.335,0.050,560.2452882265025
13478,0.335,0.055,558.4712752523766
13479,0.335,0.060,556.6940463824652
13480,0.335,0.065,554.9136372025959
13481,0.335,0.070,553.1300839965653
13482,0.335,0.075,551.3434237499667
13483,0.335,0.080,549.5536941538631
13484,0.335,0.085,547.7609336083048
13485,0.335,0.090,545.9651812256809
13486,0.335,0.095,544.1664768339039
13487,0.335,0.100,542.3648609794162
13488,0.335,0.105,540.5603749300184
13489,0.335,0.110,538.7530606775076
13490,0.335,0.115,536.9429609401254
13491,0.335,0.120,535.1301191648057
13492,0.335,0.125,533.3145795292169
13493,0.335,0.130,531.496386943595
13494,0.335,0.135,529.6755870523579
13495,0.335,0.140,527.8522262354977
13496,0.335,0.145,526.0263516097428
13497,0.335,0.150,524.1980110294862
13498,0.335,0.155,522.3672530874709
13499,0.335,0.160,520.5341271152282
13500,0.335,0.165,518.698683183263
13501,0.335,0.170,516.8609721009796
13502,0.335,0.175,515.02104541634
13503,0.335,0.180,513.1789554152533
13504,0.335,0.185,511.33475512068486
13505,0.335,0.190,509.4884982914835
13506,0.335,0.195,507.6402394209187
13507,0.335,0.200,505.7900337349227
13508,0.335,0.205,503.93793719003065
13509,0.335,0.210,502.08400647101564
13510,0.335,0.215,500.22829898821027
13511,0.335,0.220,498.3708728745109
13512,0.335,0.225,496.51178698205825
13513,0.335,0.230,494.65110087859046
13514,0.335,0.235,492.78887484346154
13515,0.335,0.240,490.9251698633221
13516,0.335,0.245,489.0600476274554
13517,0.335,0.250,487.1935705227664
13518,0.335,0.255,485.3258016284169
13519,0.335,0.260,483.4568047101042
13520,0.335,0.265,481.58664421397737
13521,0.335,0.270,479.7153852601887
13522,0.335,0.275,477.84309363607565
13523,0.335,0.280,475.96983578896874
13524,0.335,0.285,474.0956788186241
13525,0.335,0.290,472.22069046927584
13526,0.335,0.295,470.3449391213056
13527,0.335,0.300,468.4684937825263
13528,0.335,0.305,466.5914240790795
13529,0.335,0.310,464.7138002459405
13530,0.335,0.315,462.8356931170336
13531,0.335,0.320,460.95717411495195
13532,0.335,0.325,459.07831524028427
13533,0.335,0.330,457.1991890605434
13534,0.335,0.335,455.3198686987011
13535,0.335,0.340,453.4404278213228
13536,0.335,0.345,451.5609406263079
13537,0.335,0.350,449.68148183023163
13538,0.335,0.355,447.8021266552921
13539,0.335,0.360,445.9229508158612
13540,0.335,0.365,444.0440305046435
13541,0.335,0.370,442.1654423784418
13542,0.335,0.375,440.2872635435341
13543,0.335,0.380,438.4095715406633
13544,0.335,0.385,436.53244432964334
13545,0.335,0.390,434.65596027358384
13546,0.335,0.395,432.7801981227387
13547,0.335,0.400,430.9052369979821
13548,0.335,0.405,429.0311563739167
13549,0.335,0.410,427.1580360616185
13550,0.335,0.415,425.28595619102526
13551,0.335,0.420,423.4149971929729
13552,0.335,0.425,421.545239780888
13553,0.335,0.430,419.67676493214117
13554,0.335,0.435,417.8096538690708
13555,0.335,0.440,415.94398803968346
13556,0.335,0.445,414.0798490980387
13557,0.335,0.450,412.2173188843298
13558,0.335,0.455,410.3564794046654
13559,0.335,0.460,408.4974128105651
13560,0.335,0.465,406.6402013781765
13561,0.335,0.470,404.7849274872265
13562,0.335,0.475,402.9316735997143
13563,0.335,0.480,401.0805222383618
13564,0.335,0.485,399.2315559648287
13565,0.335,0.490,397.38485735770735
13566,0.335,0.495,395.5405089903089
13567,0.335,0.500,393.698593408253
13568,0.335,0.505,391.85919310687535
13569,0.335,0.510,390.0223905084666
13570,0.335,0.515,388.1882679393554
13571,0.335,0.520,386.35690760685213
13572,0.335,0.525,384.52839157606576
13573,0.335,0.530,382.7028017466105
13574,0.335,0.535,380.8802198292164
13575,0.335,0.540,379.06072732226113
13576,0.335,0.545,377.24440548823634
13577,0.335,0.550,375.43133533016754
13578,0.335,0.555,373.6215975680015
13579,0.335,0.560,371.8152726149801
13580,0.335,0.565,370.01244055401463
13581,0.335,0.570,368.2131811140808
13582,0.335,0.575,366.4175736466482
13583,0.335,0.580,364.6256971021655
13584,0.335,0.585,362.83763000661384
13585,0.335,0.590,361.0534504381511
13586,0.335,0.595,359.2732360038606
13587,0.335,0.600,357.4970638166242
13588,0.335,0.605,355.72501047213655
13589,0.335,0.610,353.95715202607795
13590,0.335,0.615,352.1935639714642
13591,0.335,0.620,350.4343212161903
13592,0.335,0.625,348.67949806078576
13593,0.335,0.630,346.92916817639923
13594,0.335,0.635,345.18340458302896
13595,0.335,0.640,343.44227962801676
13596,0.335,0.645,341.7058649648226
13597,0.335,0.650,339.97423153209564
13598,0.335,0.655,338.24744953305924
13599,0.335,0.660,336.5255884152256
13600,0.335,0.665,334.8087168504558
13601,0.335,0.670,333.09690271538193
13602,0.335,0.675,331.3902130722048
13603,0.335,0.680,329.6887141498845
13604,0.335,0.685,327.99247132573646
13605,0.335,0.690,326.30154910744807
13606,0.335,0.695,324.6160111155298
13607,0.335,0.700,322.9359200662137
13608,0.335,0.705,321.26133775481253
13609,0.335,0.710,319.59232503955144
13610,0.335,0.715,317.92894182588475
13611,0.335,0.720,316.27124705130893
13612,0.335,0.725,314.61929867068227
13613,0.335,0.730,312.97315364206224
13614,0.335,0.735,311.3328679130694
13615,0.335,0.740,309.6984964077881
13616,0.335,0.745,308.07009301421164
13617,0.335,0.750,306.4477105722404
13618,0.335,0.755,304.8314008622394
13619,0.335,0.760,303.22121459416377
13620,0.335,0.765,301.61720139725657
13621,0.335,0.770,300.01940981032453
13622,0.335,0.775,298.4278872725979
13623,0.335,0.780,296.8426801151772
13624,0.335,0.785,295.26383355307087
13625,0.335,0.790,293.691391677827
13626,0.335,0.795,292.1253974507605
13627,0.335,0.800,290.5658926967782
13628,0.335,0.805,289.0129180988025
13629,0.335,0.810,287.4665131927936
13630,0.335,0.815,285.9267163633698
13631,0.335,0.820,284.3935648400255
13632,0.335,0.825,282.86709469394464
13633,0.335,0.830,281.3473408354079
13634,0.335,0.835,279.8343370117898
13635,0.335,0.840,278.3281158061433
13636,0.335,0.845,276.82870863636697
13637,0.335,0.850,275.33614575495113
13638,0.335,0.855,273.85045624929575
13639,0.335,0.860,272.3716680425968
13640,0.335,0.865,270.89980789529267
13641,0.335,0.870,269.43490140706507
13642,0.335,0.875,267.97697301938643
13643,0.335,0.880,266.5260460186059
13644,0.335,0.885,265.08214253956584
13645,0.335,0.890,263.6452835697407
13646,0.335,0.895,262.2154889538869
13647,0.335,0.900,260.79277739919706
13648,0.335,0.905,259.3771664809456
13649,0.335,0.910,257.96867264861777
13650,0.335,0.915,256.5673112325094
13651,0.335,0.920,255.17309645078777
13652,0.335,0.925,253.78604141700083
13653,0.335,0.930,252.4061581480245
13654,0.335,0.935,251.0334575724342
13655,0.335,0.940,249.66794953929076
13656,0.335,0.945,248.30964282732572
13657,0.335,0.950,246.95854515451546
13658,0.335,0.955,245.61466318802994
13659,0.335,0.960,244.2780025545436
13660,0.335,0.965,242.94856785089524
13661,0.335,0.970,241.62636265508345
13662,0.335,0.975,240.31138953758426
13663,0.335,0.980,239.00365007297773
13664,0.335,0.985,237.70314485186958
13665,0.335,0.990,236.4098734930948
13666,0.335,0.995,235.12383465618896
13667,0.335,1.000,233.84502605411467
13668,0.340,0.000,576.1530249856365
13669,0.340,0.005,574.4049231828886
13670,0.340,0.010,572.6532582691844
13671,0.340,0.015,570.8980593901184
13672,0.340,0.020,569.1393563542837
13673,0.340,0.025,567.3771796384746
13674,0.340,0.030,565.6115603927869
13675,0.340,0.035,563.8425304456148
13676,0.340,0.040,562.0701223085341
13677,0.340,0.045,560.2943691810718
13678,0.340,0.050,558.5153049553533
13679,0.340,0.055,556.7329642206225
13680,0.340,0.060,554.9473822676312
13681,0.340,0.065,553.1585950928892
13682,0.340,0.070,551.3666394027722
13683,0.340,0.075,549.5715526174807
13684,0.340,0.080,547.7733728748439
13685,0.340,0.085,545.9721390339628
13686,0.340,0.090,544.1678906786887
13687,0.340,0.095,542.3606681209267
13688,0.340,0.100,540.5505124037644
13689,0.340,0.105,538.7374653044124
13690,0.340,0.110,536.9215693369582
13691,0.340,0.115,535.1028677549211
13692,0.340,0.120,533.2814045536056
13693,0.340,0.125,531.4572244722458
13694,0.340,0.130,529.6303729959344
13695,0.340,0.135,527.8008963573308
13696,0.340,0.140,525.9688415381413
13697,0.340,0.145,524.1342562703657
13698,0.340,0.150,522.2971890373029
13699,0.340,0.155,520.4576890743117
13700,0.340,0.160,518.6158063693161
13701,0.340,0.165,516.7715916630541
13702,0.340,0.170,514.9250964490597
13703,0.340,0.175,513.0763729733729
13704,0.340,0.180,511.2254742339733
13705,0.340,0.185,509.3724539799277
13706,0.340,0.190,507.51736671024895
13707,0.340,0.195,505.66026767245745
13708,0.340,0.200,503.80121286084074
13709,0.340,0.205,501.94025901440443
13710,0.340,0.210,500.07746361450893
13711,0.340,0.215,498.21288488218613
13712,0.340,0.220,496.34658177513006
13713,0.340,0.225,494.4786139843559
13714,0.340,0.230,492.60904193052295
13715,0.340,0.235,490.7379267599138
13716,0.340,0.240,488.8653303400674
13717,0.340,0.245,486.9913152550577
13718,0.340,0.250,485.1159448004168
13719,0.340,0.255,483.23928297769305
13720,0.340,0.260,481.361394488644
13721,0.340,0.265,479.48234472905705
13722,0.340,0.270,477.60219978219413
13723,0.340,0.275,475.7210264118563
13724,0.340,0.280,473.8388920550657
13725,0.340,0.285,471.9558648143581
13726,0.340,0.290,470.0720134496871
13727,0.340,0.295,468.18740736993254
13728,0.340,0.300,466.3021166240128
13729,0.340,0.305,464.41621189159804
13730,0.340,0.310,462.529764473421
13731,0.340,0.315,460.6428462811845
13732,0.340,0.320,458.75552982706296
13733,0.340,0.325,456.8678882127975
13734,0.340,0.330,454.9799951183823
13735,0.340,0.335,453.09192479034255
13736,0.340,0.340,451.20375202960224
13737,0.340,0.345,449.3155521789436
13738,0.340,0.350,447.4274011100564
13739,0.340,0.355,445.5393752101791
13740,0.340,0.360,443.651551368332
13741,0.340,0.365,441.7640069611446
13742,0.340,0.370,439.87681983827895
13743,0.340,0.375,437.9900683074492
13744,0.340,0.380,436.1038311190434
13745,0.340,0.385,434.2181874503479
13746,0.340,0.390,432.33321688937815
13747,0.340,0.395,430.44899941832153
13748,0.340,0.400,428.56561539659396
13749,0.340,0.405,426.68314554351707
13750,0.340,0.410,424.8016709206209
13751,0.340,0.415,422.92127291357616
13752,0.340,0.420,421.0420332137646
13753,0.340,0.425,419.16403379949236
13754,0.340,0.430,417.2873569168541
13755,0.340,0.435,415.41208506025475
13756,0.340,0.440,413.5383009525984
13757,0.340,0.445,411.6660875251506
13758,0.340,0.450,409.79552789708526
13759,0.340,0.455,407.9267053547234
13760,0.340,0.460,406.059703330476
13761,0.340,0.465,404.1946053814981
13762,0.340,0.470,402.3314951680692
13763,0.340,0.475,400.47045643170566
13764,0.340,0.480,398.61157297302356
13765,0.340,0.485,396.754928629357
13766,0.340,0.490,394.90060725214994
13767,0.340,0.495,393.0486926841317
13768,0.340,0.500,391.1992687362904
13769,0.340,0.505,389.35241916465776
13770,0.340,0.510,387.50822764692
13771,0.340,0.515,385.6667777588686
13772,0.340,0.520,383.8281529507066
13773,0.340,0.525,381.99243652322536
13774,0.340,0.530,380.15971160386755
13775,0.340,0.535,378.33006112269163
13776,0.340,0.540,376.5035677882556
13777,0.340,0.545,374.68031406343505
13778,0.340,0.550,372.8603821411926
13779,0.340,0.555,371.04385392031696
13780,0.340,0.560,369.23081098114744
13781,0.340,0.565,367.4213345613016
13782,0.340,0.570,365.6155055314256
13783,0.340,0.575,363.8134043709817
13784,0.340,0.580,362.01511114409465
13785,0.340,0.585,360.22070547547236
13786,0.340,0.590,358.4302665264204
13787,0.340,0.595,356.6438729709677
13788,0.340,0.600,354.8616029721236
13789,0.340,0.605,353.08353415828225
13790,0.340,0.610,351.3097435997941
13791,0.340,0.615,349.54030778572337
13792,0.340,0.620,347.7753026008081
13793,0.340,0.625,346.0148033026422
13794,0.340,0.630,344.2588844990975
13795,0.340,0.635,342.5076201260036
13796,0.340,0.640,340.7610834251023
13797,0.340,0.645,339.01934692229656
13798,0.340,0.650,337.28248240620934
13799,0.340,0.655,335.5505609070691
13800,0.340,0.660,333.823652675942
13801,0.340,0.665,332.10182716432297
13802,0.340,0.670,330.38515300410535
13803,0.340,0.675,328.67369798794374
13804,0.340,0.680,326.96752905002484
13805,0.340,0.685,325.266712247263
13806,0.340,0.690,323.57131274093405
13807,0.340,0.695,321.8813947787618
13808,0.340,0.700,320.1970216774713
13809,0.340,0.705,318.5182558058228
13810,0.340,0.710,316.8451585681368
13811,0.340,0.715,315.1777903883265
13812,0.340,0.720,313.5162106944447
13813,0.340,0.725,311.8604779037605
13814,0.340,0.730,310.2106494083735
13815,0.340,0.735,308.5667815613771
13816,0.340,0.740,306.9289296635792
13817,0.340,0.745,305.2971479507905
13818,0.340,0.750,303.6714895816865
13819,0.340,0.755,302.052006626253
13820,0.340,0.760,300.4387500548196
13821,0.340,0.765,298.83176972768945
13822,0.340,0.770,297.23111438536904
13823,0.340,0.775,295.6368316394041
13824,0.340,0.780,294.048967963825
13825,0.340,0.785,292.46756868720547
13826,0.340,0.790,290.89267798533706
13827,0.340,0.795,289.32433887452146
13828,0.340,0.800,287.76259320548314
13829,0.340,0.805,286.2074816579009
13830,0.340,0.810,284.6590437355602
13831,0.340,0.815,283.117317762125
13832,0.340,0.820,281.582340877528
13833,0.340,0.825,280.054149034976
13834,0.340,0.830,278.5327769985706
13835,0.340,0.835,277.01825834153783
13836,0.340,0.840,275.51062544506453
13837,0.340,0.845,274.0099094977371
13838,0.340,0.850,272.5161404955768
13839,0.340,0.855,271.02934724266584
13840,0.340,0.860,269.5495573523587
13841,0.340,0.865,268.0767972490712
13842,0.340,0.870,266.61109217063995
13843,0.340,0.875,265.152466171245
13844,0.340,0.880,263.7009421248858
13845,0.340,0.885,262.2565417294031
13846,0.340,0.890,260.81928551103687
13847,0.340,0.895,259.3891928295093
13848,0.340,0.900,257.9662818836247
13849,0.340,0.905,256.55056971737383
13850,0.340,0.910,255.1420722265323
13851,0.340,0.915,253.74080416574182
13852,0.340,0.920,252.3467791560623
13853,0.340,0.925,250.9600096929822
13854,0.340,0.930,249.580507154876
13855,0.340,0.935,248.2082818118948
13856,0.340,0.940,246.84334283527792
13857,0.340,0.945,245.4856983070723
13858,0.340,0.950,244.13535523024626
13859,0.340,0.955,242.7923195391837
13860,0.340,0.960,241.45659611054595
13861,0.340,0.965,240.12818877448657
13862,0.340,0.970,238.80710032620604
13863,0.340,0.975,237.4933325378312
13864,0.340,0.980,236.1868861706065
13865,0.340,0.985,234.88776098738228
13866,0.340,0.990,233.59595576538592
13867,0.340,0.995,232.31146830926193
13868,0.340,1.000,231.03429546436672
13869,0.345,0.000,574.4946866144994
13870,0.345,0.005,572.7384384386987
13871,0.345,0.010,570.9785976730863
13872,0.345,0.015,569.2151937640404
13873,0.345,0.020,567.448256831649
13874,0.345,0.025,565.6778176750631
13875,0.345,0.030,563.9039077777502
13876,0.345,0.035,562.1265593126407
13877,0.345,0.040,560.3458051471616
13878,0.345,0.045,558.5616788481549
13879,0.345,0.050,556.7742146866703
13880,0.345,0.055,554.9834476426336
13881,0.345,0.060,553.1894134093773
13882,0.345,0.065,551.3921483980354
13883,0.345,0.070,549.5916897417898
13884,0.345,0.075,547.7880752999687
13885,0.345,0.080,545.9813436619855
13886,0.345,0.085,544.171534151117
13887,0.345,0.090,542.3586868281108
13888,0.345,0.095,540.542842494618
13889,0.345,0.100,538.7240426964471
13890,0.345,0.105,536.9023297266266
13891,0.345,0.110,535.0777466282769
13892,0.345,0.115,533.2503371972812
13893,0.345,0.120,531.4201459847494
13894,0.345,0.125,529.587218299271
13895,0.345,0.130,527.7516002089459
13896,0.345,0.135,525.9133385431932
13897,0.345,0.140,524.0724808943241
13898,0.345,0.145,522.2290756188795
13899,0.345,0.150,520.383171838719
13900,0.345,0.155,518.5348194418617
13901,0.345,0.160,516.6840690830652
13902,0.345,0.165,514.830972184143
13903,0.345,0.170,512.9755809340073
13904,0.345,0.175,511.11794828843773
13905,0.345,0.180,509.2581279695621
13906,0.345,0.185,507.39617446504866
13907,0.345,0.190,505.53214302700087
13908,0.345,0.195,503.6660896705478
13909,0.345,0.200,501.79807117212624
13910,0.345,0.205,499.9281450674449
13911,0.345,0.210,498.0563696491288
13912,0.345,0.215,496.18280396403287
13913,0.345,0.220,494.30750781022414
13914,0.345,0.225,492.4305417336217
13915,0.345,0.230,490.5519670242918
13916,0.345,0.235,488.6718457123917
13917,0.345,0.240,486.7902405637566
13918,0.345,0.245,484.9072150751236
13919,0.345,0.250,483.02283346898935
13920,0.345,0.255,481.1371606880943
13921,0.345,0.260,479.25026238953035
13922,0.345,0.265,477.362204938466
13923,0.345,0.270,475.47305540148477
13924,0.345,0.275,473.58288153953384
13925,0.345,0.280,471.6917518004771
13926,0.345,0.285,469.7997353112495
13927,0.345,0.290,467.9069018696097
13928,0.345,0.295,466.01332193548694
13929,0.345,0.300,464.11906662191893
13930,0.345,0.305,462.22420768557924
13931,0.345,0.310,460.3288175168894
13932,0.345,0.315,458.4329691297166
13933,0.345,0.320,456.53673615065134
13934,0.345,0.325,454.640192807868
13935,0.345,0.330,452.74341391956136
13936,0.345,0.335,450.84647488196475
13937,0.345,0.340,448.94945165694315
13938,0.345,0.345,447.0524207591657
13939,0.345,0.350,445.1554592428543
13940,0.345,0.355,443.25864468811193
13941,0.345,0.360,441.36205518682897
13942,0.345,0.365,439.46576932817084
13943,0.345,0.370,437.5698661836477
13944,0.345,0.375,435.6744252917688
13945,0.345,0.380,433.7795266422839
13946,0.345,0.385,431.88525066001483
13947,0.345,0.390,429.9916781882811
13948,0.345,0.395,428.09889047192314
13949,0.345,0.400,426.206969139927
13950,0.345,0.405,424.31599618765745
13951,0.345,0.410,422.42605395870197
13952,0.345,0.415,420.53722512633396
13953,0.345,0.420,418.6495926746001
13954,0.345,0.425,416.76323987903857
13955,0.345,0.430,414.87825028703696
13956,0.345,0.435,412.9947076978351
13957,0.345,0.440,411.1126961421842
13958,0.345,0.445,409.2322998616672
13959,0.345,0.450,407.3536032876937
13960,0.345,0.455,405.47669102017613
13961,0.345,0.460,403.60164780589844
13962,0.345,0.465,401.7285585165879
13963,0.345,0.470,399.8575081267023
13964,0.345,0.475,397.98858169094103
13965,0.345,0.480,396.12186432149645
13966,0.345,0.485,394.2574411650545
13967,0.345,0.490,392.39539737955926
13968,0.345,0.495,390.5358181107551
13969,0.345,0.500,388.6787884685191
13970,0.345,0.505,386.8243935029993
13971,0.345,0.510,384.97271818057305
13972,0.345,0.515,383.12384735964014
13973,0.345,0.520,381.27786576626727
13974,0.345,0.525,379.43485796969844
13975,0.345,0.530,377.59490835774864
13976,0.345,0.535,375.7581011120973
13977,0.345,0.540,373.9245201834971
13978,0.345,0.545,372.0942492669176
13979,0.345,0.550,370.26737177663904
13980,0.345,0.555,368.44397082131525
13981,0.345,0.560,366.62412917902384
13982,0.345,0.565,364.80792927232073
13983,0.345,0.570,362.9954531433191
13984,0.345,0.575,361.1867824288093
13985,0.345,0.580,359.381998335441
13986,0.345,0.585,357.5811816149842
13987,0.345,0.590,355.7844125396889
13988,0.345,0.595,353.99177087776405
13989,0.345,0.600,352.2033358689907
13990,0.345,0.605,350.4191862004943
13991,0.345,0.610,348.63939998269024
13992,0.345,0.615,346.86405472542396
13993,0.345,0.620,345.09322731432485
13994,0.345,0.625,343.3269939873925
13995,0.345,0.630,341.56543031183315
13996,0.345,0.635,339.8086111611673
13997,0.345,0.640,338.0566106926243
13998,0.345,0.645,336.30950232484423
13999,0.345,0.650,334.56735871590485
14000,0.345,0.655,332.8302517416896
14001,0.345,0.660,331.0982524746177
14002,0.345,0.665,329.3714311627495
14003,0.345,0.670,327.6498572092874
14004,0.345,0.675,325.9335991524866
14005,0.345,0.680,324.22272464599274
14006,0.345,0.685,322.51730043962226
14007,0.345,0.690,320.8173923606001
14008,0.345,0.695,319.12306529527007
14009,0.345,0.700,317.43438317129153
14010,0.345,0.705,315.7514089403374
14011,0.345,0.710,314.0742045613049
14012,0.345,0.715,312.40283098405365
14013,0.345,0.720,310.7373481336812
14014,0.345,0.725,309.07781489535
14015,0.345,0.730,307.4242890996735
14016,0.345,0.735,305.7768275086751
14017,0.345,0.740,304.1354858023269
14018,0.345,0.745,302.50031856567807
14019,0.345,0.750,300.8713792765818
14020,0.345,0.755,299.248720294028
14021,0.345,0.760,297.6323928470873
14022,0.345,0.765,296.0224470244754
14023,0.345,0.770,294.4189317647408
14024,0.345,0.775,292.8218948470815
14025,0.345,0.780,291.23138288279534
14026,0.345,0.785,289.6474413073663
14027,0.345,0.790,288.07011437319085
14028,0.345,0.795,286.49944514294396
14029,0.345,0.800,284.93547548358885
14030,0.345,0.805,283.3782460610286
14031,0.345,0.810,281.8277963354006
14032,0.345,0.815,280.2841645570124
14033,0.345,0.820,278.747387762918
14034,0.345,0.825,277.2175017741314
14035,0.345,0.830,275.69454119347466
14036,0.345,0.835,274.17853940405786
14037,0.345,0.840,272.6695285683844
14038,0.345,0.845,271.16753962807917
14039,0.345,0.850,269.67260230423193
14040,0.345,0.855,268.1847450983514
14041,0.345,0.860,266.70399529392165
14042,0.345,0.865,265.230378958554
14043,0.345,0.870,263.763920946728
14044,0.345,0.875,262.30464490310936
14045,0.345,0.880,260.8525732664401
14046,0.345,0.885,259.407727273988
14047,0.345,0.890,257.9701269665465
14048,0.345,0.895,256.53979119397593
14049,0.345,0.900,255.11673762127216
14050,0.345,0.905,253.7009827351543
14051,0.345,0.910,252.2925418511579
14052,0.345,0.915,250.89142912122173
14053,0.345,0.920,249.49765754175684
14054,0.345,0.925,248.1112389621834
14055,0.345,0.930,246.7321840939238
14056,0.345,0.935,245.3605025198375
14057,0.345,0.940,243.99620270408454
14058,0.345,0.945,242.63929200240418
14059,0.345,0.950,241.2897766727937
14060,0.345,0.955,239.9476618865742
14061,0.345,0.960,238.61295173982847
14062,0.345,0.965,237.285649265196
14063,0.345,0.970,235.96575644401182
14064,0.345,0.975,234.65327421877313
14065,0.345,0.980,233.3482025059196
14066,0.345,0.985,232.0505402089128
14067,0.345,0.990,230.7602852315991
14068,0.345,0.995,229.4774344918424
14069,0.345,1.000,228.2019839354105
14070,0.350,0.000,572.8260857494921
14071,0.350,0.005,571.0615975708529
14072,0.350,0.010,569.2934866273308
14073,0.350,0.015,567.521782667363
14074,0.350,0.020,565.7465161240368
14075,0.350,0.025,563.9677181206018
14076,0.350,0.030,562.1854204758807
14077,0.350,0.035,560.3996557095732
14078,0.350,0.040,558.6104570474455
14079,0.350,0.045,556.8178584264033
14080,0.350,0.050,555.021894499439
14081,0.350,0.055,553.2226006404508
14082,0.350,0.060,551.4200129489258
14083,0.350,0.065,549.6141682544815
14084,0.350,0.070,547.8051041212609
14085,0.350,0.075,545.992858852175
14086,0.350,0.080,544.1774714929842
14087,0.350,0.085,542.3589818362161
14088,0.350,0.090,540.5374304249118
14089,0.350,0.095,538.712858556193
14090,0.350,0.100,536.8853082846468
14091,0.350,0.105,535.054822425518
14092,0.350,0.110,533.2214445577056
14093,0.350,0.115,531.3852190265557
14094,0.350,0.120,529.5461909464435
14095,0.350,0.125,527.7044062031393
14096,0.350,0.130,525.8599114559507
14097,0.350,0.135,524.0127541396346
14098,0.350,0.140,522.1629824660729
14099,0.350,0.145,520.3106454257039
14100,0.350,0.150,518.4557927887042
14101,0.350,0.155,516.5984751059126
14102,0.350,0.160,514.738743709491
14103,0.350,0.165,512.8766507133145
14104,0.350,0.170,511.0122490130834
14105,0.350,0.175,509.1455922861518
14106,0.350,0.180,507.2767349910655
14107,0.350,0.185,505.4057323668019
14108,0.350,0.190,503.5326404317057
14109,0.350,0.195,501.6575159821143
14110,0.350,0.200,499.7804165906657
14111,0.350,0.205,497.9014006042823
14112,0.350,0.210,496.0205271418251
14113,0.350,0.215,494.1378560914105
14114,0.350,0.220,492.25344810738596
14115,0.350,0.225,490.36736460695545
14116,0.350,0.230,488.4796677664499
14117,0.350,0.235,486.5904205172389
14118,0.350,0.240,484.6996865412732
14119,0.350,0.245,482.8075302662576
14120,0.350,0.250,480.91401686044475
14121,0.350,0.255,479.0192122270467
14122,0.350,0.260,477.12318299825927
14123,0.350,0.265,475.22599652889215
14124,0.350,0.270,473.3277208896025
14125,0.350,0.275,471.42842485972676
14126,0.350,0.280,469.52817791970534
14127,0.350,0.285,467.6270502430974
14128,0.350,0.290,465.7251126881819
14129,0.350,0.295,463.82243678914045
14130,0.350,0.300,461.919094746819
14131,0.350,0.305,460.0151594190667
14132,0.350,0.310,458.11070431064724
14133,0.350,0.315,456.20580356272166
14134,0.350,0.320,454.3005319418997
14135,0.350,0.325,452.3949648288592
14136,0.350,0.330,450.48917820653054
14137,0.350,0.335,448.58324864784646
14138,0.350,0.340,446.677253303056
14139,0.350,0.345,444.771269886602
14140,0.350,0.350,442.86537666356276
14141,0.350,0.355,440.95965243565877
14142,0.350,0.360,439.05417652682354
14143,0.350,0.365,437.1490287683425
14144,0.350,0.370,435.2442894835593
14145,0.350,0.375,433.340039472154
14146,0.350,0.380,431.43635999399277
14147,0.350,0.385,429.53333275255596
14148,0.350,0.390,427.6310398779448
14149,0.350,0.395,425.7295639094724
14150,0.350,0.400,423.8289877778437
14151,0.350,0.405,421.9293947869281
14152,0.350,0.410,420.030868595132
14153,0.350,0.415,418.1334931963757
14154,0.350,0.420,416.23735290068146
14155,0.350,0.425,414.3425323143812
14156,0.350,0.430,412.4491163199485
14157,0.350,0.435,410.5571900554659
14158,0.350,0.440,408.6668388937344
14159,0.350,0.445,406.77814842103305
14160,0.350,0.450,404.89120441554195
14161,0.350,0.455,403.00609282543405
14162,0.350,0.460,401.12289974665015
14163,0.350,0.465,399.2417114003654
14164,0.350,0.470,397.3626141101613
14165,0.350,0.475,395.48569427891266
14166,0.350,0.480,393.61103836540485
14167,0.350,0.485,391.73873286069136
14168,0.350,0.490,389.8688642642082
14169,0.350,0.495,388.00151905965697
14170,0.350,0.500,386.1367836906719
14171,0.350,0.505,384.27474453628577
14172,0.350,0.510,382.4154878862094
14173,0.350,0.515,380.5590999159415
14174,0.350,0.520,378.70566666172414
14175,0.350,0.525,376.85527399536085
14176,0.350,0.530,375.00800759891354
14177,0.350,0.535,373.163952939297
14178,0.350,0.540,371.32319524278677
14179,0.350,0.545,369.4858194694598
14180,0.350,0.550,367.6519102875848
14181,0.350,0.555,365.82155204798266
14182,0.350,0.560,363.99482875837316
14183,0.350,0.565,362.1718240577292
14184,0.350,0.570,360.35262119065703
14185,0.350,0.575,358.53730298182103
14186,0.350,0.580,356.72595181043386
14187,0.350,0.585,354.9186495848307
14188,0.350,0.590,353.1154777171484
14189,0.350,0.595,351.3165170981278
14190,0.350,0.600,349.5218480720612
14191,0.350,0.605,347.73155041190296
14192,0.350,0.610,345.94570329456434
14193,0.350,0.615,344.1643852764124
14194,0.350,0.620,342.387674268992
14195,0.350,0.625,340.61564751499174
14196,0.350,0.630,338.8483815644727
14197,0.350,0.635,337.0859522513796
14198,0.350,0.640,335.32843467035366
14199,0.350,0.645,333.5759031538663
14200,0.350,0.650,331.8284312496926
14201,0.350,0.655,330.08609169874256
14202,0.350,0.660,328.34895641326875
14203,0.350,0.665,326.61709645546887
14204,0.350,0.670,324.8905820164991
14205,0.350,0.675,323.16948239591676
14206,0.350,0.680,321.4538659815695
14207,0.350,0.685,319.7438002299446
14208,0.350,0.690,318.039351646998
14209,0.350,0.695,316.3405857694748
14210,0.350,0.700,314.64756714673854
14211,0.350,0.705,312.9603593231222
14212,0.350,0.710,311.279024820815
14213,0.350,0.715,309.60362512329823
14214,0.350,0.720,307.93422065934203
14215,0.350,0.725,306.27087078757575
14216,0.350,0.730,304.6136337816423
14217,0.350,0.735,302.9625668159478
14218,0.350,0.740,301.3177259520155
14219,0.350,0.745,299.6791661254542
14220,0.350,0.750,298.04694113354844
14221,0.350,0.755,296.42110362347927
14222,0.350,0.760,294.80170508118186
14223,0.350,0.765,293.1887958208466
14224,0.350,0.770,291.5824249750688
14225,0.350,0.775,289.9826404856529
14226,0.350,0.780,288.3894890950729
14227,0.350,0.785,286.8030163385956
14228,0.350,0.790,285.22326653706585
14229,0.350,0.795,283.65028279035727
14230,0.350,0.800,282.08410697148986
14231,0.350,0.805,280.52477972141367
14232,0.350,0.810,278.9723404444578
14233,0.350,0.815,277.4268273044455
14234,0.350,0.820,275.88827722147045
14235,0.350,0.825,274.35672586933435
14236,0.350,0.830,272.83220767364054
14237,0.350,0.835,271.31475581054
14238,0.350,0.840,269.80440220612564
14239,0.350,0.845,268.3011775364683
14240,0.350,0.850,266.8051112282894
14241,0.350,0.855,265.31623146026226
14242,0.350,0.860,263.8345651649364
14243,0.350,0.865,262.36013803127463
14244,0.350,0.870,260.89297450779634
14245,0.350,0.875,259.4330978063172
14246,0.350,0.880,257.9805299062745
14247,0.350,0.885,256.5352915596298
14248,0.350,0.890,255.09740229633647
14249,0.350,0.895,253.66688043036228
14250,0.350,0.900,252.24374306625455
14251,0.350,0.905,250.82800610623576
14252,0.350,0.910,249.41968425781795
14253,0.350,0.915,248.0187910419223
14254,0.350,0.920,246.6253388014907
14255,0.350,0.925,245.23933871057653
14256,0.350,0.930,243.86080078390003
14257,0.350,0.935,242.48973388685417
14258,0.350,0.940,241.12614574594767
14259,0.350,0.945,239.77004295966904
14260,0.350,0.950,238.42143100975824
14261,0.350,0.955,237.0803142728703
14262,0.350,0.960,235.74669603261597
14263,0.350,0.965,234.42057849196368
14264,0.350,0.970,233.10196278598923
14265,0.350,0.975,231.79084899495504
14266,0.350,0.980,230.48723615770615
14267,0.350,0.985,229.19112228536576
14268,0.350,0.990,227.9025043753158
14269,0.350,0.995,226.62137842544664
14270,0.350,1.000,225.34773944866038
14271,0.355,0.000,571.1471168328392
14272,0.355,0.005,569.3742932571449
14273,0.355,0.010,567.5978160216954
14274,0.355,0.015,565.8177151781055
14275,0.355,0.020,564.0340214738147
14276,0.355,0.025,562.2467663577659
14277,0.355,0.030,560.4559819859801
14278,0.355,0.035,558.6617012270239
14279,0.355,0.040,556.8639576673615
14280,0.355,0.045,555.0627856165896
14281,0.355,0.050,553.2582201125449
14282,0.355,0.055,551.4502969262816
14283,0.355,0.060,549.6390525669125
14284,0.355,0.065,547.8245242863063
14285,0.355,0.070,546.0067500836362
14286,0.355,0.075,544.1857687097737
14287,0.355,0.080,542.3616196715204
14288,0.355,0.085,540.5343432356733
14289,0.355,0.090,538.7039804329141
14290,0.355,0.095,536.87057306152
14291,0.355,0.100,535.0341636908852
14292,0.355,0.105,533.1947956648507
14293,0.355,0.110,531.3525131048325
14294,0.355,0.115,529.5073609127428
14295,0.355,0.120,527.6593847736968
14296,0.355,0.125,525.8086311585005
14297,0.355,0.130,523.9551473259081
14298,0.355,0.135,522.0989813246476
14299,0.355,0.140,520.2401819952028
14300,0.355,0.145,518.3787989713477
14301,0.355,0.150,516.5148826814255
14302,0.355,0.155,514.6484843493647
14303,0.355,0.160,512.7796559954261
14304,0.355,0.165,510.9084504366727
14305,0.355,0.170,509.0349212871569
14306,0.355,0.175,507.1591229578161
14307,0.355,0.180,505.28111065607186
14308,0.355,0.185,503.4009403851236
14309,0.355,0.190,501.5186689429319
14310,0.355,0.195,499.63435392088263
14311,0.355,0.200,497.7480537021269
14312,0.355,0.205,495.85982745958853
14313,0.355,0.210,493.9697351536341
14314,0.355,0.215,492.0778375293957
14315,0.355,0.220,490.18419611374566
14316,0.355,0.225,488.28887321191036
14317,0.355,0.230,486.391931903721
14318,0.355,0.235,484.4934360394945
14319,0.355,0.240,482.5934502355369
14320,0.355,0.245,480.6920398692662
14321,0.355,0.250,478.78927107394526
14322,0.355,0.255,476.8852107330234
14323,0.355,0.260,474.97992647407744
14324,0.355,0.265,473.0734866623495
14325,0.355,0.270,471.1659603938763
14326,0.355,0.275,469.257417488204
14327,0.355,0.280,467.3479284806851
14328,0.355,0.285,465.43756461435333
14329,0.355,0.290,463.5263978313714
14330,0.355,0.295,461.61450076404907
14331,0.355,0.300,459.7019467254267
14332,0.355,0.305,457.78880969942355
14333,0.355,0.310,455.87516433054407
14334,0.355,0.315,453.96108591314413
14335,0.355,0.320,452.0466503802505
14336,0.355,0.325,450.13193429193626
14337,0.355,0.330,448.2170148232458
14338,0.355,0.335,446.30196975167286
14339,0.355,0.340,444.38687744418695
14340,0.355,0.345,442.47181684381053
14341,0.355,0.350,440.5568674557452
14342,0.355,0.355,438.6421093330488
14343,0.355,0.360,436.72762306186206
14344,0.355,0.365,434.81348974618913
14345,0.355,0.370,432.8997909922305
14346,0.355,0.375,430.9866088922735
14347,0.355,0.380,429.0740260081403
14348,0.355,0.385,427.1621253541986
14349,0.355,0.390,425.2509903799372
14350,0.355,0.395,423.34070495211193
14351,0.355,0.400,421.43135333646495
14352,0.355,0.405,419.5230201790242
14353,0.355,0.410,417.6157904869865
14354,0.355,0.415,415.70974960919335
14355,0.355,0.420,413.8049832162029
14356,0.355,0.425,411.9015772799676
14357,0.355,0.430,409.9996180531246
14358,0.355,0.435,408.09919204790606
14359,0.355,0.440,406.20038601468036
14360,0.355,0.445,404.30328692013103
14361,0.355,0.450,402.40798192508595
14362,0.355,0.455,400.51455836200387
14363,0.355,0.460,398.6231037121331
14364,0.355,0.465,396.7337055823497
14365,0.355,0.470,394.846451681692
14366,0.355,0.475,392.9614297975976
14367,0.355,0.480,391.07872777186344
14368,0.355,0.485,389.1984334763351
14369,0.355,0.490,387.3206347883448
14370,0.355,0.495,385.44541956591036
14371,0.355,0.500,383.5728756227098
14372,0.355,0.505,381.7030907028473
14373,0.355,0.510,379.8361524554287
14374,0.355,0.515,377.97214840895845
14375,0.355,0.520,376.1111659455792
14376,0.355,0.525,374.25329227516863
14377,0.355,0.530,372.398614409312
14378,0.355,0.535,370.54721913516835
14379,0.355,0.540,368.69919298924844
14380,0.355,0.545,366.85462223112387
14381,0.355,0.550,365.01359281708505
14382,0.355,0.555,363.17619037376846
14383,0.355,0.560,361.3425001717725
14384,0.355,0.565,359.5126070992814
14385,0.355,0.570,357.6865956357172
14386,0.355,0.575,355.8645498254407
14387,0.355,0.580,354.04655325152083
14388,0.355,0.585,352.2326890095938
14389,0.355,0.590,350.42303968183177
14390,0.355,0.595,348.61768731104297
14391,0.355,0.600,346.8167133749225
14392,0.355,0.605,345.02019876047615
14393,0.355,0.610,343.22822373863727
14394,0.355,0.615,341.44086793909634
14395,0.355,0.620,339.65821032536695
14396,0.355,0.625,337.88032917010503
14397,0.355,0.630,336.10730203070483
14398,0.355,0.635,334.33920572519
14399,0.355,0.640,332.5761163084211
14400,0.355,0.645,330.8181090486378
14401,0.355,0.650,329.06525840435756
14402,0.355,0.655,327.31763800164856
14403,0.355,0.660,325.57532061179523
14404,0.355,0.665,323.83837812937736
14405,0.355,0.670,322.10688155077855
14406,0.355,0.675,320.3809009531434
14407,0.355,0.680,318.66050547380013
14408,0.355,0.685,316.94576329016553
14409,0.355,0.690,315.23674160014906
14410,0.355,0.695,313.5335066030715
14411,0.355,0.700,311.83612348111353
14412,0.355,0.705,310.14465638130963
14413,0.355,0.710,308.45916839810036
14414,0.355,0.715,306.7797215564574
14415,0.355,0.720,305.10637679559386
14416,0.355,0.725,303.4391939532723
14417,0.355,0.730,301.77823175072126
14418,0.355,0.735,300.1235477781725
14419,0.355,0.740,298.47519848102746
14420,0.355,0.745,296.83323914666363
14421,0.355,0.750,295.19772389188824
14422,0.355,0.755,293.5687056510486
14423,0.355,0.760,291.9462361648048
14424,0.355,0.765,290.33036596957135
14425,0.355,0.770,288.72114438763464
14426,0.355,0.775,287.1186195179486
14427,0.355,0.780,285.52283822761495
14428,0.355,0.785,283.9338461440492
14429,0.355,0.790,282.35168764783606
14430,0.355,0.795,280.7764058662752
14431,0.355,0.800,279.2080426676184
14432,0.355,0.805,277.6466386559977
14433,0.355,0.810,276.09223316704436
14434,0.355,0.815,274.5448642641962
14435,0.355,0.820,273.004568735692
14436,0.355,0.825,271.471382092249
14437,0.355,0.830,269.94533856541983
14438,0.355,0.835,268.42647110662506
14439,0.355,0.840,266.9148113868542
14440,0.355,0.845,265.4103897970317
14441,0.355,0.850,263.9132354490396
14442,0.355,0.855,262.4233761773888
14443,0.355,0.860,260.9408385415334
14444,0.355,0.865,259.4656478288174
14445,0.355,0.870,257.9978280580447
14446,0.355,0.875,256.5374019836639
14447,0.355,0.880,255.0843911005561
14448,0.355,0.885,253.63881564941562
14449,0.355,0.890,252.20069462271158
14450,0.355,0.895,250.7700457712192
14451,0.355,0.900,249.3468856111076
14452,0.355,0.905,247.93122943157172
14453,0.355,0.910,246.52309130299528
14454,0.355,0.915,245.12248408563076
14455,0.355,0.920,243.72941943878237
14456,0.355,0.925,242.34390783047868
14457,0.355,0.930,240.96595854761824
14458,0.355,0.935,239.59557970657607
14459,0.355,0.940,238.2327782642532
14460,0.355,0.945,236.87756002955575
14461,0.355,0.950,235.52992967528724
14462,0.355,0.955,234.18989075043834
14463,0.355,0.960,232.85744569285842
14464,0.355,0.965,231.532595842293
14465,0.355,0.970,230.21534145377075
14466,0.355,0.975,228.90568171132418
14467,0.355,0.980,227.6036147420274
14468,0.355,0.985,226.3091376303355
14469,0.355,0.990,225.02224643270884
14470,0.355,0.995,223.74293619250585
14471,0.355,1.000,222.47120095512915
14472,0.360,0.000,569.4576734200297
14473,0.360,0.005,567.6764172474951
14474,0.360,0.010,565.8914757760188
14475,0.360,0.015,564.1028793613393
14476,0.360,0.020,562.3106590664366
14477,0.360,0.025,560.514846667381
14478,0.360,0.030,558.71547465908
14479,0.360,0.035,556.9125762609157
14480,0.360,0.040,555.1061854222669
14481,0.360,0.045,553.2963368279125
14482,0.360,0.050,551.4830659033055
14483,0.360,0.055,549.6664088197183
14484,0.360,0.060,547.8464024992468
14485,0.360,0.065,546.0230846196713
14486,0.360,0.070,544.1964936191662
14487,0.360,0.075,542.3666687008529
14488,0.360,0.080,540.5336498371886
14489,0.360,0.085,538.6974777741852
14490,0.360,0.090,536.8581940354524
14491,0.360,0.095,535.0158409260554
14492,0.360,0.100,533.1704615361848
14493,0.360,0.105,531.3220997446282
14494,0.360,0.110,529.4708002220381
14495,0.360,0.115,527.6166084339889
14496,0.360,0.120,525.7595706438179
14497,0.360,0.125,523.8997339152381
14498,0.360,0.130,522.0371461147222
14499,0.360,0.135,520.1718559136459
14500,0.360,0.140,518.3039127901853
14501,0.360,0.145,516.4333670309609
14502,0.360,0.150,514.5602697324204
14503,0.360,0.155,512.684672801954
14504,0.360,0.160,510.8066289587346
14505,0.360,0.165,508.9261917342744
14506,0.360,0.170,507.0434154726928
14507,0.360,0.175,505.15835533068656
14508,0.360,0.180,503.2710672771961
14509,0.360,0.185,501.3816080927594
14510,0.360,0.190,499.49003536854804
14511,0.360,0.195,497.5964075050772
14512,0.360,0.200,495.70078371058196
14513,0.360,0.205,493.8032239990546
14514,0.360,0.210,491.9037891879344
14515,0.360,0.215,490.00254089544393
14516,0.360,0.220,488.09954153756377
14517,0.360,0.225,486.194854324642
14518,0.360,0.230,484.28854325762774
14519,0.360,0.235,482.3806731239258
14520,0.360,0.240,480.47130949286435
14521,0.360,0.245,478.56051871076966
14522,0.360,0.250,476.6483678956429
14523,0.360,0.255,474.7349249314315
14524,0.360,0.260,472.82025846189157
14525,0.360,0.265,470.90443788403354
14526,0.360,0.270,468.9875333411476
14527,0.360,0.275,467.0696157154038
14528,0.360,0.280,465.1507566200209
14529,0.360,0.285,463.2310283910006
14530,0.360,0.290,461.31050407842196
14531,0.360,0.295,459.389257437293
14532,0.360,0.300,457.46736291795526
14533,0.360,0.305,455.5448956560378
14534,0.360,0.310,453.6219314619573
14535,0.360,0.315,451.6985468099631
14536,0.360,0.320,449.7748188267217
14537,0.360,0.325,447.850825279443
14538,0.360,0.330,445.92664456354134
14539,0.360,0.335,444.0023556898352
14540,0.360,0.340,442.0780382712808
14541,0.360,0.345,440.15377250924087
14542,0.360,0.350,438.22963917928826
14543,0.360,0.355,436.3057196165447
14544,0.360,0.360,434.3820957005546
14545,0.360,0.365,432.4588498396971
14546,0.360,0.370,430.53606495513554
14547,0.360,0.375,428.61382446430883
14548,0.360,0.380,426.69221226396553
14549,0.360,0.385,424.77131271274527
14550,0.360,0.390,422.85121061330995
14551,0.360,0.395,420.9319911940296
14552,0.360,0.400,419.01374009022754
14553,0.360,0.405,417.0965433249892
14554,0.360,0.410,415.18048728954244
14555,0.360,0.415,413.2656587232124
14556,0.360,0.420,411.3521446929612
14557,0.360,0.425,409.440032572517
14558,0.360,0.430,407.5294100211029
14559,0.360,0.435,405.62036496177114
14560,0.360,0.440,403.71298555935584
14561,0.360,0.445,401.8073601980484
14562,0.360,0.450,399.9035774586124
14563,0.360,0.455,398.00172609524145
14564,0.360,0.460,396.10189501207844
14565,0.360,0.465,394.2041732394023
14566,0.360,0.470,392.30864990949823
14567,0.360,0.475,390.4154142322228
14568,0.360,0.480,388.52455547027813
14569,0.360,0.485,386.6361629142081
14570,0.360,0.490,384.7503258571333
14571,0.360,0.495,382.8671335692376
14572,0.360,0.500,380.9866752720226
14573,0.360,0.505,379.109040112347
14574,0.360,0.510,377.23431713626655
14575,0.360,0.515,375.36259526269146
14576,0.360,0.520,373.4939632568794
14577,0.360,0.525,371.6285097037818
14578,0.360,0.530,369.7663229812614
14579,0.360,0.535,367.9074912332006
14580,0.360,0.540,366.0521023425187
14581,0.360,0.545,364.2002439041185
14582,0.360,0.550,362.35200319778124
14583,0.360,0.555,360.50746716103066
14584,0.360,0.560,358.6667223619857
14585,0.360,0.565,356.82985497222427
14586,0.360,0.570,354.996950739676
14587,0.360,0.575,353.16809496156833
14588,0.360,0.580,351.343372457445
14589,0.360,0.585,349.52286754227924
14590,0.360,0.590,347.70666399970264
14591,0.360,0.595,345.8948450553725
14592,0.360,0.600,344.0874933504975
14593,0.360,0.605,342.2846909155448
14594,0.360,0.610,340.48651914415024
14595,0.360,0.615,338.69305876725224
14596,0.360,0.620,336.904389827472
14597,0.360,0.625,335.12059165376087
14598,0.360,0.630,333.3417428363361
14599,0.360,0.635,331.56792120192716
14600,0.360,0.640,329.79920378935213
14601,0.360,0.645,328.0356668254458
14602,0.360,0.650,326.27738570135926
14603,0.360,0.655,324.52443494925166
14604,0.360,0.660,322.7768882193937
14605,0.360,0.665,321.0348182577019
14606,0.360,0.670,319.2982968837229
14607,0.360,0.675,317.5673949690865
14608,0.360,0.680,315.8421824164448
14609,0.360,0.685,314.12272813891616
14610,0.360,0.690,312.4091000400492
14611,0.360,0.695,310.70136499432596
14612,0.360,0.700,308.9995888282169
14613,0.360,0.705,307.30383630180575
14614,0.360,0.710,305.61417109099716
14615,0.360,0.715,303.9306557703224
14616,0.360,0.720,302.2533517963545
14617,0.360,0.725,300.58231949174757
14618,0.360,0.730,298.91761802991124
14619,0.360,0.735,297.2593054203302
14620,0.360,0.740,295.60743849454127
14621,0.360,0.745,293.96207289277663
14622,0.360,0.750,292.32326305128095
14623,0.360,0.755,290.69106219031215
14624,0.360,0.760,289.0655223028322
14625,0.360,0.765,287.4466941438939
14626,0.360,0.770,285.8346272207301
14627,0.360,0.775,284.2293697835488
14628,0.360,0.780,282.63096881703956
14629,0.360,0.785,281.0394700325928
14630,0.360,0.790,279.454917861235
14631,0.360,0.795,277.8773554472809
14632,0.360,0.800,276.3068246427031
14633,0.360,0.805,274.74336600221926
14634,0.360,0.810,273.1870187790947
14635,0.360,0.815,271.6378209216601
14636,0.360,0.820,270.0958090705389
14637,0.360,0.825,268.56101855658505
14638,0.360,0.830,267.0334833995215
14639,0.360,0.835,265.5132363072792
14640,0.360,0.840,264.00030867602743
14641,0.360,0.845,262.49473059089036
14642,0.360,0.850,260.996530827343
14643,0.360,0.855,259.5057368532769
14644,0.360,0.860,258.0223748317281
14645,0.360,0.865,256.5464696242586
14646,0.360,0.870,255.07804479497915
14647,0.360,0.875,253.61712261520606
14648,0.360,0.880,252.1637240687376
14649,0.360,0.885,250.7178688577407
14650,0.360,0.890,249.27957540923455
14651,0.360,0.895,247.8488608821589
14652,0.360,0.900,246.42574117501348
14653,0.360,0.905,245.01023093405524
14654,0.360,0.910,243.60234356203907
14655,0.360,0.915,242.20209122748813
14656,0.360,0.920,240.80948487447776
14657,0.360,0.925,239.42453423291946
14658,0.360,0.930,238.04724782932811
14659,0.360,0.935,236.6776329980573
14660,0.360,0.940,235.31569589298707
14661,0.360,0.945,233.96144149964692
14662,0.360,0.950,232.61487364775928
14663,0.360,0.955,231.27599502418462
14664,0.360,0.960,229.9448071862543
14665,0.360,0.965,228.62131057547185
14666,0.360,0.970,227.3055045315674
14667,0.360,0.975,225.99738730688776
14668,0.360,0.980,224.6969560811054
14669,0.360,0.985,223.40420697622912
14670,0.360,0.990,222.1191350718997
14671,0.360,0.995,220.84173442095408
14672,0.360,1.000,219.57199806524014
14673,0.365,0.000,567.757648212745
14674,0.365,0.005,565.9678603959841
14675,0.365,0.010,564.1743548712982
14676,0.365,0.015,562.3771622993116
14677,0.365,0.020,560.576314059551
14678,0.365,0.025,558.7718422564731
14679,0.365,0.030,556.9637797253903
14680,0.365,0.035,555.1521600382858
14681,0.365,0.040,553.3370175095124
14682,0.365,0.045,551.5183872013705
14683,0.365,0.050,549.6963049295599
14684,0.365,0.055,547.8708072684957
14685,0.365,0.060,546.0419315564859
14686,0.365,0.065,544.2097159007627
14687,0.365,0.070,542.3741991823613
14688,0.365,0.075,540.5354210608385
14689,0.365,0.080,538.6934219788269
14690,0.365,0.085,536.8482431664165
14691,0.365,0.090,534.9999266453558
14692,0.365,0.095,533.1485152330692
14693,0.365,0.100,531.2940525464782
14694,0.365,0.105,529.4365830056254
14695,0.365,0.110,527.5761518370898
14696,0.365,0.115,525.7128050771875
14697,0.365,0.120,523.8465895749518
14698,0.365,0.125,521.9775529948839
14699,0.365,0.130,520.1057438194665
14700,0.365,0.135,518.2312113514357
14701,0.365,0.140,516.3540057157992
14702,0.365,0.145,514.4741778615984
14703,0.365,0.150,512.5917795634034
14704,0.365,0.155,510.70686342253333
14705,0.365,0.160,508.8194828679974
14706,0.365,0.165,506.9296921571463
14707,0.365,0.170,505.03754637602685
14708,0.365,0.175,503.14310143943436
14709,0.365,0.180,501.2464140906522
14710,0.365,0.185,499.3475419008726
14711,0.365,0.190,497.446543268293
14712,0.365,0.195,495.5434774168759
14713,0.365,0.200,493.6384043947702
14714,0.365,0.205,491.73138507238167
14715,0.365,0.210,489.82248114009076
14716,0.365,0.215,487.9117551056038
14717,0.365,0.220,485.9992702909378
14718,0.365,0.225,484.08509082902617
14719,0.365,0.230,482.16928165994193
14720,0.365,0.235,480.25190852672915
14721,0.365,0.240,478.33303797083875
14722,0.365,0.245,476.4127373271599
14723,0.365,0.250,474.4910747186417
14724,0.365,0.255,472.5681190504994
14725,0.365,0.260,470.6439400039983
14726,0.365,0.265,468.71860802981047
14727,0.365,0.270,466.79219434093795
14728,0.365,0.275,464.86477090519855
14729,0.365,0.280,462.93641043726694
14730,0.365,0.285,461.00718639026877
14731,0.365,0.290,459.07717294692156
14732,0.365,0.295,457.1464450102187
14733,0.365,0.300,455.2150781936526
14734,0.365,0.305,453.28314881097344
14735,0.365,0.310,451.3507338654804
14736,0.365,0.315,449.41791103884105
14737,0.365,0.320,447.48475867943887
14738,0.365,0.325,445.551355790244
14739,0.365,0.330,443.61778201620643
14740,0.365,0.335,441.6841176311715
14741,0.365,0.340,439.7504435243132
14742,0.365,0.345,437.8168411860889
14743,0.365,0.350,435.8833926937113
14744,0.365,0.355,433.95018069614105
14745,0.365,0.360,432.01728839859845
14746,0.365,0.365,430.0847995465963
14747,0.365,0.370,428.1527984094958
14748,0.365,0.375,426.2213697635876
14749,0.365,0.380,424.29059887469924
14750,0.365,0.385,422.3605714803341
14751,0.365,0.390,420.4313737713452
14752,0.365,0.395,418.50309237314553
14753,0.365,0.400,416.57581432646424
14754,0.365,0.405,414.6496270676497
14755,0.365,0.410,412.7246184085275
14756,0.365,0.415,410.8008765158196
14757,0.365,0.420,408.8784898901314
14758,0.365,0.425,406.957547344514
14759,0.365,0.430,405.03813798261075
14760,0.365,0.435,403.12035117639596
14761,0.365,0.440,401.2042765435151
14762,0.365,0.445,399.2900039242377
14763,0.365,0.450,397.3776233580318
14764,0.365,0.455,395.4672250597723
14765,0.365,0.460,393.5588993955942
14766,0.365,0.465,391.65273685840293
14767,0.365,0.470,389.74882804305633
14768,0.365,0.475,387.84726362122916
14769,0.365,0.480,385.9481343159756
14770,0.365,0.485,384.0515308760051
14771,0.365,0.490,382.1575440496843
14772,0.365,0.495,380.266264558784
14773,0.365,0.500,378.3777830719841
14774,0.365,0.505,376.4921901781553
14775,0.365,0.510,374.60957635943447
14776,0.365,0.515,372.7300319641113
14777,0.365,0.520,370.8536471793439
14778,0.365,0.525,368.9805120037227
14779,0.365,0.530,367.11071621970217
14780,0.365,0.535,365.24434936591837
14781,0.365,0.540,363.38150070941373
14782,0.365,0.545,361.5222592177889
14783,0.365,0.550,359.6667135313018
14784,0.365,0.555,357.8149519349362
14785,0.365,0.560,355.96706233045865
14786,0.365,0.565,354.1231322084888
14787,0.365,0.570,352.28324862060146
14788,0.365,0.575,350.4474981514846
14789,0.365,0.580,348.615966891175
14790,0.365,0.585,346.7887404073931
14791,0.365,0.590,344.9659037180009
14792,0.365,0.595,343.1475412636041
14793,0.365,0.600,341.33373688032225
14794,0.365,0.605,339.5245737727484
14795,0.365,0.610,337.72013448712255
14796,0.365,0.615,335.9205008847393
14797,0.365,0.620,334.1257541156142
14798,0.365,0.625,332.33597459243003
14799,0.365,0.630,330.5512419647858
14800,0.365,0.635,328.7716350937697
14801,0.365,0.640,326.9972320268792
14802,0.365,0.645,325.22810997330913
14803,0.365,0.650,323.4643452796278
14804,0.365,0.655,321.7060134058646
14805,0.365,0.660,319.9531889020279
14806,0.365,0.665,318.20594538507305
14807,0.365,0.670,316.46435551634295
14808,0.365,0.675,314.7284909794961
14809,0.365,0.680,312.99842245894524
14810,0.365,0.685,311.27421961882214
14811,0.365,0.690,309.5559510824869
14812,0.365,0.695,307.84368441259926
14813,0.365,0.700,306.137486091768
14814,0.365,0.705,304.4374215037941
14815,0.365,0.710,302.7435549155233
14816,0.365,0.715,301.0559494593219
14817,0.365,0.720,299.37466711619004
14818,0.365,0.725,297.6997686995253
14819,0.365,0.730,296.0313138395485
14820,0.365,0.735,294.36936096840327
14821,0.365,0.740,292.7139673059404
14822,0.365,0.745,291.0651888461964
14823,0.365,0.750,289.4230803445747
14824,0.365,0.755,287.7876953057391
14825,0.365,0.760,286.15908597222483
14826,0.365,0.765,284.5373033137753
14827,0.365,0.770,282.9223970174087
14828,0.365,0.775,281.3144154782205
14829,0.365,0.780,279.71340579092373
14830,0.365,0.785,278.1194137421317
14831,0.365,0.790,276.53248380338476
14832,0.365,0.795,274.95265912492044
14833,0.365,0.800,273.3799815301906
14834,0.365,0.805,271.81449151112105
14835,0.365,0.810,270.2562282241157
14836,0.365,0.815,268.70522948680014
14837,0.365,0.820,267.16153177550285
14838,0.365,0.825,265.6251702234704
14839,0.365,0.830,264.09617861980996
14840,0.365,0.835,262.5745894091555
14841,0.365,0.840,261.06043369205
14842,0.365,0.845,259.5537412260373
14843,0.365,0.850,258.0545404274543
14844,0.365,0.855,256.5628583739171
14845,0.365,0.860,255.0787208074888
14846,0.365,0.865,253.602152138522
14847,0.365,0.870,252.133175450163
14848,0.365,0.875,250.67181250350686
14849,0.365,0.880,249.2180837433928
14850,0.365,0.885,247.77200830482553
14851,0.365,0.890,246.3336040200104
14852,0.365,0.895,244.90288742598906
14853,0.365,0.900,243.47987377286114
14854,0.365,0.905,242.06457703257735
14855,0.365,0.910,240.65700990828947
14856,0.365,0.915,239.25718384424187
14857,0.365,0.920,237.86510903618844
14858,0.365,0.925,236.48079444231936
14859,0.365,0.930,235.10424779468113
14860,0.365,0.935,233.73547561107344
14861,0.365,0.940,232.3744832074058
14862,0.365,0.945,231.0212747104971
14863,0.365,0.950,229.67585307130048
14864,0.365,0.955,228.33822007853686
14865,0.365,0.960,227.0083763727186
14866,0.365,0.965,225.68632146054634
14867,0.365,0.970,224.3720537296615
14868,0.365,0.975,223.06557046373595
14869,0.365,0.980,221.76686785788175
14870,0.365,0.985,220.47594103436302
14871,0.365,0.990,219.19278405859245
14872,0.365,0.995,217.9173899553944
14873,0.365,1.000,216.6497507255175
14874,0.370,0.000,566.0469330957278
14875,0.370,0.005,564.2485126968267
14876,0.370,0.010,562.44634138473
14877,0.370,0.015,560.6404501255073
14878,0.370,0.020,558.8308706160418
14879,0.370,0.025,557.017635290245
14880,0.370,0.030,555.2007773251675
14881,0.370,0.035,553.3803306469986
14882,0.370,0.040,551.5563299369511
14883,0.370,0.045,549.7288106370219
14884,0.370,0.050,547.8978089556265
14885,0.370,0.055,546.0633618730967
14886,0.370,0.060,544.225507147038
14887,0.370,0.065,542.3842833175391
14888,0.370,0.070,540.5397297122274
14889,0.370,0.075,538.6918864511634
14890,0.370,0.080,536.8407944515667
14891,0.370,0.085,534.9864954323683
14892,0.370,0.090,533.1290319185802
14893,0.370,0.095,531.2684472454764
14894,0.370,0.100,529.4047855625791
14895,0.370,0.105,527.5380918374392
14896,0.370,0.110,525.6684118592085
14897,0.370,0.115,523.7957922419929
14898,0.370,0.120,521.9202804279802
14899,0.370,0.125,520.0419246903343
14900,0.370,0.130,518.1607741358509
14901,0.370,0.135,516.2768787073617
14902,0.370,0.140,514.3902891858851
14903,0.370,0.145,512.5010571925128
14904,0.370,0.150,510.609235190024
14905,0.370,0.155,508.7148764842208
14906,0.370,0.160,506.81803522497705
14907,0.370,0.165,504.91876640699115
14908,0.370,0.170,503.0171258702371
14909,0.370,0.175,501.1131703001043
14910,0.370,0.180,499.2069572272189
14911,0.370,0.185,497.29854502693945
14912,0.370,0.190,495.3879929185179
14913,0.370,0.195,493.47536096391906
14914,0.370,0.200,491.5607100662909
14915,0.370,0.205,489.6441019680767
14916,0.370,0.210,487.72559924876475
14917,0.370,0.215,485.8052653222628
14918,0.370,0.220,483.8831644338962
14919,0.370,0.225,481.9593616570166
14920,0.370,0.230,480.0339228892184
14921,0.370,0.235,478.1069148481535
14922,0.370,0.240,476.1784050669379
14923,0.370,0.245,474.2484618891439
14924,0.370,0.250,472.31715446337137
14925,0.370,0.255,470.38455273739027
14926,0.370,0.260,468.45072745185036
14927,0.370,0.265,466.51575013355006
14928,0.370,0.270,464.57969308826
14929,0.370,0.275,462.6426293930952
14930,0.370,0.280,460.70463288843
14931,0.370,0.285,458.7657781693526
14932,0.370,0.290,456.82614057665086
14933,0.370,0.295,454.8857961873294
14934,0.370,0.300,452.94482180464934
14935,0.370,0.305,451.0032949476908
14936,0.370,0.310,449.06129384043084
14937,0.370,0.315,447.11889740033683
14938,0.370,0.320,445.17618522647064
14939,0.370,0.325,443.2332375871013
14940,0.370,0.330,441.2901354068245
14941,0.370,0.335,439.34696025318783
14942,0.370,0.340,437.40379432281844
14943,0.370,0.345,435.4607204270552
14944,0.370,0.350,433.51782197708206
14945,0.370,0.355,431.5751829685655
14946,0.370,0.360,429.63288796579405
14947,0.370,0.365,427.691022085323
14948,0.370,0.370,425.7496709791253
14949,0.370,0.375,423.80892081724915
14950,0.370,0.380,421.868858269988
14951,0.370,0.385,419.9295704895632
14952,0.370,0.390,417.99114509132494
14953,0.370,0.395,416.0536701344739
14954,0.370,0.400,414.117234102311
14955,0.370,0.405,412.1819258820182
14956,0.370,0.410,410.2478347439779
14957,0.370,0.415,408.3150503206364
14958,0.370,0.420,406.3836625849198
14959,0.370,0.425,404.4537618282096
14960,0.370,0.430,402.52543863788577
14961,0.370,0.435,400.5987838744474
14962,0.370,0.440,398.6738886482205
14963,0.370,0.445,396.7508442956616
14964,0.370,0.450,394.8297423552706
14965,0.370,0.455,392.9106745431223
14966,0.370,0.460,390.9937327280302
14967,0.370,0.465,389.07900890635267
14968,0.370,0.470,387.16659517646025
14969,0.370,0.475,385.25658371287085
14970,0.370,0.480,383.34906674007385
14971,0.370,0.485,381.444136506054
14972,0.370,0.490,379.5418852555333
14973,0.370,0.495,377.642405202946
14974,0.370,0.500,375.7457885051637
14975,0.370,0.505,373.8521272339884
14976,0.370,0.510,371.96151334843154
14977,0.370,0.515,370.0740386667963
14978,0.370,0.520,368.189794838584
14979,0.370,0.525,366.3088733162429
14980,0.370,0.530,364.4313653267791
14981,0.370,0.535,362.55736184325076
14982,0.370,0.540,360.686953556166
14983,0.370,0.545,358.82023084480574
14984,0.370,0.550,356.95728374849284
14985,0.370,0.555,355.09820193782963
14986,0.370,0.560,353.2430746859261
14987,0.370,0.565,351.39199083964155
14988,0.370,0.570,349.54503879086093
14989,0.370,0.575,347.7023064478316
14990,0.370,0.580,345.86388120658063
14991,0.370,0.585,344.02984992243904
14992,0.370,0.590,342.2002988816932
14993,0.370,0.595,340.37531377338985
14994,0.370,0.600,338.5549796613172
14995,0.370,0.605,336.73938095618496
14996,0.370,0.610,334.92860138802837
14997,0.370,0.615,333.12272397885914
14998,0.370,0.620,331.32183101558667
14999,0.370,0.625,329.5260040232332
15000,0.370,0.630,327.735323738466
15001,0.370,0.635,325.94987008347
15002,0.370,0.640,324.1697221401826
15003,0.370,0.645,322.39495812491464
15004,0.370,0.650,320.6256553633781
15005,0.370,0.655,318.8618902661441
15006,0.370,0.660,317.1037383045511
15007,0.370,0.665,315.351273987085
15008,0.370,0.670,313.604570836252
15009,0.370,0.675,311.86370136596406
15010,0.370,0.680,310.1287370594556
15011,0.370,0.685,308.3997483477519
15012,0.370,0.690,306.67680458870683
15013,0.370,0.695,304.9599740466275
15014,0.370,0.700,303.249323872503
15015,0.370,0.705,301.5449200848539
15016,0.370,0.710,299.8468275512178
15017,0.370,0.715,298.1551099702867
15018,0.370,0.720,296.4698298547085
15019,0.370,0.725,294.7910485145688
15020,0.370,0.730,293.11882604156244
15021,0.370,0.735,291.4532212938691
15022,0.370,0.740,289.79429188174237
15023,0.370,0.745,288.1420941538228
15024,0.370,0.750,286.496683184184
15025,0.370,0.755,284.8581127601199
15026,0.370,0.760,283.22643537068063
15027,0.370,0.765,281.6017021959633
15028,0.370,0.770,279.9839630971636
15029,0.370,0.775,278.373266607392
15030,0.370,0.780,276.76965992325876
15031,0.370,0.785,275.17318889723026
15032,0.370,0.790,273.583898030759
15033,0.370,0.795,272.00183046818626
15034,0.370,0.800,270.4270279914205
15035,0.370,0.805,268.85953101538684
15036,0.370,0.810,267.2993785842489
15037,0.370,0.815,265.7466083683982
15038,0.370,0.820,264.20125666220787
15039,0.370,0.825,262.6633583825471
15040,0.370,0.830,261.1329470680495
15041,0.370,0.835,259.6100548791302
15042,0.370,0.840,258.09471259874357
15043,0.370,0.845,256.58694963387535
15044,0.370,0.850,255.08679401775845
15045,0.370,0.855,253.59427241280503
15046,0.370,0.860,252.10941011424322
15047,0.370,0.865,250.63223105444862
15048,0.370,0.870,249.16275780795834
15049,0.370,0.875,247.70101159715668
15050,0.370,0.880,246.24701229861765
15051,0.370,0.885,244.80077845009293
15052,0.370,0.890,243.36232725813068
15053,0.370,0.895,241.93167460630988
15054,0.370,0.900,240.50883506407672
15055,0.370,0.905,239.0938218961667
15056,0.370,0.910,237.68664707259654
15057,0.370,0.915,236.28732127921032
15058,0.370,0.920,234.8958539287625
15059,0.370,0.925,233.51225317252124
15060,0.370,0.930,232.13652591237474
15061,0.370,0.935,230.76867781342293
15062,0.370,0.940,229.40871331703673
15063,0.370,0.945,228.05663565436717
15064,0.370,0.950,226.71244686028578
15065,0.370,0.955,225.3761477877382
15066,0.370,0.960,224.04773812249263
15067,0.370,0.965,222.72721639826435
15068,0.370,0.970,221.4145800121981
15069,0.370,0.975,220.1098252406897
15070,0.370,0.980,218.8129472555278
15071,0.370,0.985,217.5239401403379
15072,0.370,0.990,216.24279690730987
15073,0.370,0.995,214.96950951419066
15074,0.370,1.000,213.70406888152363
15075,0.375,0.000,564.3254191779052
15076,0.375,0.005,562.5182633246026
15077,0.375,0.010,560.7073225290045
15078,0.375,0.015,558.8926280629665
15079,0.375,0.020,557.074211941325
15080,0.375,0.025,555.2521069283052
15081,0.375,0.030,553.4263465438262
15082,0.375,0.035,551.5969650696933
15083,0.375,0.040,549.7639975556749
15084,0.375,0.045,547.9274798254556
15085,0.375,0.050,546.0874484824604
15086,0.375,0.055,544.2439409155428
15087,0.375,0.060,542.39699530453
15088,0.375,0.065,540.5466506256197
15089,0.375,0.070,538.6929466566207
15090,0.375,0.075,536.8359239820304
15091,0.375,0.080,534.9756239979422
15092,0.375,0.085,533.1120889167775
15093,0.375,0.090,531.2453617718305
15094,0.375,0.095,529.3754864216249
15095,0.375,0.100,527.5025075540696
15096,0.375,0.105,525.6264706904075
15097,0.375,0.110,523.7474221889531
15098,0.375,0.115,521.8654092486051
15099,0.375,0.120,519.9804799121323
15100,0.375,0.125,518.0926830692207
15101,0.375,0.130,516.2020684592766
15102,0.375,0.135,514.308686673976
15103,0.375,0.140,512.412589159554
15104,0.375,0.145,510.5138282188246
15105,0.375,0.150,508.61245701292324
15106,0.375,0.155,506.70852956276576
15107,0.375,0.160,504.8021007502123
15108,0.375,0.165,502.8932263189315
15109,0.375,0.170,500.9819628749541
15110,0.375,0.175,499.06836788690947
15111,0.375,0.180,497.152499685937
15112,0.375,0.185,495.2344174652619
15113,0.375,0.190,493.31418127943135
15114,0.375,0.195,491.3918520431986
15115,0.375,0.200,489.4674915300501
15116,0.375,0.205,487.5411623703669
15117,0.375,0.210,485.6129280492116
15118,0.375,0.215,483.6828529037331
15119,0.375,0.220,481.7510021201837
15120,0.375,0.225,479.8174417305375
15121,0.375,0.230,477.88223860870477
15122,0.375,0.235,475.94546046633457
15123,0.375,0.240,474.0071758481985
15124,0.375,0.245,472.06745412714696
15125,0.375,0.250,470.1263654986339
15126,0.375,0.255,468.1839809748003
15127,0.375,0.260,466.2403723781115
15128,0.375,0.265,464.29561233454206
15129,0.375,0.270,462.3497742663011
15130,0.375,0.275,460.4029323840931
15131,0.375,0.280,458.45516167890827
15132,0.375,0.285,456.5065379133361
15133,0.375,0.290,454.5571376123996
15134,0.375,0.295,452.60703805390193
15135,0.375,0.300,450.65631725828393
15136,0.375,0.305,448.705053977987
15137,0.375,0.310,446.753327686317
15138,0.375,0.315,444.8012185658075
15139,0.375,0.320,442.8488074960776
15140,0.375,0.325,440.8961760411822
15141,0.375,0.330,438.9434064364525
15142,0.375,0.335,436.9905815748258
15143,0.375,0.340,435.03778499266036
15144,0.375,0.345,433.0851008550382
15145,0.375,0.350,431.13261394055155
15146,0.375,0.355,429.1804096255766
15147,0.375,0.360,427.22857386803105
15148,0.375,0.365,425.2771931906207
15149,0.375,0.370,423.3263546635723
15150,0.375,0.375,421.37614588685864
15151,0.375,0.380,419.4266549719153
15152,0.375,0.385,417.4779705228542
15153,0.375,0.390,415.5301816171773
15154,0.375,0.395,413.58337778599355
15155,0.375,0.400,411.6376489937459
15156,0.375,0.405,409.6930856174525
15157,0.375,0.410,407.74977842546843
15158,0.375,0.415,405.8078185557759
15159,0.375,0.420,403.86729749380765
15160,0.375,0.425,401.928307049815
15161,0.375,0.430,399.9909393357865
15162,0.375,0.435,398.0552867419275
15163,0.375,0.440,396.12144191271085
15164,0.375,0.445,394.18949772250875
15165,0.375,0.450,392.25954725081743
15166,0.375,0.455,390.3316837570862
15167,0.375,0.460,388.4060006551641
15168,0.375,0.465,386.48259148737645
15169,0.375,0.470,384.56154989824574
15170,0.375,0.475,382.64296960787146
15171,0.375,0.480,380.7269443849835
15172,0.375,0.485,378.81356801968514
15173,0.375,0.490,376.90293429590236
15174,0.375,0.495,374.9951369635556
15175,0.375,0.500,373.0902697104724
15176,0.375,0.505,371.18842613405826
15177,0.375,0.510,369.28969971274586
15178,0.375,0.515,367.39418377723933
15179,0.375,0.520,365.5019714815765
15180,0.375,0.525,363.6131557740269
15181,0.375,0.530,361.7278293678476
15182,0.375,0.535,359.84608471191785
15183,0.375,0.540,357.968013961274
15184,0.375,0.545,356.0937089475675
15185,0.375,0.550,354.22326114946713
15186,0.375,0.555,352.35676166303017
15187,0.375,0.560,350.49430117206407
15188,0.375,0.565,348.63596991850346
15189,0.375,0.570,346.78185767282463
15190,0.375,0.575,344.932053704524
15191,0.375,0.580,343.08664675268176
15192,0.375,0.585,341.24572499663833
15193,0.375,0.590,339.40937602680475
15194,0.375,0.595,337.5776868156353
15195,0.375,0.600,335.75074368878325
15196,0.375,0.605,333.92863229646855
15197,0.375,0.610,332.1114375850777
15198,0.375,0.615,330.29924376902477
15199,0.375,0.620,328.492134302895
15200,0.375,0.625,326.6901918538972
15201,0.375,0.630,324.8934982746477
15202,0.375,0.635,323.1021345763121
15203,0.375,0.640,321.316180902126
15204,0.375,0.645,319.5357165013203
15205,0.375,0.650,317.76081970347303
15206,0.375,0.655,315.99156789331107
15207,0.375,0.660,314.2280374859838
15208,0.375,0.665,312.4703039028311
15209,0.375,0.670,310.7184415476663
15210,0.375,0.675,308.9725237835954
15211,0.375,0.680,307.23262291039396
15212,0.375,0.685,305.49881014245886
15213,0.375,0.690,303.77115558735716
15214,0.375,0.695,302.0497282249873
15215,0.375,0.700,300.33459588737327
15216,0.375,0.705,298.625825239107
15217,0.375,0.710,296.92348175845495
15218,0.375,0.715,295.2276297191465
15219,0.375,0.720,293.53833217285575
15220,0.375,0.725,291.8556509323936
15221,0.375,0.730,290.17964655562
15222,0.375,0.735,288.51037833009156
15223,0.375,0.740,286.84790425845244
15224,0.375,0.745,285.19228104458205
15225,0.375,0.750,283.54356408050575
15226,0.375,0.755,281.9018074340792
15227,0.375,0.760,280.2670638374526
15228,0.375,0.765,278.6393846763216
15229,0.375,0.770,277.01881997997003
15230,0.375,0.775,275.40541841210955
15231,0.375,0.780,273.7992272625191
15232,0.375,0.785,272.20029243948665
15233,0.375,0.790,270.6086584630554
15234,0.375,0.795,269.02436845907425
15235,0.375,0.800,267.4474641540527
15236,0.375,0.805,265.87798587081807
15237,0.375,0.810,264.315972524974
15238,0.375,0.815,262.7614616221551
15239,0.375,0.820,261.21448925607535
15240,0.375,0.825,259.67509010736404
15241,0.375,0.830,258.14329744318366
15242,0.375,0.835,256.6191431176223
15243,0.375,0.840,255.1026575728539
15244,0.375,0.845,253.5938698410568
15245,0.375,0.850,252.09280754708132
15246,0.375,0.855,250.59949691185668
15247,0.375,0.860,249.11396275652606
15248,0.375,0.865,247.63622850729791
15249,0.375,0.870,246.16631620100145
15250,0.375,0.875,244.70424649133335
15251,0.375,0.880,243.25003865578168
15252,0.375,0.885,241.80371060321275
15253,0.375,0.890,240.36527888210694
15254,0.375,0.895,238.93475868942616
15255,0.375,0.900,237.51216388009954
15256,0.375,0.905,236.0975069771086
15257,0.375,0.910,234.6907991821566
15258,0.375,0.915,233.29205038690438
15259,0.375,0.920,231.90126918475463
15260,0.375,0.925,230.51846288316742
15261,0.375,0.930,229.14363751648816
15262,0.375,0.935,227.7767978592695
15263,0.375,0.940,226.4179474400689
15264,0.375,0.945,225.06708855570216
15265,0.375,0.950,223.72422228593433
15266,0.375,0.955,222.38934850858874
15267,0.375,0.960,221.06246591505422
15268,0.375,0.965,219.74357202617168
15269,0.375,0.970,218.4326632084807
15270,0.375,0.975,217.12973469080555
15271,0.375,0.980,215.83478058116276
15272,0.375,0.985,214.54779388396943
15273,0.375,0.990,213.26876651753398
15274,0.375,0.995,211.99768933180954
15275,0.375,1.000,210.7345521263908
15276,0.380,0.000,562.5929968380899
15277,0.380,0.005,560.7770006790731
15278,0.380,0.010,558.9571846961938
15279,0.380,0.015,557.1335804671977
15280,0.380,0.020,555.3062203252381
15281,0.380,0.025,553.4751373654875
15282,0.380,0.030,551.6403654516427
15283,0.380,0.035,549.8019392223193
15284,0.380,0.040,547.9598940973293
15285,0.380,0.045,546.1142662838344
15286,0.380,0.050,544.2650927823685
15287,0.380,0.055,542.4124113927253
15288,0.380,0.060,540.5562607196997
15289,0.380,0.065,538.6966801786813
15290,0.380,0.070,536.8337100010873
15291,0.380,0.075,534.967391239634
15292,0.380,0.080,533.097765773434
15293,0.380,0.085,531.2248763129155
15294,0.380,0.090,529.3487664045545
15295,0.380,0.095,527.4694804354127
15296,0.380,0.100,525.5870636374748
15297,0.380,0.105,523.7015620917743
15298,0.380,0.110,521.8130227323039
15299,0.380,0.115,519.9214933496992
15300,0.380,0.120,518.0270225946905
15301,0.380,0.125,516.1296599813122
15302,0.380,0.130,514.2294558898634
15303,0.380,0.135,512.3264615696112
15304,0.380,0.140,510.4207291412271
15305,0.380,0.145,508.51231159895053
15306,0.380,0.150,506.6012628124687
15307,0.380,0.155,504.6876375285064
15308,0.380,0.160,502.77149137211666
15309,0.380,0.165,500.8528808476624
15310,0.380,0.170,498.9318633394828
15311,0.380,0.175,497.00849711223555
15312,0.380,0.180,495.0828413109045
15313,0.380,0.185,493.15495596046657
15314,0.380,0.190,491.2249019652092
15315,0.380,0.195,489.2927411076876
15316,0.380,0.200,487.3585360473174
15317,0.380,0.205,485.42235031859
15318,0.380,0.210,483.48424832890703
15319,0.380,0.215,481.5442953560205
15320,0.380,0.220,479.60255754507625
15321,0.380,0.225,477.6591019052474
15322,0.380,0.230,475.71399630595414
15323,0.380,0.235,473.76730947265895
15324,0.380,0.240,471.8191109822326
15325,0.380,0.245,469.8694712578803
15326,0.380,0.250,467.91846156362357
15327,0.380,0.255,465.9661539983289
15328,0.380,0.260,464.0126214892771
15329,0.380,0.265,462.0579377852662
15330,0.380,0.270,460.10217744924233
15331,0.380,0.275,458.1454158504508
15332,0.380,0.280,456.1877291561026
15333,0.380,0.285,454.22919432255065
15334,0.380,0.290,452.2698890859698
15335,0.380,0.295,450.3098919525353
15336,0.380,0.300,448.34928218809586
15337,0.380,0.305,446.3881398073368
15338,0.380,0.310,444.4265455624267
15339,0.380,0.315,442.4645809311487
15340,0.380,0.320,440.50232810450774
15341,0.380,0.325,438.53986997381514
15342,0.380,0.330,436.57729011724456
15343,0.380,0.335,434.6146727858605
15344,0.380,0.340,432.6521028891145
15345,0.380,0.345,430.68966597981097
15346,0.380,0.350,428.7274482385387
15347,0.380,0.355,426.7655364575719
15348,0.380,0.360,424.8040180242363
15349,0.380,0.365,422.8429809037457
15350,0.380,0.370,420.8825136215076
15351,0.380,0.375,418.92270524490067
15352,0.380,0.380,416.9636453645268
15353,0.380,0.385,415.00542407494044
15354,0.380,0.390,413.0481319548601
15355,0.380,0.395,411.0918600468639
15356,0.380,0.400,409.13669983657786
15357,0.380,0.405,407.182743231358
15358,0.380,0.410,405.23008253847746
15359,0.380,0.415,403.27881044282066
15360,0.380,0.420,401.32901998409613
15361,0.380,0.425,399.38080453357355
15362,0.380,0.430,397.4342577703556
15363,0.380,0.435,395.4894736571925
15364,0.380,0.440,393.54654641585176
15365,0.380,0.445,391.6055705020514
15366,0.380,0.450,389.66664057997133
15367,0.380,0.455,387.7298514963516
15368,0.380,0.460,385.79529825419473
15369,0.380,0.465,383.8630759860814
15370,0.380,0.470,381.9332799271182
15371,0.380,0.475,380.00600538752826
15372,0.380,0.480,378.0813477249046
15373,0.380,0.485,376.15940231613854
15374,0.380,0.490,374.2402645290444
15375,0.380,0.495,372.3240296936939
15376,0.380,0.500,370.41079307348167
15377,0.380,0.505,368.5006498359401
15378,0.380,0.510,366.5936950233216
15379,0.380,0.515,364.69002352297025
15380,0.380,0.520,362.7897300375021
15381,0.380,0.525,360.8929090548163
15382,0.380,0.530,358.9996548179582
15383,0.380,0.535,357.11006129485605
15384,0.380,0.540,355.22422214795597
15385,0.380,0.545,353.3422307037755
15386,0.380,0.550,351.4641799224019
15387,0.380,0.555,349.59016236695714
15388,0.380,0.560,347.7202701730549
15389,0.380,0.565,345.85459501827427
15390,0.380,0.570,343.9932280916737
15391,0.380,0.575,342.1362600633724
15392,0.380,0.580,340.2837810542226
15393,0.380,0.585,338.4358806055991
15394,0.380,0.590,336.59264764933215
15395,0.380,0.595,334.75417047780894
15396,0.380,0.600,332.92053671426856
15397,0.380,0.605,331.091833283319
15398,0.380,0.610,329.2681463816986
15399,0.380,0.615,327.4495614493112
15400,0.380,0.620,325.6361631405576
15401,0.380,0.625,323.8280352959909
15402,0.380,0.630,322.02526091432077
15403,0.380,0.635,320.2279221247904
15404,0.380,0.640,318.43610015995336
15405,0.380,0.645,316.6498753288726
15406,0.380,0.650,314.86932699076743
15407,0.380,0.655,313.0945335291312
15408,0.380,0.660,311.32557232634366
15409,0.380,0.665,309.5625197388011
15410,0.380,0.670,307.80545107258547
15411,0.380,0.675,306.05444055969525
15412,0.380,0.680,304.3095613348597
15413,0.380,0.685,302.57088541295514
15414,0.380,0.690,300.83848366704524
15415,0.380,0.695,299.1124258070634
15416,0.380,0.700,297.3927803591555
15417,0.380,0.705,295.67961464570146
15418,0.380,0.710,293.9729947660313
15419,0.380,0.715,292.27298557785315
15420,0.380,0.720,290.57965067940677
15421,0.380,0.725,288.8930523923583
15422,0.380,0.730,287.2132517454477
15423,0.380,0.735,285.5403084589042
15424,0.380,0.740,283.87428092963734
15425,0.380,0.745,282.2152262172178
15426,0.380,0.750,280.5632000306547
15427,0.380,0.755,278.91825671597957
15428,0.380,0.760,277.2804492446433
15429,0.380,0.765,275.6498292027335
15430,0.380,0.770,274.02644678101655
15431,0.380,0.775,272.41035076581005
15432,0.380,0.780,270.80158853068735
15433,0.380,0.785,269.20020602901803
15434,0.380,0.790,267.60624778734507
15435,0.380,0.795,266.0197568995974
15436,0.380,0.800,264.44077502214043
15437,0.380,0.805,262.8693423696591
15438,0.380,0.810,261.3054977118727
15439,0.380,0.815,259.7492783710778
15440,0.380,0.820,258.2007202205127
15441,0.380,0.825,256.65985768354045
15442,0.380,0.830,255.1267237336406
15443,0.380,0.835,253.60134989520498
15444,0.380,0.840,252.0837662451268
15445,0.380,0.845,250.57400141517542
15446,0.380,0.850,249.07208259514522
15447,0.380,0.855,247.57803553676845
15448,0.380,0.860,246.09188455837997
15449,0.380,0.865,244.61365255032132
15450,0.380,0.870,243.14336098107034
15451,0.380,0.875,241.68102990408389
15452,0.380,0.880,240.2266779653368
15453,0.380,0.885,238.7803224115437
15454,0.380,0.890,237.34197909904674
15455,0.380,0.895,235.91166250335337
15456,0.380,0.900,234.48938572930672
15457,0.380,0.905,233.07516052187174
15458,0.380,0.910,231.66899727751854
15459,0.380,0.915,230.27090505618528
15460,0.380,0.920,228.88089159380135
15461,0.380,0.925,227.49896331535243
15462,0.380,0.930,226.12512534846766
15463,0.380,0.935,224.75938153750934
15464,0.380,0.940,223.4017344581458
15465,0.380,0.945,222.0521854323869
15466,0.380,0.950,220.71073454406238
15467,0.380,0.955,219.37738065472269
15468,0.380,0.960,218.05212141994184
15469,0.380,0.965,216.73495330600176
15470,0.380,0.970,215.4258716069386
15471,0.380,0.975,214.12487046192874
15472,0.380,0.980,212.83194287299625
15473,0.380,0.985,211.54708072302012
15474,0.380,0.990,210.27027479402113
15475,0.380,0.995,209.00151478570942
15476,0.380,1.000,207.740789334271
15477,0.385,0.000,560.849555775617
15478,0.385,0.005,559.0246124349414
15479,0.385,0.010,557.1958135065906
15480,0.385,0.015,555.3631908740471
15481,0.385,0.020,553.5267771888944
15482,0.385,0.025,551.6866058776384
15483,0.385,0.030,549.8427111484227
15484,0.385,0.035,547.9951279976337
15485,0.385,0.040,546.1438922163866
15486,0.385,0.045,544.2890403968879
15487,0.385,0.050,542.4306099386671
15488,0.385,0.055,540.5686390546701
15489,0.385,0.060,538.7031667772083
15490,0.385,0.065,536.8342329637551
15491,0.385,0.070,534.9618783025842
15492,0.385,0.075,533.0861443182421
15493,0.385,0.080,531.2070733768442
15494,0.385,0.085,529.3247086911929
15495,0.385,0.090,527.4390943257049
15496,0.385,0.095,525.550275201142
15497,0.385,0.100,523.6582970991375
15498,0.385,0.105,521.76320666651
15499,0.385,0.110,519.8650514193561
15500,0.385,0.115,517.9638797469161
15501,0.385,0.120,516.0597409151992
15502,0.385,0.125,514.1526850703676
15503,0.385,0.130,512.2427632418627
15504,0.385,0.135,510.33002734527224
15505,0.385,0.140,508.4145301849246
15506,0.385,0.145,506.49632545620454
15507,0.385,0.150,504.5754677475807
15508,0.385,0.155,502.6520125423363
15509,0.385,0.160,500.72601621999405
15510,0.385,0.165,498.79753605742724
15511,0.385,0.170,496.8666302296471
15512,0.385,0.175,494.9333578102591
15513,0.385,0.180,492.9977787715775
15514,0.385,0.185,491.05995398439103
15515,0.385,0.190,489.1199452173705
15516,0.385,0.195,487.1778151361089
15517,0.385,0.200,485.2336273017855
15518,0.385,0.205,483.28744616944635
15519,0.385,0.210,481.3393370858909
15520,0.385,0.215,479.38936628715754
15521,0.385,0.220,477.43760089559896
15522,0.385,0.225,475.48410891653896
15523,0.385,0.230,473.52895923450296
15524,0.385,0.235,471.5722216090133
15525,0.385,0.240,469.61396666994244
15526,0.385,0.245,467.654265912415
15527,0.385,0.250,465.69319169125157
15528,0.385,0.255,463.73081721494765
15529,0.385,0.260,461.7672165391782
15530,0.385,0.265,459.802464559824
15531,0.385,0.270,457.8366370055086
15532,0.385,0.275,455.8698104296449
15533,0.385,0.280,453.90206220197877
15534,0.385,0.285,451.933470499629
15535,0.385,0.290,449.9641142976149
15536,0.385,0.295,447.9940733588663
15537,0.385,0.300,446.0234282237122
15538,0.385,0.305,444.0522601988418
15539,0.385,0.310,442.08065134573445
15540,0.385,0.315,440.1086844685543
15541,0.385,0.320,438.1364431015051
15542,0.385,0.325,436.1640114956443
15543,0.385,0.330,434.1914746051499
15544,0.385,0.335,432.2189180730425
15545,0.385,0.340,430.2464282163557
15546,0.385,0.345,428.27409201075807
15547,0.385,0.350,426.30199707462174
15548,0.385,0.355,424.33023165254076
15549,0.385,0.360,422.3588845982968
15550,0.385,0.365,420.3880453572747
15551,0.385,0.370,418.41780394832824
15552,0.385,0.375,416.44825094509804
15553,0.385,0.380,414.4794774567845
15554,0.385,0.385,412.51157510837913
15555,0.385,0.390,410.54463602035696
15556,0.385,0.395,408.5787527878353
15557,0.385,0.400,406.614018459204
15558,0.385,0.405,404.65052651423133
15559,0.385,0.410,402.68837084165517
15560,0.385,0.415,400.72764571626243
15561,0.385,0.420,398.7684457754672
15562,0.385,0.425,396.8108659953959
15563,0.385,0.430,394.85500166648694
15564,0.385,0.435,392.900948368617
15565,0.385,0.440,390.9488019457628
15566,0.385,0.445,388.9986584802098
15567,0.385,0.450,387.05061426632136
15568,0.385,0.455,385.1047657838789
15569,0.385,0.460,383.16120967100903
15570,0.385,0.465,381.2200426967091
15571,0.385,0.470,379.2813617329884
15572,0.385,0.475,377.34526372663953
15573,0.385,0.480,375.4118456706567
15574,0.385,0.485,373.4812045753167
15575,0.385,0.490,371.55343743894326
15576,0.385,0.495,369.62864121836924
15577,0.385,0.500,367.7069127991191
15578,0.385,0.505,365.78834896532925
15579,0.385,0.510,363.8730463694278
15580,0.385,0.515,361.9611015015938
15581,0.385,0.520,360.05261065901817
15582,0.385,0.525,358.14766991498806
15583,0.385,0.530,356.2463750878175
15584,0.385,0.535,354.3488217096473
15585,0.385,0.540,352.4551049951382
15586,0.385,0.545,350.5653198100808
15587,0.385,0.550,348.6795606399482
15588,0.385,0.555,346.7979215584146
15589,0.385,0.560,344.92049619586635
15590,0.385,0.565,343.0473777079311
15591,0.385,0.570,341.1786587440505
15592,0.385,0.575,339.31443141612385
15593,0.385,0.580,337.45478726724775
15594,0.385,0.585,335.5998172405794
15595,0.385,0.590,333.74961164835076
15596,0.385,0.595,331.9042601410595
15597,0.385,0.600,330.0638516768645
15598,0.385,0.605,328.2284744912128
15599,0.385,0.610,326.3982160667253
15600,0.385,0.615,324.5731631033677
15601,0.385,0.620,322.75340148893355
15602,0.385,0.625,320.9390162698678
15603,0.385,0.630,319.13009162245373
15604,0.385,0.635,317.3267108243946
15605,0.385,0.640,315.5289562268105
15606,0.385,0.645,313.73690922668123
15607,0.385,0.650,311.9506502397567
15608,0.385,0.655,310.17025867396137
15609,0.385,0.660,308.3958129033172
15610,0.385,0.665,306.6273902424087
15611,0.385,0.670,304.8650669214125
15612,0.385,0.675,303.1089180617165
15613,0.385,0.680,301.35901765214794
15614,0.385,0.685,299.6154385258336
15615,0.385,0.690,297.8782523377125
15616,0.385,0.695,296.14752954272035
15617,0.385,0.700,294.4233393746655
15618,0.385,0.705,292.7057498258151
15619,0.385,0.710,290.9948276272071
15620,0.385,0.715,289.2906382297077
15621,0.385,0.720,287.5932457858265
15622,0.385,0.725,285.90271313230653
15623,0.385,0.730,284.2191017735019
15624,0.385,0.735,282.54247186555557
15625,0.385,0.740,280.87288220139
15626,0.385,0.745,279.2103901965198
15627,0.385,0.750,277.55505187569776
15628,0.385,0.755,275.90692186040104
15629,0.385,0.760,274.26605335716675
15630,0.385,0.765,272.6324981467821
15631,0.385,0.770,271.00630657433493
15632,0.385,0.775,269.3875275401286
15633,0.385,0.780,267.77620849146496
15634,0.385,0.785,266.17239541529676
15635,0.385,0.790,264.5761328317505
15636,0.385,0.795,262.98746378852053
15637,0.385,0.800,261.40642985613147
15638,0.385,0.805,259.83307112406874
15639,0.385,0.810,258.2674261977717
15640,0.385,0.815,256.70953219648726
15641,0.385,0.820,255.15942475197625
15642,0.385,0.825,253.61713800806805
15643,0.385,0.830,252.08270462105529
15644,0.385,0.835,250.5561557609202
15645,0.385,0.840,249.0375211133832
15646,0.385,0.845,247.52682888276453
15647,0.385,0.850,246.02410579564614
15648,0.385,0.855,244.52937710532382
15649,0.385,0.860,243.04266659703543
15650,0.385,0.865,241.56399659395208
15651,0.385,0.870,240.0933879639184
15652,0.385,0.875,238.63086012692608
15653,0.385,0.880,237.1764310633062
15654,0.385,0.885,235.73011732262262
15655,0.385,0.890,234.29193403325016
15656,0.385,0.895,232.8618949126206
15657,0.385,0.900,231.4400122781174
15658,0.385,0.905,230.0262970586011
15659,0.385,0.910,228.6207588065466
15660,0.385,0.915,227.2234057107726
15661,0.385,0.920,225.8342446097433
15662,0.385,0.925,224.4532810054227
15663,0.385,0.930,223.08051907766068
15664,0.385,0.935,221.71596169909023
15665,0.385,0.940,220.35961045051496
15666,0.385,0.945,219.01146563676608
15667,0.385,0.950,217.6715263030068
15668,0.385,0.955,216.3397902514642
15669,0.385,0.960,215.01625405856558
15670,0.385,0.965,213.7009130924589
15671,0.385,0.970,212.39376153089566
15672,0.385,0.975,211.09479237945467
15673,0.385,0.980,209.80399749008512
15674,0.385,0.985,208.52136757994862
15675,0.385,0.990,207.24689225053777
15676,0.385,0.995,205.98056000705137
15677,0.385,1.000,204.72235827800534
15678,0.390,0.000,559.0949850662922
15679,0.390,0.005,557.2609855969392
15680,0.390,0.010,555.4230938628845
15681,0.390,0.015,553.581342052917
15682,0.390,0.020,551.7357631368906
15683,0.390,0.025,549.8863908727642
15684,0.390,0.030,548.0332598135358
15685,0.390,0.035,546.1764053140665
15686,0.390,0.040,544.3158635377857
15687,0.390,0.045,542.4516714632713
15688,0.390,0.050,540.5838668906989
15689,0.390,0.055,538.7124884481526
15690,0.390,0.060,536.8375755977888
15691,0.390,0.065,534.9591686418487
15692,0.390,0.070,533.0773087285087
15693,0.390,0.075,531.1920378575644
15694,0.390,0.080,529.3033988859379
15695,0.390,0.085,527.4114355330022
15696,0.390,0.090,525.5161923857148
15697,0.390,0.095,523.6177149035512
15698,0.390,0.100,521.7160494232312
15699,0.390,0.105,519.8112431632305
15700,0.390,0.110,517.9033442280677
15701,0.390,0.115,515.9924016123583
15702,0.390,0.120,514.0784652046293
15703,0.390,0.125,512.1615857908835
15704,0.390,0.130,510.24181505790466
15705,0.390,0.135,508.3192055962983
15706,0.390,0.140,506.3938109032532
15707,0.390,0.145,504.4656853850218
15708,0.390,0.150,502.5348843591032
15709,0.390,0.155,500.6014640561268
15710,0.390,0.160,498.6654816214212
15711,0.390,0.165,496.72699511626433
15712,0.390,0.170,494.7860635188024
15713,0.390,0.175,492.8427467246296
15714,0.390,0.180,490.8971055470197
15715,0.390,0.185,488.94920171679985
15716,0.390,0.190,486.9990978818581
15717,0.390,0.195,485.04685760627405
15718,0.390,0.200,483.09254536906576
15719,0.390,0.205,481.13622656254194
15720,0.390,0.210,479.177967490251
15721,0.390,0.215,477.2178353645183
15722,0.390,0.220,475.2558983035634
15723,0.390,0.225,473.29222532818636
15724,0.390,0.230,471.3268863580167
15725,0.390,0.235,469.3599522073159
15726,0.390,0.240,467.39149458032387
15727,0.390,0.245,465.421586066143
15728,0.390,0.250,463.45030013315056
15729,0.390,0.255,461.4777111229317
15730,0.390,0.260,459.50389424372526
15731,0.390,0.265,457.528925563376
15732,0.390,0.270,455.55288200178467
15733,0.390,0.275,453.57584132284893
15734,0.390,0.280,451.59788212588995
15735,0.390,0.285,449.61908383655697
15736,0.390,0.290,447.63952669720334
15737,0.390,0.295,445.65929175672943
15738,0.390,0.300,443.6784608598863
15739,0.390,0.305,441.6971166360349
15740,0.390,0.310,439.7153424873562
15741,0.390,0.315,437.7332225765084
15742,0.390,0.320,435.75084181372586
15743,0.390,0.325,433.7682858433585
15744,0.390,0.330,431.78564102984575
15745,0.390,0.335,429.80299444312567
15746,0.390,0.340,427.8204338434741
15747,0.390,0.345,425.8380476657745
15748,0.390,0.350,423.8559250032161
15749,0.390,0.355,421.8741555904208
15750,0.390,0.360,419.89282978599726
15751,0.390,0.365,417.91203855452517
15752,0.390,0.370,415.93187344796877
15753,0.390,0.375,413.9524265865222
15754,0.390,0.380,411.97379063888957
15755,0.390,0.385,409.99605880200187
15756,0.390,0.390,408.01932478017557
15757,0.390,0.395,406.0436827637162
15758,0.390,0.400,404.06922740697274
15759,0.390,0.405,402.09605380584827
15760,0.390,0.410,400.12425747477386
15761,0.390,0.415,398.1539343231512
15762,0.390,0.420,396.1851806312754
15763,0.390,0.425,394.2180930257419
15764,0.390,0.430,392.252768454352
15765,0.390,0.435,390.28930416052197
15766,0.390,0.440,388.3277976572114
15767,0.390,0.445,386.36834670037933
15768,0.390,0.450,384.4110492619819
15769,0.390,0.455,382.45600350252397
15770,0.390,0.460,380.5033077431803
15771,0.390,0.465,378.55306043749806
15772,0.390,0.470,376.6053601427
15773,0.390,0.475,374.6603054906004
15774,0.390,0.480,372.7179951581549
15775,0.390,0.485,370.7785278376575
15776,0.390,0.490,368.8420022066083
15777,0.390,0.495,366.9085168972655
15778,0.390,0.500,364.9781704659066
15779,0.390,0.505,363.05106136181587
15780,0.390,0.510,361.12728789602113
15781,0.390,0.515,359.2069482098007
15782,0.390,0.520,357.29014024298397
15783,0.390,0.525,355.3769617020675
15784,0.390,0.530,353.4675100281715
15785,0.390,0.535,351.56188236486025
15786,0.390,0.540,349.6601755258509
15787,0.390,0.545,347.7624859626374
15788,0.390,0.550,345.8689097320532
15789,0.390,0.555,343.97954246380084
15790,0.390,0.560,342.09447932797303
15791,0.390,0.565,340.2138150025945
15792,0.390,0.570,338.3376436412096
15793,0.390,0.575,336.46605884054446
15794,0.390,0.580,334.5991536082716
15795,0.390,0.585,332.7370203309035
15796,0.390,0.590,330.8797507418459
15797,0.390,0.595,329.0274358896359
15798,0.390,0.600,327.18016610639626
15799,0.390,0.605,325.33803097653185
15800,0.390,0.610,323.501119305698
15801,0.390,0.615,321.6695190900683
15802,0.390,0.620,319.84331748593104
15803,0.390,0.625,318.0226007796407
15804,0.390,0.630,316.2074543579536
15805,0.390,0.635,314.3979626787746
15806,0.390,0.640,312.5942092423424
15807,0.390,0.645,310.7962765628801
15808,0.390,0.650,309.00424614073705
15809,0.390,0.655,307.21819843504954
15810,0.390,0.660,305.4382128369432
15811,0.390,0.665,303.66436764330507
15812,0.390,0.670,301.89674003114715
15813,0.390,0.675,300.13540603258696
15814,0.390,0.680,298.38044051046677
15815,0.390,0.685,296.6319171346349
15816,0.390,0.690,294.88990835890996
15817,0.390,0.695,293.15448539874916
15818,0.390,0.700,291.4257182096403
15819,0.390,0.705,289.7036754662365
15820,0.390,0.710,287.98842454225206
15821,0.390,0.715,286.2800314911362
15822,0.390,0.720,284.5785610275412
15823,0.390,0.725,282.8840765096
15824,0.390,0.730,281.1966399220274
15825,0.390,0.735,279.5163118600572
15826,0.390,0.740,277.84315151422976
15827,0.390,0.745,276.1772166560369
15828,0.390,0.750,274.51856362443795
15829,0.390,0.755,272.86724731325313
15830,0.390,0.760,271.22332115944255
15831,0.390,0.765,269.58683713227725
15832,0.390,0.770,267.95784572340733
15833,0.390,0.775,266.336395937832
15834,0.390,0.780,264.7225352857726
15835,0.390,0.785,263.1163097754531
15836,0.390,0.790,261.5177639067857
15837,0.390,0.795,259.92694066596385
15838,0.390,0.800,258.3438815209586
15839,0.390,0.805,256.768626417917
15840,0.390,0.810,255.20121377845814
15841,0.390,0.815,253.64168049786187
15842,0.390,0.820,252.090061944144
15843,0.390,0.825,250.54639195801107
15844,0.390,0.830,249.0107028536864
15845,0.390,0.835,247.48302542059818
15846,0.390,0.840,245.9633889259197
15847,0.390,0.845,244.45182111795057
15848,0.390,0.850,242.9483482303264
15849,0.390,0.855,241.45299498704478
15850,0.390,0.860,239.96578460829377
15851,0.390,0.865,238.48673881706728
15852,0.390,0.870,237.01587784655328
15853,0.390,0.875,235.55322044827827
15854,0.390,0.880,234.09878390099075
15855,0.390,0.885,232.65258402026697
15856,0.390,0.890,231.21463516882034
15857,0.390,0.895,229.78495026749587
15858,0.390,0.900,228.3635408069308
15859,0.390,0.905,226.95041685986135
15860,0.390,0.910,225.5455870940549
15861,0.390,0.915,224.14905878584875
15862,0.390,0.920,222.760837834272
15863,0.390,0.925,221.38092877573135
15864,0.390,0.930,220.00933479923802
15865,0.390,0.935,218.6460577621545
15866,0.390,0.940,217.29109820643856
15867,0.390,0.945,215.94445537536276
15868,0.390,0.950,214.606127230687
15869,0.390,0.955,213.2761104702611
15870,0.390,0.960,211.95440054603597
15871,0.390,0.965,210.64099168245954
15872,0.390,0.970,209.33587689523614
15873,0.390,0.975,208.03904801042606
15874,0.390,0.980,206.7504956838634
15875,0.390,0.985,205.47020942086954
15876,0.390,0.990,204.19817759624073
15877,0.390,0.995,202.9343874744874
15878,0.390,1.000,201.6788252303039
15879,0.395,0.000,557.3291732240599
15880,0.395,0.005,555.48600656065
15881,0.395,0.010,553.6389100100916
15882,0.395,0.015,551.7879160657503
15883,0.395,0.020,549.9330580152956
15884,0.395,0.025,548.0743699479684
15885,0.395,0.030,546.2118867617448
15886,0.395,0.035,544.3456441703875
15887,0.395,0.040,542.4756787103785
15888,0.395,0.045,540.6020277477286
15889,0.395,0.050,538.7247294846535
15890,0.395,0.055,536.843822966111
15891,0.395,0.060,534.9593480861909
15892,0.395,0.065,533.0713455943518
15893,0.395,0.070,531.1798571014963
15894,0.395,0.075,529.2849250858757
15895,0.395,0.080,527.3865928988182
15896,0.395,0.085,525.4849047702719
15897,0.395,0.090,523.579905814154
15898,0.395,0.095,521.6716420334982
15899,0.395,0.100,519.7601603253928
15900,0.395,0.105,517.8455084856996
15901,0.395,0.110,515.9277352135456
15902,0.395,0.115,514.0068901155793
15903,0.395,0.120,512.0830237099824
15904,0.395,0.125,510.15618743022713
15905,0.395,0.130,508.22643362857195
15906,0.395,0.135,506.29381557928457
15907,0.395,0.140,504.3583874815852
15908,0.395,0.145,502.4202044622991
15909,0.395,0.150,500.47932257820923
15910,0.395,0.155,498.53579881810134
15911,0.395,0.160,496.5896911044896
15912,0.395,0.165,494.6410582950154
15913,0.395,0.170,492.6899601835085
15914,0.395,0.175,490.7364575007015
15915,0.395,0.180,488.78061191458863
15916,0.395,0.185,486.8224860304174
15917,0.395,0.190,484.86214339030676
15918,0.395,0.195,482.89964847247853
15919,0.395,0.200,480.93506669009577
15920,0.395,0.205,478.9684643896966
15921,0.395,0.210,476.99990884921544
15922,0.395,0.215,475.02946827558054
15923,0.395,0.220,473.0572118018812
15924,0.395,0.225,471.08320948409244
15925,0.395,0.230,469.10753229735076
15926,0.395,0.235,467.13025213177025
15927,0.395,0.240,465.1514417877911
15928,0.395,0.245,463.17117497105147
15929,0.395,0.250,461.1895262867745
15930,0.395,0.255,459.2065712336619
15931,0.395,0.260,457.2223861972867
15932,0.395,0.265,455.2370484429756
15933,0.395,0.270,453.2506361081755
15934,0.395,0.275,451.2632281942954
15935,0.395,0.280,449.27490455801626
15936,0.395,0.285,447.2857459020636
15937,0.395,0.290,445.29583376543417
15938,0.395,0.295,443.30525051307256
15939,0.395,0.300,441.3140793249903
15940,0.395,0.305,439.32240418482314
15941,0.395,0.310,437.33030986781995
15942,0.395,0.315,435.3378819282608
15943,0.395,0.320,433.34520668629716
15944,0.395,0.325,431.3523712142133
15945,0.395,0.330,429.35946332210233
15946,0.395,0.335,427.3665715429579
15947,0.395,0.340,425.37378511717463
15948,0.395,0.345,423.38119397646005
15949,0.395,0.350,421.3888887271528
15950,0.395,0.355,419.3969606329491
15951,0.395,0.360,417.40550159703605
15952,0.395,0.365,415.414604143632
15953,0.395,0.370,413.4243613989359
15954,0.395,0.375,411.43486707148736
15955,0.395,0.380,409.4462154319381
15956,0.395,0.385,407.4585012922402
15957,0.395,0.390,405.471819984253
15958,0.395,0.395,403.4862673377743
15959,0.395,0.400,401.50193965799946
15960,0.395,0.405,399.51893370241703
15961,0.395,0.410,397.53734665714325
15962,0.395,0.415,395.55727611270726
15963,0.395,0.420,393.5788200392918
15964,0.395,0.425,391.60207676144057
15965,0.395,0.430,389.6271449322403
15966,0.395,0.435,387.65412350698796
15967,0.395,0.440,385.683111716357
15968,0.395,0.445,383.7142090390702
15969,0.395,0.450,381.7475151740968
15970,0.395,0.455,379.78313001238274
15971,0.395,0.460,377.82115360813384
15972,0.395,0.465,375.8616861496616
15973,0.395,0.470,373.90482792981254
15974,0.395,0.475,371.9506793159939
15975,0.395,0.480,369.9993407198176
15976,0.395,0.485,368.0509125663758
15977,0.395,0.490,366.10549526317226
15978,0.395,0.495,364.16318916872615
15979,0.395,0.500,362.2240945608704
15980,0.395,0.505,360.28831160476534
15981,0.395,0.510,358.3559403206507
15982,0.395,0.515,356.4270805513576
15983,0.395,0.520,354.50183192960515
15984,0.395,0.525,352.5802938451046
15985,0.395,0.530,350.66256541149755
15986,0.395,0.535,348.74874543315127
15987,0.395,0.540,346.83893237183923
15988,0.395,0.545,344.9332243133317
15989,0.395,0.550,343.03171893392425
15990,0.395,0.555,341.13451346693114
15991,0.395,0.560,339.2417046691715
15992,0.395,0.565,337.3533887874765
15993,0.395,0.570,335.4696615252462
15994,0.395,0.575,333.59061800908466
15995,0.395,0.580,331.71635275554286
15996,0.395,0.585,329.84695963799766
15997,0.395,0.590,327.9825318536984
15998,0.395,0.595,326.1231618910084
15999,0.395,0.600,324.26894149687257
16000,0.395,0.605,322.4199616445403
16001,0.395,0.610,320.5763125015739
16002,0.395,0.615,318.73808339817094
16003,0.395,0.620,316.90536279583176
16004,0.395,0.625,315.0782382563999
16005,0.395,0.630,313.25679641150595
16006,0.395,0.635,311.44112293244206
16007,0.395,0.640,309.6313025004973
16008,0.395,0.645,307.8274187777811
16009,0.395,0.650,306.02955437856167
16010,0.395,0.655,304.23779084114886
16011,0.395,0.660,302.4522086003459
16012,0.395,0.665,300.67288696049707
16013,0.395,0.670,298.8999040691568
16014,0.395,0.675,297.13333689140467
16015,0.395,0.680,295.37326118483116
16016,0.395,0.685,293.6197514752155
16017,0.395,0.690,291.87288103292076
16018,0.395,0.695,290.1327218500253
16019,0.395,0.700,288.39934461821315
16020,0.395,0.705,286.67281870744176
16021,0.395,0.710,284.95321214540667
16022,0.395,0.715,283.24059159782064
16023,0.395,0.720,281.53502234952407
16024,0.395,0.725,279.8365682864422
16025,0.395,0.730,278.1452918784036
16026,0.395,0.735,276.46125416283445
16027,0.395,0.740,274.78451472933864
16028,0.395,0.745,273.11513170517776
16029,0.395,0.750,271.45316174165794
16030,0.395,0.755,269.7986600014354
16031,0.395,0.760,268.1516801467453
16032,0.395,0.765,266.51227432856234
16033,0.395,0.770,264.88049317669737
16034,0.395,0.775,263.256385790834
16035,0.395,0.780,261.6399997325076
16036,0.395,0.785,260.0313810180293
16037,0.395,0.790,258.43057411235367
16038,0.395,0.795,256.83762192388974
16039,0.395,0.800,255.25256580025362
16040,0.395,0.805,253.67544552495934
16041,0.395,0.810,252.1062993150421
16042,0.395,0.815,250.54516381960974
16043,0.395,0.820,248.9920741193152
16044,0.395,0.825,247.4470637267416
16045,0.395,0.830,245.91016458769118
16046,0.395,0.835,244.38140708336869
16047,0.395,0.840,242.86082003344646
16048,0.395,0.845,241.34843070000173
16049,0.395,0.850,239.84426479231007
16050,0.395,0.855,238.34834647248374
16051,0.395,0.860,236.86069836193826
16052,0.395,0.865,235.38134154867237
16053,0.395,0.870,233.9102955953448
16054,0.395,0.875,232.44757854813017
16055,0.395,0.880,230.99320694633656
16056,0.395,0.885,229.54719583276577
16057,0.395,0.890,228.1095587647968
16058,0.395,0.895,226.680307826173
16059,0.395,0.900,225.25945363947204
16060,0.395,0.905,223.84700537923817
16061,0.395,0.910,222.4429707857546
16062,0.395,0.915,221.04735617943476
16063,0.395,0.920,219.6601664758103
16064,0.395,0.925,218.28140520109218
16065,0.395,0.930,216.91107450828355
16066,0.395,0.935,215.54917519381982
16067,0.395,0.940,214.19570671471362
16068,0.395,0.945,212.85066720618113
16069,0.395,0.950,211.514053499725
16070,0.395,0.955,210.18586114165245
16071,0.395,0.960,208.8660844120023
16072,0.395,0.965,207.5547163438594
16073,0.395,0.970,206.2517487430316
16074,0.395,0.975,204.95717220806614
16075,0.395,0.980,203.67097615058196
16076,0.395,0.985,202.3931488158948
16077,0.395,0.990,201.12367730391162
16078,0.395,0.995,199.86254759027227
16079,0.395,1.000,198.6097445477146
16080,0.400,0.000,555.552008268823
16081,0.400,0.005,553.6995611795078
16082,0.400,0.010,551.8431456016812
16083,0.400,0.015,549.9827943322316
16084,0.400,0.020,548.1185409758701
16085,0.400,0.025,546.2504199526362
16086,0.400,0.030,544.3784665052984
16087,0.400,0.035,542.5027167066447
16088,0.400,0.040,540.6232074666538
16089,0.400,0.045,538.7399765395413
16090,0.400,0.050,536.8530625306748
16091,0.400,0.055,534.9625049033475
16092,0.400,0.060,533.0683439854046
16093,0.400,0.065,531.1706209757166
16094,0.400,0.070,529.2693779504872
16095,0.400,0.075,527.3646578693922
16096,0.400,0.080,525.4565045815388
16097,0.400,0.085,523.544962831238
16098,0.400,0.090,521.630078263581
16099,0.400,0.095,519.7118974298128
16100,0.400,0.100,517.7904677924917
16101,0.400,0.105,515.8658377304282
16102,0.400,0.110,513.9380565433934
16103,0.400,0.115,512.0071744565884
16104,0.400,0.120,510.0732426248645
16105,0.400,0.125,508.136313136687
16106,0.400,0.130,506.19643901783064
16107,0.400,0.135,504.2536742347998
16108,0.400,0.140,502.30807369796213
16109,0.400,0.145,500.3596932643871
16110,0.400,0.150,498.40858974037934
16111,0.400,0.155,496.45482088369675
16112,0.400,0.160,494.4984454054444
16113,0.400,0.165,492.53952297163414
16114,0.400,0.170,490.57811420439884
16115,0.400,0.175,488.6142806828534
16116,0.400,0.180,486.64808494359113
16117,0.400,0.185,484.67959048080553
16118,0.400,0.190,482.70886174602896
16119,0.400,0.195,480.7359641474758
16120,0.400,0.200,478.7609640489832
16121,0.400,0.205,476.7839287685368
16122,0.400,0.210,474.8049265763728
16123,0.400,0.215,472.8240266926475
16124,0.400,0.220,470.84129928466245
16125,0.400,0.225,468.85681546363764
16126,0.400,0.230,466.8706472810216
16127,0.400,0.235,464.88286772433077
16128,0.400,0.240,462.89355071250674
16129,0.400,0.245,460.90277109078454
16130,0.400,0.250,458.9106046250609
16131,0.400,0.255,456.91712799575515
16132,0.400,0.260,454.9224187911543
16133,0.400,0.265,452.9265555002322
16134,0.400,0.270,450.929617504937
16135,0.400,0.275,448.93168507193764
16136,0.400,0.280,446.93283934382157
16137,0.400,0.285,444.9331623297386
16138,0.400,0.290,442.9327368954798
16139,0.400,0.295,440.93164675299005
16140,0.400,0.300,438.9299764493034
16141,0.400,0.305,436.9278113548981
16142,0.400,0.310,434.92523765146404
16143,0.400,0.315,432.9223423190803
16144,0.400,0.320,430.91921312279396
16145,0.400,0.325,428.9159385985999
16146,0.400,0.330,426.91260803881534
16147,0.400,0.335,424.9093114768484
16148,0.400,0.340,422.9061396713543
16149,0.400,0.345,420.9031840897814
16150,0.400,0.350,418.90053689130207
16151,0.400,0.355,416.89829090912923
16152,0.400,0.360,414.89653963221747
16153,0.400,0.365,412.8953771863498
16154,0.400,0.370,410.8948983146096
16155,0.400,0.375,408.89519835724064
16156,0.400,0.380,406.89637323089664
16157,0.400,0.385,404.89851940728363
16158,0.400,0.390,402.9017338911987
16159,0.400,0.395,400.90611419796954
16160,0.400,0.400,398.9117583302996
16161,0.400,0.405,396.9187647545258
16162,0.400,0.410,394.9272323762942
16163,0.400,0.415,392.93726051566193
16164,0.400,0.420,390.9489488816333
16165,0.400,0.425,388.96239754613913
16166,0.400,0.430,386.9777069174705
16167,0.400,0.435,384.99497771317505
16168,0.400,0.440,383.01431093243025
16169,0.400,0.445,381.0358078279038
16170,0.400,0.450,379.0595698771168
16171,0.400,0.455,377.08569875332097
16172,0.400,0.460,375.11429629590776
16173,0.400,0.465,373.1454644803625
16174,0.400,0.470,371.1793053877832
16175,0.400,0.475,369.2159211739787
16176,0.400,0.480,367.25541403816675
16177,0.400,0.485,365.2978861912889
16178,0.400,0.490,363.34343982396535
16179,0.400,0.495,361.3921770741072
16180,0.400,0.500,359.44419999421
16181,0.400,0.505,357.4996105183501
16182,0.400,0.510,355.5585104289072
16183,0.400,0.515,353.62100132303607
16184,0.400,0.520,351.6871845789134
16185,0.400,0.525,349.7571613217841
16186,0.400,0.530,347.83103238983335
16187,0.400,0.535,345.9088982999097
16188,0.400,0.540,343.99085921312894
16189,0.400,0.545,342.0770149003836
16190,0.400,0.550,340.1674647077883
16191,0.400,0.555,338.262307522088
16192,0.400,0.560,336.36164173606
16193,0.400,0.565,334.4655652139383
16194,0.400,0.570,332.5741752568897
16195,0.400,0.575,330.68756856857357
16196,0.400,0.580,328.8058412208138
16197,0.400,0.585,326.92908861941555
16198,0.400,0.590,325.05740547015654
16199,0.400,0.595,323.1908857449839
16200,0.400,0.600,321.3296226484494
16201,0.400,0.605,319.47370858441116
16202,0.400,0.610,317.6232351230369
16203,0.400,0.615,315.77829296813616
16204,0.400,0.620,313.9389719248545
16205,0.400,0.625,312.1053608677607
16206,0.400,0.630,310.2775477093558
16207,0.400,0.635,308.45561936903596
16208,0.400,0.640,306.6396617425374
16209,0.400,0.645,304.8297596718948
16210,0.400,0.650,303.0259969159402
16211,0.400,0.655,301.22845612137246
16212,0.400,0.660,299.43721879442387
16213,0.400,0.665,297.6523652731526
16214,0.400,0.670,295.87397470038627
16215,0.400,0.675,294.1021249973435
16216,0.400,0.680,292.33689283795803
16217,0.400,0.685,290.57835362393024
16218,0.400,0.690,288.8265814605283
16219,0.400,0.695,287.08164913316324
16220,0.400,0.700,285.34362808475805
16221,0.400,0.705,283.61258839393184
16222,0.400,0.710,281.88859875401874
16223,0.400,0.715,280.1717264529396
16224,0.400,0.720,278.4620373539444
16225,0.400,0.725,276.75959587724105
16226,0.400,0.730,275.0644649825255
16227,0.400,0.735,273.37670615242763
16228,0.400,0.740,271.6963793768851
16229,0.400,0.745,270.0235431384563
16230,0.400,0.750,268.35825439858354
16231,0.400,0.755,266.7005685848136
16232,0.400,0.760,265.05053957898514
16233,0.400,0.765,263.4082197063879
16234,0.400,0.770,261.7736597258993
16235,0.400,0.775,260.1469088211016
16236,0.400,0.780,258.52801459238304
16237,0.400,0.785,256.91702305002264
16238,0.400,0.790,255.31397860825965
16239,0.400,0.795,253.71892408034583
16240,0.400,0.800,252.1319006745772
16241,0.400,0.805,250.55294799130252
16242,0.400,0.810,248.98210402090206
16243,0.400,0.815,247.41940514273074
16244,0.400,0.820,245.86488612501867
16245,0.400,0.825,244.31858012571888
16246,0.400,0.830,242.78051869429342
16247,0.400,0.835,241.25073177442692
16248,0.400,0.840,239.72924770765437
16249,0.400,0.845,238.21609323789133
16250,0.400,0.850,236.7112935168515
16251,0.400,0.855,235.21487211033704
16252,0.400,0.860,233.72685100538558
16253,0.400,0.865,232.24725061825663
16254,0.400,0.870,230.77608980324018
16255,0.400,0.875,229.31338586226858
16256,0.400,0.880,227.85915455531293
16257,0.400,0.885,226.4134101115428
16258,0.400,0.890,224.9761652412305
16259,0.400,0.895,223.54743114837677
16260,0.400,0.900,222.1272175440372
16261,0.400,0.905,220.7155326603269
16262,0.400,0.910,219.31238326508006
16263,0.400,0.915,217.91777467714195
16264,0.400,0.920,216.53171078226916
16265,0.400,0.925,215.1541940496143
16266,0.400,0.930,213.78522554877145
16267,0.400,0.935,212.4248049673569
16268,0.400,0.940,211.07293062910176
16269,0.400,0.945,209.7295995124307
16270,0.400,0.950,208.39480726950273
16271,0.400,0.955,207.06854824568848
16272,0.400,0.960,205.75081549945943
16273,0.400,0.965,204.44160082266447
16274,0.400,0.970,203.14089476116814
16275,0.400,0.975,201.84868663582708
16276,0.400,0.980,200.56496456377877
16277,0.400,0.985,199.2897154800196
16278,0.400,0.990,198.02292515924665
16279,0.400,0.995,196.76457823794124
16280,0.400,1.000,195.5146582366683
16281,0.405,0.000,553.7633778008814
16282,0.405,0.005,551.9015348384418
16283,0.405,0.010,550.035683772373
16284,0.405,0.015,548.1658577016832
16285,0.405,0.020,546.2920905470066
16286,0.405,0.025,544.4144170583571
16287,0.405,0.030,542.532872822777
16288,0.405,0.035,540.6474942718751
16289,0.405,0.040,538.7583186892471
16290,0.405,0.045,536.8653842177713
16291,0.405,0.050,534.9687298667707
16292,0.405,0.055,533.0683955190353
16293,0.405,0.060,531.1644219376972
16294,0.405,0.065,529.2568507729479
16295,0.405,0.070,527.3457245685951
16296,0.405,0.075,525.431086768444
16297,0.405,0.080,523.5129817225001
16298,0.405,0.085,521.5914546929836
16299,0.405,0.090,519.6665518601445
16300,0.405,0.095,517.7383203278735
16301,0.405,0.100,515.8068081290961
16302,0.405,0.105,513.8720642309435
16303,0.405,0.110,511.9341385396895
16304,0.405,0.115,509.99308190544565
16305,0.405,0.120,508.0489461266029
16306,0.405,0.125,506.10178395401306
16307,0.405,0.130,504.1516490948977
16308,0.405,0.135,502.19859621647703
16309,0.405,0.140,500.2426809493077
16310,0.405,0.145,498.2839598903188
16311,0.405,0.150,496.32249060553806
16312,0.405,0.155,494.35833163249725
16313,0.405,0.160,492.3915424823053
16314,0.405,0.165,490.42218364138057
16315,0.405,0.170,488.4503165728326
16316,0.405,0.175,486.4760037174795
16317,0.405,0.180,484.4993084944956
16318,0.405,0.185,482.5202953016744
16319,0.405,0.190,480.53902951529983
16320,0.405,0.195,478.5555774896124
16321,0.405,0.200,476.5700065558643
16322,0.405,0.205,474.5823850209468
16323,0.405,0.210,472.59278216558624
16324,0.405,0.215,470.60126824209357
16325,0.405,0.220,468.60791447165985
16326,0.405,0.225,466.6127930411861
16327,0.405,0.230,464.6159770996392
16328,0.405,0.235,462.6175407539219
16329,0.405,0.240,460.61755906424906
16330,0.405,0.245,458.61610803901954
16331,0.405,0.250,456.6132646291741
16332,0.405,0.255,454.6091067220317
16333,0.405,0.260,452.6037131345919
16334,0.405,0.265,450.59716360629886
16335,0.405,0.270,448.58953879125477
16336,0.405,0.275,446.5809202498757
16337,0.405,0.280,444.57139043998245
16338,0.405,0.285,442.56103270731774
16339,0.405,0.290,440.5499312754824
16340,0.405,0.295,438.5381712352846
16341,0.405,0.300,436.52583853349313
16342,0.405,0.305,434.51301996099136
16343,0.405,0.310,432.4998031403232
16344,0.405,0.315,430.48627651262774
16345,0.405,0.320,428.4725293239552
16346,0.405,0.325,426.4586516109636
16347,0.405,0.330,424.44473418598585
16348,0.405,0.335,422.4308686214711
16349,0.405,0.340,420.41714723379107
16350,0.405,0.345,418.40366306641226
16351,0.405,0.350,416.39050987243183
16352,0.405,0.355,414.37778209647513
16353,0.405,0.360,412.3655748559544
16354,0.405,0.365,410.35398392168923
16355,0.405,0.370,408.34310569788926
16356,0.405,0.375,406.33303720150025
16357,0.405,0.380,404.32387604091565
16358,0.405,0.385,402.3157203940574
16359,0.405,0.390,400.308668985828
16360,0.405,0.395,398.3028210649399
16361,0.405,0.400,396.2982763801262
16362,0.405,0.405,394.2951351557388
16363,0.405,0.410,392.2934980667418
16364,0.405,0.415,390.2934662131058
16365,0.405,0.420,388.2951410936139
16366,0.405,0.425,386.2986245790866
16367,0.405,0.430,384.30401888503803
16368,0.405,0.435,382.311426543771
16369,0.405,0.440,380.320950375928
16370,0.405,0.445,378.33269346150576
16371,0.405,0.450,376.3467591103506
16372,0.405,0.455,374.3632508321477
16373,0.405,0.460,372.38227230592054
16374,0.405,0.465,370.4039273490556
16375,0.405,0.470,368.42831988587216
16376,0.405,0.475,366.45555391575215
16377,0.405,0.480,364.4857334808524
16378,0.405,0.485,362.5189626334166
16379,0.405,0.490,360.55534540270946
16380,0.405,0.495,358.5949857615941
16381,0.405,0.500,356.63798759277586
16382,0.405,0.505,354.68445465473405
16383,0.405,0.510,352.73449054736875
16384,0.405,0.515,350.7881986773844
16385,0.405,0.520,348.8456822234386
16386,0.405,0.525,346.90704410108026
16387,0.405,0.530,344.97238692750614
16388,0.405,0.535,343.0418129861619
16389,0.405,0.540,341.11542419121736
16390,0.405,0.545,339.19332205194394
16391,0.405,0.550,337.2756076370249
16392,0.405,0.555,335.36238153882726
16393,0.405,0.560,333.45374383766693
16394,0.405,0.565,331.54979406609795
16395,0.405,0.570,329.65063117325656
16396,0.405,0.575,327.7563534892925
16397,0.405,0.580,325.86705868991925
16398,0.405,0.585,323.9828437611162
16399,0.405,0.590,322.1038049640138
16400,0.405,0.595,320.2300377999959
16401,0.405,0.600,318.3616369760507
16402,0.405,0.605,316.4986963704041
16403,0.405,0.610,314.6413089984675
16404,0.405,0.615,312.7895669791326
16405,0.405,0.620,310.9435615014465
16406,0.405,0.625,309.10338279169827
16407,0.405,0.630,307.26912008095024
16408,0.405,0.635,305.4408615730446
16409,0.405,0.640,303.61869441311677
16410,0.405,0.645,301.8027046566484
16411,0.405,0.650,299.9929772390868
16412,0.405,0.655,298.18959594606423
16413,0.405,0.660,296.39264338424374
16414,0.405,0.665,294.602200952822
16415,0.405,0.670,292.8183488157153
16416,0.405,0.675,291.0411658744573
16417,0.405,0.680,289.2707297418339
16418,0.405,0.685,287.50711671628056
16419,0.405,0.690,285.75040175706727
16420,0.405,0.695,284.00065846029355
16421,0.405,0.700,282.25795903571736
16422,0.405,0.705,280.52237428443755
16423,0.405,0.710,278.7939735774516
16424,0.405,0.715,277.0728248351074
16425,0.405,0.720,275.3589945074661
16426,0.405,0.725,273.6525475555943
16427,0.405,0.730,271.9535474338
16428,0.405,0.735,270.26205607282657
16429,0.405,0.740,268.5781338640183
16430,0.405,0.745,266.90183964446857
16431,0.405,0.750,265.2332306831614
16432,0.405,0.755,263.57236266811424
16433,0.405,0.760,261.91928969453147
16434,0.405,0.765,260.2740642539728
16435,0.405,0.770,258.63673722454257
16436,0.405,0.775,257.0073578621031
16437,0.405,0.780,255.38597379251442
16438,0.405,0.785,253.77263100490032
16439,0.405,0.790,252.167373845941
16440,0.405,0.795,250.57024501518958
16441,0.405,0.800,248.98128556140975
16442,0.405,0.805,247.4005348799293
16443,0.405,0.810,245.8280307110038
16444,0.405,0.815,244.26380913918365
16445,0.405,0.820,242.707904593675
16446,0.405,0.825,241.1603498496857
16447,0.405,0.830,239.62117603074537
16448,0.405,0.835,238.09041261198644
16449,0.405,0.840,236.56808742437454
16450,0.405,0.845,235.0542266598729
16451,0.405,0.850,233.54885487752566
16452,0.405,0.855,232.0519950104439
16453,0.405,0.860,230.5636683736772
16454,0.405,0.865,229.083894672952
16455,0.405,0.870,227.6126920142588
16456,0.405,0.875,226.1500769142667
16457,0.405,0.880,224.69606431154625
16458,0.405,0.885,223.25066757857817
16459,0.405,0.890,221.81389853452617
16460,0.405,0.895,220.3857674587515
16461,0.405,0.900,218.9662831050452
16462,0.405,0.905,217.5554527165555
16463,0.405,0.910,216.1532820413847
16464,0.405,0.915,214.75977534883194
16465,0.405,0.920,213.37493544625636
16466,0.405,0.925,211.99876369653555
16467,0.405,0.930,210.63126003609332
16468,0.405,0.935,209.27242299347114
16469,0.405,0.940,207.9222497084176
16470,0.405,0.945,206.58073595146905
16471,0.405,0.950,205.247876143996
16472,0.405,0.955,203.9236633786883
16473,0.405,0.960,202.60808944045382
16474,0.405,0.965,201.30114482770333
16475,0.405,0.970,200.00281877399675
16476,0.405,0.975,198.71309927002406
16477,0.405,0.980,197.43197308589527
16478,0.405,0.985,196.15942579371455
16479,0.405,0.990,194.89544179041255
16480,0.405,0.995,193.6400043208121
16481,0.405,1.000,192.39309550090343
16482,0.410,0.000,551.9631690824867
16483,0.410,0.005,550.0918125346731
16484,0.410,0.010,548.2164072181203
16485,0.410,0.015,546.336986532177
16486,0.410,0.020,544.4535847119106
16487,0.410,0.025,542.5662368361178
16488,0.410,0.030,540.6749788352332
16489,0.410,0.035,538.7798474991262
16490,0.410,0.040,536.8808804847807
16491,0.410,0.045,534.978116323851
16492,0.410,0.050,533.0715944300832
16493,0.410,0.055,531.161355106598
16494,0.410,0.060,529.2474395530232
16495,0.410,0.065,527.3298898724726
16496,0.410,0.070,525.4087490783567
16497,0.410,0.075,523.4840611010235
16498,0.410,0.080,521.555870794216
16499,0.410,0.085,519.6242239413396
16500,0.410,0.090,517.6891672615294
16501,0.410,0.095,515.7507484155116
16502,0.410,0.100,513.8090160112439
16503,0.410,0.105,511.86401960933193
16504,0.410,0.110,509.91580972820776
16505,0.410,0.115,507.9644378490633
16506,0.410,0.120,506.00995642052686
16507,0.410,0.125,504.0524188630757
16508,0.410,0.130,502.0918795731714
16509,0.410,0.135,500.1283939271113
16510,0.410,0.140,498.1620182845818
16511,0.410,0.145,496.19280999190795
16512,0.410,0.150,494.22082738498483
16513,0.410,0.155,492.2461297918818
16514,0.410,0.160,490.26877753511025
16515,0.410,0.165,488.28883193354216
16516,0.410,0.170,486.3063553039694
16517,0.410,0.175,484.32141096229435
16518,0.410,0.180,482.33406322433905
16519,0.410,0.185,480.34437740626294
16520,0.410,0.190,478.3524198245798
16521,0.410,0.195,476.3582577957594
16522,0.410,0.200,474.3619596354078
16523,0.410,0.205,472.3635946570104
16524,0.410,0.210,470.36323317023215
16525,0.410,0.215,468.36094647875944
16526,0.410,0.220,466.35680687767626
16527,0.410,0.225,464.35088765036306
16528,0.410,0.230,462.343263064907
16529,0.410,0.235,460.3340083700145
16530,0.410,0.240,458.3231997904147
16531,0.410,0.245,456.3109145217454
16532,0.410,0.250,454.2972307249088
16533,0.410,0.255,452.28222751989006
16534,0.410,0.260,450.265984979028
16535,0.410,0.265,448.2485841197279
16536,0.410,0.270,446.23010689660845
16537,0.410,0.275,444.2106361930733
16538,0.410,0.280,442.19025581229954
16539,0.410,0.285,440.1690504676331
16540,0.410,0.290,438.1471057723853
16541,0.410,0.295,436.12450822902235
16542,0.410,0.300,434.1013452177382
16543,0.410,0.305,432.07770498440885
16544,0.410,0.310,430.05367662791656
16545,0.410,0.315,428.0293500868418
16546,0.410,0.320,426.0048161255151
16547,0.410,0.325,423.98016631942585
16548,0.410,0.330,421.95549303998087
16549,0.410,0.335,419.9308894386128
16550,0.410,0.340,417.90644943022977
16551,0.410,0.345,415.88226767600935
16552,0.410,0.350,413.8584395655294
16553,0.410,0.355,411.83506119823767
16554,0.410,0.360,409.81222936425786
16555,0.410,0.365,407.7900415245324
16556,0.410,0.370,405.76859579030236
16557,0.410,0.375,403.7479909019255
16558,0.410,0.380,401.72832620703434
16559,0.410,0.385,399.70970163803804
16560,0.410,0.390,397.6922176889702
16561,0.410,0.395,395.67597539168776
16562,0.410,0.400,393.661076291426
16563,0.410,0.405,391.64762242171554
16564,0.410,0.410,389.6357162786682
16565,0.410,0.415,387.6254607946399
16566,0.410,0.420,385.61695931127844
16567,0.410,0.425,383.6103155519664
16568,0.410,0.430,381.6056335936692
16569,0.410,0.435,379.6030178381999
16570,0.410,0.440,377.6025729829131
16571,0.410,0.445,375.6044039908406
16572,0.410,0.450,373.6086160602844
16573,0.410,0.455,371.61531459388004
16574,0.410,0.460,369.6246051671487
16575,0.410,0.465,367.6365934965533
16576,0.410,0.470,365.651385407078
16577,0.410,0.475,363.66908679934835
16578,0.410,0.480,361.68980361631384
16579,0.410,0.485,359.7136418095123
16580,0.410,0.490,357.7407073049386
16581,0.410,0.495,355.77110596853987
16582,0.410,0.500,353.80494357136087
16583,0.410,0.505,351.8423257543638
16584,0.410,0.510,349.88335799294856
16585,0.410,0.515,347.92814556119765
16586,0.410,0.520,345.9767934958753
16587,0.410,0.525,344.02940656020553
16588,0.410,0.530,342.08608920745985
16589,0.410,0.535,340.14694554438256
16590,0.410,0.540,338.2120792944838
16591,0.410,0.545,336.28159376122954
16592,0.410,0.550,334.35559179116274
16593,0.410,0.555,332.4341757369828
16594,0.410,0.560,330.5174474206191
16595,0.410,0.565,328.60550809632934
16596,0.410,0.570,326.69845841385575
16597,0.410,0.575,324.79639838167355
16598,0.410,0.580,322.8994273303637
16599,0.410,0.585,321.00764387614527
16600,0.410,0.590,319.1211458846008
16601,0.410,0.595,317.2400304346293
16602,0.410,0.600,315.36439378266095
16603,0.410,0.605,313.49433132716797
16604,0.410,0.610,311.6299375735062
16605,0.410,0.615,309.77130609912166
16606,0.410,0.620,307.9185295191559
16607,0.410,0.625,306.0716994524844
16608,0.410,0.630,304.23090648822165
16609,0.410,0.635,302.3962401527259
16610,0.410,0.640,300.56778887713716
16611,0.410,0.645,298.7456399654796
16612,0.410,0.650,296.92987956336185
16613,0.410,0.655,295.1205926273054
16614,0.410,0.660,293.31786289473234
16615,0.410,0.665,291.52177285464165
16616,0.410,0.670,289.7324037190041
16617,0.410,0.675,287.9498353949039
16618,0.410,0.680,286.1741464574542
16619,0.410,0.685,284.4054141235126
16620,0.410,0.690,282.64371422622395
16621,0.410,0.695,280.88912119041294
16622,0.410,0.700,279.1417080088505
16623,0.410,0.705,277.4015462194171
16624,0.410,0.710,275.66870588318295
16625,0.410,0.715,273.94325556342557
16626,0.410,0.720,272.22526230560294
16627,0.410,0.725,270.5147916183
16628,0.410,0.730,268.8119074551639
16629,0.410,0.735,267.11667219784334
16630,0.410,0.740,265.42914663994446
16631,0.410,0.745,263.74938997201576
16632,0.410,0.750,262.0774597675719
16633,0.410,0.755,260.4134119701663
16634,0.410,0.760,258.757300881519
16635,0.410,0.765,257.109179150706
16636,0.410,0.770,255.46909776441632
16637,0.410,0.775,253.8371060382772
16638,0.410,0.780,252.21325160925133
16639,0.410,0.785,250.59758042910613
16640,0.410,0.790,248.9901367589524
16641,0.410,0.795,247.39096316485166
16642,0.410,0.800,245.80010051448687
16643,0.410,0.805,244.21758797489161
16644,0.410,0.810,242.64346301123064
16645,0.410,0.815,241.07776138662433
16646,0.410,0.820,239.52051716300684
16647,0.410,0.825,237.97176270300733
16648,0.410,0.830,236.43152867284294
16649,0.410,0.835,234.89984404620958
16650,0.410,0.840,233.37673610915633
16651,0.410,0.845,231.86223046592826
16652,0.410,0.850,230.35635104576096
16653,0.410,0.855,228.8591201106084
16654,0.410,0.860,227.37055826378693
16655,0.410,0.865,225.89068445951452
16656,0.410,0.870,224.41951601332516
16657,0.410,0.875,222.9570686133376
16658,0.410,0.880,221.50335633235528
16659,0.410,0.885,220.05839164077557
16660,0.410,0.890,218.62218542028418
16661,0.410,0.895,217.19474697831032
16662,0.410,0.900,215.77608406321895
16663,0.410,0.905,214.3662028802132
16664,0.410,0.910,212.96510810792245
16665,0.410,0.915,211.5728029156495
16666,0.410,0.920,210.18928898124992
16667,0.410,0.925,208.81456650961707
16668,0.410,0.930,207.4486342517459
16669,0.410,0.935,206.09148952434754
16670,0.410,0.940,204.74312822998792
16671,0.410,0.945,203.40354487772223
16672,0.410,0.950,202.07273260419805
16673,0.410,0.955,200.75068319519963
16674,0.410,0.960,199.43738710760516
16675,0.410,0.965,198.13283349173
16676,0.410,0.970,196.8370102140288
16677,0.410,0.975,195.5499038801287
16678,0.410,0.980,194.2714998581671
16679,0.410,0.985,193.00178230240726
16680,0.410,0.990,191.7407341771052
16681,0.410,0.995,190.48833728060228
16682,0.410,1.000,189.2445722696174
16683,0.415,0.000,550.151269127048
16684,0.415,0.005,548.2702789662002
16685,0.415,0.010,546.3851982838198
16686,0.415,0.015,544.496060777411
16687,0.415,0.020,542.6029009945821
16688,0.415,0.025,540.7057543413255
16689,0.415,0.030,538.8046570901944
16690,0.415,0.035,536.8996463883719
16691,0.415,0.040,534.9907602656217
16692,0.415,0.045,533.0780376421135
16693,0.415,0.050,531.1615183361185
16694,0.415,0.055,529.2412430715616
16695,0.415,0.060,527.3172534854275
16696,0.415,0.065,525.3895921350085
16697,0.415,0.070,523.4583025049867
16698,0.415,0.075,521.5234290143443
16699,0.415,0.080,519.5850170230885
16700,0.415,0.085,517.6431128387858
16701,0.415,0.090,515.6977637228957
16702,0.415,0.095,513.7490178968936
16703,0.415,0.100,511.7969245481731
16704,0.415,0.105,509.8415338357203
16705,0.415,0.110,507.88289689554847
16706,0.415,0.115,505.921065845883
16707,0.415,0.120,503.95609379208713
16708,0.415,0.125,501.98803483131934
16709,0.415,0.130,500.01694405690984
16710,0.415,0.135,498.04287756244725
16711,0.415,0.140,496.0658924455645
16712,0.415,0.145,494.08604681141264
16713,0.415,0.150,492.1033997758135
16714,0.415,0.155,490.11801146807824
16715,0.415,0.160,488.12994303348137
16716,0.415,0.165,486.13925663538066
16717,0.415,0.170,484.14601545696945
16718,0.415,0.175,482.15028370265213
16719,0.415,0.180,480.1521265990306
16720,0.415,0.185,478.1516103954902
16721,0.415,0.190,476.14880236437483
16722,0.415,0.195,474.1437708007386
16723,0.415,0.200,472.13658502166453
16724,0.415,0.205,470.1273153651359
16725,0.415,0.210,468.1160331884534
16726,0.415,0.215,466.1028108661821
16727,0.415,0.220,464.0877217876211
16728,0.415,0.225,462.0708403537813
16729,0.415,0.230,460.0522419738637
16730,0.415,0.235,458.0320030612239
16731,0.415,0.240,456.01020102881506
16732,0.415,0.245,453.98691428409575
16733,0.415,0.250,451.96222222339526
16734,0.415,0.255,449.93620522572377
16735,0.415,0.260,447.90894464601774
16736,0.415,0.265,445.8805228078112
16737,0.415,0.270,443.85102299532366
16738,0.415,0.275,441.8205294449533
16739,0.415,0.280,439.78912733616903
16740,0.415,0.285,437.75690278179
16741,0.415,0.290,435.72394281764696
16742,0.415,0.295,433.69033539161444
16743,0.415,0.300,431.6561693520073
16744,0.415,0.305,429.6215344353367
16745,0.415,0.310,427.58652125341325
16746,0.415,0.315,425.5512212797969
16747,0.415,0.320,423.5157268355825
16748,0.415,0.325,421.4801310745199
16749,0.415,0.330,419.4445279674601
16750,0.415,0.335,417.40901228612597
16751,0.415,0.340,415.37367958620126
16752,0.415,0.345,413.33862618973734
16753,0.415,0.350,411.30394916687294
16754,0.415,0.355,409.2697463168661
16755,0.415,0.360,407.236116148437
16756,0.415,0.365,405.2031578594213
16757,0.415,0.370,403.17097131573394
16758,0.415,0.375,401.13965702964475
16759,0.415,0.380,399.10931613736744
16760,0.415,0.385,397.0800503759647
16761,0.415,0.390,395.0519620595728
16762,0.415,0.395,393.0251540549499
16763,0.415,0.400,390.99972975635376
16764,0.415,0.405,388.9757930597537
16765,0.415,0.410,386.9534483363847
16766,0.415,0.415,384.9328004056521
16767,0.415,0.420,382.91395450739304
16768,0.415,0.425,380.89701627350803
16769,0.415,0.430,378.8820916989712
16770,0.415,0.435,376.86928711222913
16771,0.415,0.440,374.8587091450071
16772,0.415,0.445,372.85046470152776
16773,0.415,0.450,370.84466092716565
16774,0.415,0.455,368.8414051765457
16775,0.415,0.460,366.84080498110853
16776,0.415,0.465,364.84296801615506
16777,0.415,0.470,362.8480020673941
16778,0.415,0.475,360.85601499700715
16779,0.415,0.480,358.8671147092571
16780,0.415,0.485,356.88140911565665
16781,0.415,0.490,354.89900609972375
16782,0.415,0.495,352.920013481345
16783,0.415,0.500,350.9445389807722
16784,0.415,0.505,348.97269018227826
16785,0.415,0.510,347.00457449749786
16786,0.415,0.515,345.0402991284804
16787,0.415,0.520,343.07997103048393
16788,0.415,0.525,341.1236968745384
16789,0.415,0.530,339.171583009808
16790,0.415,0.535,337.2237354257834
16791,0.415,0.540,335.2802597143348
16792,0.415,0.545,333.3412610316582
16793,0.415,0.550,331.4068440601464
16794,0.415,0.555,329.4771129702193
16795,0.415,0.560,327.55217138214596
16796,0.415,0.565,325.63212232789294
16797,0.415,0.570,323.7170682130344
16798,0.415,0.575,321.8071107787574
16799,0.415,0.580,319.9023510639995
16800,0.415,0.585,318.00288936775235
16801,0.415,0.590,316.10882521156975
16802,0.415,0.595,314.22025730231326
16803,0.415,0.600,312.3372834951741
16804,0.415,0.605,310.46000075700533
16805,0.415,0.610,308.58850513000243
16806,0.415,0.615,306.722891695767
16807,0.415,0.620,304.8632545397893
16808,0.415,0.625,303.0096867163872
16809,0.415,0.630,301.16228021413366
16810,0.415,0.635,299.32112592181153
16811,0.415,0.640,297.4863135949269
16812,0.415,0.645,295.6579318228174
16813,0.415,0.650,293.8360679963871
16814,0.415,0.655,292.02080827650303
16815,0.415,0.660,290.21223756308314
16816,0.415,0.665,288.41043946490873
16817,0.415,0.670,286.6154962701919
16818,0.415,0.675,284.8274889179264
16819,0.415,0.680,283.04649697005215
16820,0.415,0.685,281.2725985844601
16821,0.415,0.690,279.5058704888651
16822,0.415,0.695,277.7463879555711
16823,0.415,0.700,275.9942247771544
16824,0.415,0.705,274.24945324308703
16825,0.415,0.710,272.5121441173228
16826,0.415,0.715,270.782366616867
16827,0.415,0.720,269.06018839134765
16828,0.415,0.725,267.3456755036076
16829,0.415,0.730,265.63889241133353
16830,0.415,0.735,263.9399019497365
16831,0.415,0.740,262.24876531529804
16832,0.415,0.745,260.5655420505938
16833,0.415,0.750,258.89029003020516
16834,0.415,0.755,257.2230654477278
16835,0.415,0.760,255.563922803885
16836,0.415,0.765,253.91291489575178
16837,0.415,0.770,252.2700928070933
16838,0.415,0.775,250.63550589982145
16839,0.415,0.780,249.0092018065707
16840,0.415,0.785,247.39122642439227
16841,0.415,0.790,245.78162390956587
16842,0.415,0.795,244.180436673525
16843,0.415,0.800,242.5877053798915
16844,0.415,0.805,241.00346894261278
16845,0.415,0.810,239.42776452519405
16846,0.415,0.815,237.86062754101684
16847,0.415,0.820,236.3020916547329
16848,0.415,0.825,234.75218878472185
16849,0.415,0.830,233.2109491065992
16850,0.415,0.835,231.67840105776085
16851,0.415,0.840,230.1545713429474
16852,0.415,0.845,228.63948494081285
16853,0.415,0.850,227.1331651114782
16854,0.415,0.855,225.63563340505203
16855,0.415,0.860,224.1469096710973
16856,0.415,0.865,222.66701206902346
16857,0.415,0.870,221.19595707938203
16858,0.415,0.875,219.73375951604237
16859,0.415,0.880,218.2804325392243
16860,0.415,0.885,216.8359876693625
16861,0.415,0.890,215.4004348017786
16862,0.415,0.895,213.97378222213362
16863,0.415,0.900,212.55603662263565
16864,0.415,0.905,211.14720311897528
16865,0.415,0.910,209.7472852679612
16866,0.415,0.915,208.35628508582823
16867,0.415,0.920,206.9742030671902
16868,0.415,0.925,205.60103820460802
16869,0.415,0.930,204.23678800874552
16870,0.415,0.935,202.88144852908334
16871,0.415,0.940,201.53501437516175
16872,0.415,0.945,200.1974787383242
16873,0.415,0.950,198.86883341393147
16874,0.415,0.955,197.54906882401795
16875,0.415,0.960,196.23817404036095
16876,0.415,0.965,194.93613680793396
16877,0.415,0.970,193.64294356871528
16878,0.415,0.975,192.35857948582398
16879,0.415,0.980,191.08302846795385
16880,0.415,0.985,189.81627319407886
16881,0.415,0.990,188.5582951384013
16882,0.415,0.995,187.30907459551628
16883,0.415,1.000,186.0685907057653
16884,0.420,0.000,548.3275647965544
16885,0.420,0.005,546.4368186285539
16886,0.420,0.010,544.541939059338
16887,0.420,0.015,542.6429600819455
16888,0.420,0.020,540.7399165542006
16889,0.420,0.025,538.8328442072749
16890,0.420,0.030,536.9217796541443
16891,0.420,0.035,535.0067603979406
16892,0.420,0.040,533.0878248401849
16893,0.420,0.045,531.1650122888975
16894,0.420,0.050,529.2383629665766
16895,0.420,0.055,527.3079180180346
16896,0.420,0.060,525.3737195180895
16897,0.420,0.065,523.4358104790955
16898,0.420,0.070,521.4942348583091
16899,0.420,0.075,519.549037565083
16900,0.420,0.080,517.600264467871
16901,0.420,0.085,515.647962401045
16902,0.420,0.090,513.6921791715062
16903,0.420,0.095,511.7329635650857
16904,0.420,0.100,509.77036535272237
16905,0.420,0.105,507.80443529640985
16906,0.420,0.110,505.8352251549005
16907,0.420,0.115,503.8627876891579
16908,0.420,0.120,501.8871766675465
16909,0.420,0.125,499.90844687074815
16910,0.420,0.130,497.92665409639454
16911,0.420,0.135,495.94185516340514
16912,0.420,0.140,493.9541079160191
16913,0.420,0.145,491.96347122751087
16914,0.420,0.150,489.97000500357734
16915,0.420,0.155,487.9737701853856
16916,0.420,0.160,485.97482875227047
16917,0.420,0.165,483.9732437240687
16918,0.420,0.170,481.96907916308083
16919,0.420,0.175,479.96240017564594
16920,0.420,0.180,477.95327291332035
16921,0.420,0.185,475.94176457364625
16922,0.420,0.190,473.9279434005008
16923,0.420,0.195,471.9118786840109
16924,0.420,0.200,469.89364076002516
16925,0.420,0.205,467.87330100912817
16926,0.420,0.210,465.8509318551874
16927,0.420,0.215,463.82660676342
16928,0.420,0.220,461.8004002379672
16929,0.420,0.225,459.77238781896705
16930,0.420,0.230,457.7426460791101
16931,0.420,0.235,455.7112526196701
16932,0.420,0.240,453.6782860659967
16933,0.420,0.245,451.6438260624583
16934,0.420,0.250,449.60795326682603
16935,0.420,0.255,447.5707493440857
16936,0.420,0.260,445.5322969596686
16937,0.420,0.265,443.49267977209
16938,0.420,0.270,441.45198242498515
16939,0.420,0.275,439.4102905385333
16940,0.420,0.280,437.36769070025923
16941,0.420,0.285,435.3242704552036
16942,0.420,0.290,433.28011829545335
16943,0.420,0.295,431.23532364902235
16944,0.420,0.300,429.18997686807467
16945,0.420,0.305,427.1441692164843
16946,0.420,0.310,425.0979928567193
16947,0.420,0.315,423.05154083605026
16948,0.420,0.320,421.0049070720691
16949,0.420,0.325,418.9581863375186
16950,0.420,0.330,416.9114742444231
16951,0.420,0.335,414.8648672275189
16952,0.420,0.340,412.818462526976
16953,0.420,0.345,410.7723581704122
16954,0.420,0.350,408.7266529541932
16955,0.420,0.355,406.6814464240187
16956,0.420,0.360,404.6368388547908
16957,0.420,0.365,402.5929312297663
16958,0.420,0.370,400.54982521899143
16959,0.420,0.375,398.5076231570199
16960,0.420,0.380,396.46642801991624
16961,0.420,0.385,394.42634340154683
16962,0.420,0.390,392.38747348916206
16963,0.420,0.395,390.34992303827244
16964,0.420,0.400,388.3137973468269
16965,0.420,0.405,386.27920222869534
16966,0.420,0.410,384.24624398646563
16967,0.420,0.415,382.2150293835617
16968,0.420,0.420,380.185665615691
16969,0.420,0.425,378.15826028163286
16970,0.420,0.430,376.1329213533778
16971,0.420,0.435,374.10975714562926
16972,0.420,0.440,372.08887628468244
16973,0.420,0.445,370.07038767669223
16974,0.420,0.450,368.05440047534756
16975,0.420,0.455,366.04102404896634
16976,0.420,0.460,364.0303679470302
16977,0.420,0.465,362.02254186617506
16978,0.420,0.470,360.0176556156605
16979,0.420,0.475,358.01581908233334
16980,0.420,0.480,356.01714219511285
16981,0.420,0.485,354.02173488901485
16982,0.420,0.490,352.02970706874186
16983,0.420,0.495,350.0411685718623
16984,0.420,0.500,348.0562291316053
16985,0.420,0.505,346.07499833929666
16986,0.420,0.510,344.09758560646475
16987,0.420,0.515,342.12410012664384
16988,0.420,0.520,340.15465083690555
16989,0.420,0.525,338.18934637914697
16990,0.420,0.530,336.22829506116886
16991,0.420,0.535,334.27160481757375
16992,0.420,0.540,332.31938317051856
16993,0.420,0.545,330.3717371903537
16994,0.420,0.550,328.4287734561836
16995,0.420,0.555,326.49059801638407
16996,0.420,0.560,324.5573163491103
16997,0.420,0.565,322.62903332283275
16998,0.420,0.570,320.7058531569374
16999,0.420,0.575,318.78787938242584
17000,0.420,0.580,316.875214802754
17001,0.420,0.585,314.96796145484603
17002,0.420,0.590,313.0662205703219
17003,0.420,0.595,311.17009253697506
17004,0.420,0.600,309.27967686054035
17005,0.420,0.605,307.3950721267887
17006,0.420,0.610,305.51637596398683
17007,0.420,0.615,303.64368500576023
17008,0.420,0.620,301.77709485439766
17009,0.420,0.625,299.9167000446332
17010,0.420,0.630,298.0625940079445
17011,0.420,0.635,296.21486903740333
17012,0.420,0.640,294.37361625311513
17013,0.420,0.645,292.53892556828254
17014,0.420,0.650,290.7108856559299
17015,0.420,0.655,288.88958391632076
17016,0.420,0.660,287.07510644510467
17017,0.420,0.665,285.26753800222417
17018,0.420,0.670,283.46696198161595
17019,0.420,0.675,281.67346038173525
17020,0.420,0.680,279.8871137769354
17021,0.420,0.685,278.10800128973085
17022,0.420,0.690,276.3362005639712
17023,0.420,0.695,274.57178773895373
17024,0.420,0.700,272.8148374244992
17025,0.420,0.705,271.06542267701565
17026,0.420,0.710,269.32361497657234
17027,0.420,0.715,267.5894842050065
17028,0.420,0.720,265.86309862508074
17029,0.420,0.725,264.14452486071264
17030,0.420,0.730,262.43382787829006
17031,0.420,0.735,260.73107096909087
17032,0.420,0.740,259.03631573281814
17033,0.420,0.745,257.34962206226606
17034,0.420,0.750,255.67104812912424
17035,0.420,0.755,254.00065037093162
17036,0.420,0.760,252.3384834791868
17037,0.420,0.765,250.68460038861983
17038,0.420,0.770,249.03905226763104
17039,0.420,0.775,247.40188850989793
17040,0.420,0.780,245.77315672715204
17041,0.420,0.785,244.15290274312432
17042,0.420,0.790,242.541170588657
17043,0.420,0.795,240.93800249797792
17044,0.420,0.800,239.34343890613135
17045,0.420,0.805,237.75751844755874
17046,0.420,0.810,236.18027795582006
17047,0.420,0.815,234.61175246444654
17048,0.420,0.820,233.05197520891173
17049,0.420,0.825,231.50097762970947
17050,0.420,0.830,229.95878937652293
17051,0.420,0.835,228.42543831347007
17052,0.420,0.840,226.90095052540732
17053,0.420,0.845,225.38535032527466
17054,0.420,0.850,223.87866026246084
17055,0.420,0.855,222.38090113216975
17056,0.420,0.860,220.89209198576538
17057,0.420,0.865,219.41225014207234
17058,0.420,0.870,217.9413911996095
17059,0.420,0.875,216.4795290497307
17060,0.420,0.880,215.02667589064814
17061,0.420,0.885,213.58284224231176
17062,0.420,0.890,212.1480369621179
17063,0.420,0.895,210.72226726141935
17064,0.420,0.900,209.30553872280908
17065,0.420,0.905,207.89785531814854
17066,0.420,0.910,206.49921942731154
17067,0.420,0.915,205.10963185761403
17068,0.420,0.920,203.72909186390012
17069,0.420,0.925,202.35759716925406
17070,0.420,0.930,200.99514398630717
17071,0.420,0.935,199.6417270391104
17072,0.420,0.940,198.29733958554056
17073,0.420,0.945,196.96197344021033
17074,0.420,0.950,195.63561899785125
17075,0.420,0.955,194.3182652571386
17076,0.420,0.960,193.00989984492793
17077,0.420,0.965,191.71050904087343
17078,0.420,0.970,190.4200778023969
17079,0.420,0.975,189.13858978997854
17080,0.420,0.980,187.86602739273906
17081,0.420,0.985,186.60237175428483
17082,0.420,0.990,185.34760279878645
17083,0.420,0.995,184.10169925726274
17084,0.420,1.000,182.8646386940421
17085,0.425,0.000,546.4919429078321
17086,0.425,0.005,544.5913159204383
17087,0.425,0.010,542.686511484478
17088,0.425,0.015,540.7775638854325
17089,0.425,0.020,538.8645082885516
17090,0.425,0.025,536.9473807477071
17091,0.425,0.030,535.0262182141438
17092,0.425,0.035,533.1010585451241
17093,0.425,0.040,531.1719405124591
17094,0.425,0.045,529.2389038109126
17095,0.425,0.050,527.3019890664779
17096,0.425,0.055,525.3612378445125
17097,0.425,0.060,523.4166926577252
17098,0.425,0.065,521.4683969740053
17099,0.425,0.070,519.5163952240871
17100,0.425,0.075,517.5607328090382
17101,0.425,0.080,515.6014561075633
17102,0.425,0.085,513.6386124831143
17103,0.425,0.090,511.67225029079634
17104,0.425,0.095,509.7024188840596
17105,0.425,0.100,507.72916862116875
17106,0.425,0.105,505.7525508714362
17107,0.425,0.110,503.77261802121296
17108,0.425,0.115,501.7894234796231
17109,0.425,0.120,499.80302168403233
17110,0.425,0.125,497.8134681052406
17111,0.425,0.130,495.8208192523858
17112,0.425,0.135,493.82513267754877
17113,0.425,0.140,491.8264669800484
17114,0.425,0.145,489.82488181041305
17115,0.425,0.150,487.8204378740201
17116,0.425,0.155,485.8131969343892
17117,0.425,0.160,483.8032218161178
17118,0.425,0.165,481.7905764074482
17119,0.425,0.170,479.7753256624527
17120,0.425,0.175,477.7575356028255
17121,0.425,0.180,475.7372733192688
17122,0.425,0.185,473.7146069724605
17123,0.425,0.190,471.6896057935926
17124,0.425,0.195,469.662340084465
17125,0.425,0.200,467.6328812171265
17126,0.425,0.205,465.6013016330462
17127,0.425,0.210,463.5676748418066
17128,0.425,0.215,461.5320754193031
17129,0.425,0.220,459.4945790054405
17130,0.425,0.225,457.45526230131065
17131,0.425,0.230,455.4142030658431
17132,0.425,0.235,453.3714801119133
17133,0.425,0.240,451.32717330189803
17134,0.425,0.245,449.2813635426663
17135,0.425,0.250,447.2341327799931
17136,0.425,0.255,445.18556399238514
17137,0.425,0.260,443.13574118430716
17138,0.425,0.265,441.0847493787979
17139,0.425,0.270,439.0326746094639
17140,0.425,0.275,436.97960391184245
17141,0.425,0.280,434.9256253141211
17142,0.425,0.285,432.8708278272054
17143,0.425,0.290,430.8153014341248
17144,0.425,0.295,428.75913707876737
17145,0.425,0.300,426.7024266539335
17146,0.425,0.305,424.64526298870345
17147,0.425,0.310,422.58773983510497
17148,0.425,0.315,420.5299518540806
17149,0.425,0.320,418.4719946007407
17150,0.425,0.325,416.413964508902
17151,0.425,0.330,414.3559588748996
17152,0.425,0.335,412.2980758406735
17153,0.425,0.340,410.2404143761192
17154,0.425,0.345,408.18307426070265
17155,0.425,0.350,406.12615606433343
17156,0.425,0.355,404.0697611274952
17157,0.425,0.360,402.01399154063057
17158,0.425,0.365,399.9589501227801
17159,0.425,0.370,397.9047403994738
17160,0.425,0.375,395.8514665798776
17161,0.425,0.380,393.7992335331941
17162,0.425,0.385,391.74814676432135
17163,0.425,0.390,389.69831238877214
17164,0.425,0.395,387.64983710685783
17165,0.425,0.400,385.602828177142
17166,0.425,0.405,383.5573933891702
17167,0.425,0.410,381.5136410354823
17168,0.425,0.415,379.47167988291534
17169,0.425,0.420,377.4316191432072
17170,0.425,0.425,375.3935684429088
17171,0.425,0.430,373.35763779262027
17172,0.425,0.435,371.32393755555734
17173,0.425,0.440,369.29257841546814
17174,0.425,0.445,367.26367134390875
17175,0.425,0.450,365.23732756689805
17176,0.425,0.455,363.213658530965
17177,0.425,0.460,361.19277586860954
17178,0.425,0.465,359.1747913631923
17179,0.425,0.470,357.1598169132778
17180,0.425,0.475,355.1479644964478
17181,0.425,0.480,353.13934613261165
17182,0.425,0.485,351.13407384683313
17183,0.425,0.490,349.13225963170174
17184,0.425,0.495,347.1340154092724
17185,0.425,0.500,345.1394529926004
17186,0.425,0.505,343.1486840469002
17187,0.425,0.510,341.1618200503568
17188,0.425,0.515,339.1789722546187
17189,0.425,0.520,337.2002516450047
17190,0.425,0.525,335.2257689004554
17191,0.425,0.530,333.2556343532624
17192,0.425,0.535,331.2899579486083
17193,0.425,0.540,329.32884920395327
17194,0.425,0.545,327.3724171683019
17195,0.425,0.550,325.4207703813867
17196,0.425,0.555,323.47401683280515
17197,0.425,0.560,321.53226392114766
17198,0.425,0.565,319.59561841315355
17199,0.425,0.570,317.6641864029337
17200,0.425,0.575,315.73807327129913
17201,0.425,0.580,313.8173836452341
17202,0.425,0.585,311.9022213575528
17203,0.425,0.590,309.9926894067809
17204,0.425,0.595,308.08888991730055
17205,0.425,0.600,306.1909240997986
17206,0.425,0.605,304.29889221205997
17207,0.425,0.610,302.4128935201443
17208,0.425,0.615,300.53302625998646
17209,0.425,0.620,298.65938759946147
17210,0.425,0.625,296.79207360095216
17211,0.425,0.630,294.9311791844591
17212,0.425,0.635,293.0767980912925
17213,0.425,0.640,291.2290228483824
17214,0.425,0.645,289.38794473324674
17215,0.425,0.650,287.55365373965367
17216,0.425,0.655,285.7262385440135
17217,0.425,0.660,283.9057864725371
17218,0.425,0.665,282.0923834691952
17219,0.425,0.670,280.2861140645112
17220,0.425,0.675,278.48706134522126
17221,0.425,0.680,276.69530692483323
17222,0.425,0.685,274.91093091511357
17223,0.425,0.690,273.1340118985335
17224,0.425,0.695,271.36462690170043
17225,0.425,0.700,269.60285136980224
17226,0.425,0.705,267.8487591420899
17227,0.425,0.710,266.10242242842037
17228,0.425,0.715,264.3639117868854
17229,0.425,0.720,262.633296102543
17230,0.425,0.725,260.91064256727395
17231,0.425,0.730,259.1960166607791
17232,0.425,0.735,257.4894821327338
17233,0.425,0.740,255.7911009861143
17234,0.425,0.745,254.10093346170734
17235,0.425,0.750,252.4190380238152
17236,0.425,0.755,250.74547134716428
17237,0.425,0.760,249.0802883050246
17238,0.425,0.765,247.42354195854654
17239,0.425,0.770,245.7752835473178
17240,0.425,0.775,244.13556248114295
17241,0.425,0.780,242.50442633304615
17242,0.425,0.785,240.88192083349517
17243,0.425,0.790,239.26808986584413
17244,0.425,0.795,237.6629754629894
17245,0.425,0.800,236.06661780523316
17246,0.425,0.805,234.4790552193454
17247,0.425,0.810,232.90032417881534
17248,0.425,0.815,231.33045930528095
17249,0.425,0.820,229.76949337112308
17250,0.425,0.825,228.21745730321044
17251,0.425,0.830,226.67438018777946
17252,0.425,0.835,225.14028927643164
17253,0.425,0.840,223.61520999322985
17254,0.425,0.845,222.099165942874
17255,0.425,0.850,220.59217891993467
17256,0.425,0.855,219.09426891912238
17257,0.425,0.860,217.60545414656923
17258,0.425,0.865,216.12575103209858
17259,0.425,0.870,214.65517424245698
17260,0.425,0.875,213.19373669548213
17261,0.425,0.880,211.74144957517936
17262,0.425,0.885,210.2983223476792
17263,0.425,0.890,208.86436277804657
17264,0.425,0.895,207.43957694791231
17265,0.425,0.900,206.02396927389722
17266,0.425,0.905,204.61754252679802
17267,0.425,0.910,203.22029785150363
17268,0.425,0.915,201.83223478761136
17269,0.425,0.920,200.4533512907102
17270,0.425,0.925,199.08364375429997
17271,0.425,0.930,197.72310703231366
17272,0.425,0.935,196.37173446221087
17273,0.425,0.940,195.02951788860972
17274,0.425,0.945,193.6964476874253
17275,0.425,0.950,192.37251279048132
17276,0.425,0.955,191.05770071056392
17277,0.425,0.960,189.7519975668843
17278,0.425,0.965,188.45538811091942
17279,0.425,0.970,187.16785575259806
17280,0.425,0.975,185.88938258680196
17281,0.425,0.980,184.61994942014996
17282,0.425,0.985,183.3595357980356
17283,0.425,0.990,182.10812003188744
17284,0.425,0.995,180.86567922662246
17285,0.425,1.000,179.63218930826383
17286,0.430,0.000,544.6442903482812
17287,0.430,0.005,542.7336552589217
17288,0.430,0.010,540.8187974635592
17289,0.430,0.015,538.8997515365207
17290,0.430,0.020,536.9765529471891
17291,0.430,0.025,535.0492380691592
17292,0.430,0.030,533.1178441892964
17293,0.430,0.035,531.1824095166877
17294,0.430,0.040,529.2429731914802
17295,0.430,0.045,527.2995752935984
17296,0.430,0.050,525.3522568513274
17297,0.430,0.055,523.4010598497617
17298,0.430,0.060,521.4460272391028
17299,0.430,0.065,519.4872029428011
17300,0.430,0.070,517.5246318655317
17301,0.430,0.075,515.558359900995
17302,0.430,0.080,513.5884339395312
17303,0.430,0.085,511.61490187554125
17304,0.430,0.090,509.6378126147012
17305,0.430,0.095,507.6572160809632
17306,0.430,0.100,505.67316322332994
17307,0.430,0.105,503.6857060223926
17308,0.430,0.110,501.6948974966231
17309,0.430,0.115,499.70079170840756
17310,0.430,0.120,497.70344376981046
17311,0.430,0.125,495.7029098480602
17312,0.430,0.130,493.69924717074036
17313,0.430,0.135,491.69251403068006
17314,0.430,0.140,489.6827697905272
17315,0.430,0.145,487.67007488699494
17316,0.430,0.150,485.6544908347701
17317,0.430,0.155,483.63608023006844
17318,0.430,0.160,481.61490675382674
17319,0.430,0.165,479.5910351745191
17320,0.430,0.170,477.5645313505835
17321,0.430,0.175,475.5354622324472
17322,0.430,0.180,473.5038958641382
17323,0.430,0.185,471.4699013844687
17324,0.430,0.190,469.4335490277798
17325,0.430,0.195,467.39491012423133
17326,0.430,0.200,465.35405709962885
17327,0.430,0.205,463.31106347476793
17328,0.430,0.210,461.2660038642901
17329,0.430,0.215,459.2189539750319
17330,0.430,0.220,457.1699906038565
17331,0.430,0.225,455.1191916349552
17332,0.430,0.230,453.0666360366054
17333,0.430,0.235,451.0124038573714
17334,0.430,0.240,448.9565762217379
17335,0.430,0.245,446.8992353251606
17336,0.430,0.250,444.84046442852423
17337,0.430,0.255,442.7803478519943
17338,0.430,0.260,440.71897096825086
17339,0.430,0.265,438.65642019509266
17340,0.430,0.270,436.5927829874003
17341,0.430,0.275,434.52814782844695
17342,0.430,0.280,432.4626042205453
17343,0.430,0.285,430.39624267502074
17344,0.430,0.290,428.32915470150056
17345,0.430,0.295,426.261432796508
17346,0.430,0.300,424.1931704313532
17347,0.430,0.305,422.12446203931125
17348,0.430,0.310,420.05540300207787
17349,0.430,0.315,417.98608963549736
17350,0.430,0.320,415.91661917455053
17351,0.430,0.325,413.8470897576015
17352,0.430,0.330,411.7776004098909
17353,0.430,0.335,409.7082510262743
17354,0.430,0.340,407.6391423531979
17355,0.430,0.345,405.57037596990864
17356,0.430,0.350,403.50205426889306
17357,0.430,0.355,401.4342804355443
17358,0.430,0.360,399.3671584270519
17359,0.430,0.365,397.3007929505163
17360,0.430,0.370,395.23528944028436
17361,0.430,0.375,393.170754034508
17362,0.430,0.380,391.1072935509259
17363,0.430,0.385,389.0450154618718
17364,0.430,0.390,386.9840278685102
17365,0.430,0.395,384.9244394743055
17366,0.430,0.400,382.86635955772755
17367,0.430,0.405,380.80989794420253
17368,0.430,0.410,378.7551649773124
17369,0.430,0.415,376.7022714892537
17370,0.430,0.420,374.6513287705648
17371,0.430,0.425,372.60244853913
17372,0.430,0.430,370.5557429084752
17373,0.430,0.435,368.51132435536346
17374,0.430,0.440,366.46930568670865
17375,0.430,0.445,364.42980000581906
17376,0.430,0.450,362.3929206779888
17377,0.430,0.455,360.3587812954529
17378,0.430,0.460,358.32749564172667
17379,0.430,0.465,356.2991776553467
17380,0.430,0.470,354.2739413930371
17381,0.430,0.475,352.25190099232003
17382,0.430,0.480,350.2331706335975
17383,0.430,0.485,348.21786450172544
17384,0.430,0.490,346.20609674710835
17385,0.430,0.495,344.1979814463407
17386,0.430,0.500,342.1936325624216
17387,0.430,0.505,340.1931639045752
17388,0.430,0.510,338.1966890877033
17389,0.430,0.515,336.20432149150423
17390,0.430,0.520,334.2161742192894
17391,0.430,0.525,332.23236005653064
17392,0.430,0.530,330.25299142917305
17393,0.430,0.535,328.2781803617489
17394,0.430,0.540,326.3080384353279
17395,0.430,0.545,324.3426767453416
17396,0.430,0.550,322.3822058593196
17397,0.430,0.555,320.42673577457526
17398,0.430,0.560,318.4763758758818
17399,0.430,0.565,316.5312348931764
17400,0.430,0.570,314.59142085933473
17401,0.430,0.575,312.6570410680552
17402,0.430,0.580,310.7282020318952
17403,0.430,0.585,308.80500944050027
17404,0.430,0.590,306.8875681190686
17405,0.430,0.595,304.97598198709267
17406,0.430,0.600,303.07035401742013
17407,0.430,0.605,301.17078619567656
17408,0.430,0.610,299.2773794800918
17409,0.430,0.615,297.3902337617727
17410,0.430,0.620,295.5094478254635
17411,0.430,0.625,293.6351193108359
17412,0.430,0.630,291.7673446743495
17413,0.430,0.635,289.90621915172477
17414,0.430,0.640,288.0518367210669
17415,0.430,0.645,286.2042900666822
17416,0.430,0.650,284.3636705436245
17417,0.430,0.655,282.5300681430103
17418,0.430,0.660,280.70357145814074
17419,0.430,0.665,278.88426765146534
17420,0.430,0.670,277.07224242242427
17421,0.430,0.675,275.26757997620234
17422,0.430,0.680,273.47036299342886
17423,0.430,0.685,271.68067260085456
17424,0.430,0.690,269.8985883430364
17425,0.430,0.695,268.1241881550594
17426,0.430,0.700,266.3575483363236
17427,0.430,0.705,264.59874352542187
17428,0.430,0.710,262.8478466761338
17429,0.430,0.715,261.1049290345593
17430,0.430,0.720,259.3700601174115
17431,0.430,0.725,257.64330769149143
17432,0.430,0.730,255.9247377543602
17433,0.430,0.735,254.21441451622718
17434,0.430,0.740,252.5124003830662
17435,0.430,0.745,250.81875594097554
17436,0.430,0.750,249.13353994178948
17437,0.430,0.755,247.45680928995316
17438,0.430,0.760,245.78861903066596
17439,0.430,0.765,244.12902233930004
17440,0.430,0.770,242.4780705120968
17441,0.430,0.775,240.835812958143
17442,0.430,0.780,239.20229719262647
17443,0.430,0.785,237.57756883136904
17444,0.430,0.790,235.96167158663292
17445,0.430,0.795,234.35464726419494
17446,0.430,0.800,232.7565357616809
17447,0.430,0.805,231.16737506815082
17448,0.430,0.810,229.58720126492446
17449,0.430,0.815,228.01604852763398
17450,0.430,0.820,226.45394912949013
17451,0.430,0.825,224.90093344574575
17452,0.430,0.830,223.35702995933906
17453,0.430,0.835,221.82226526769875
17454,0.430,0.840,220.29666409068952
17455,0.430,0.845,218.78024927967778
17456,0.430,0.850,217.27304182769333
17457,0.430,0.855,215.7750608806638
17458,0.430,0.860,214.2863237496966
17459,0.430,0.865,212.80684592438115
17460,0.430,0.870,211.33664108708513
17461,0.430,0.875,209.87572112821562
17462,0.430,0.880,208.42409616241625
17463,0.430,0.885,206.98177454566982
17464,0.430,0.890,205.54876289327672
17465,0.430,0.895,204.1250660986761
17466,0.430,0.900,202.71068735307904
17467,0.430,0.905,201.30562816588093
17468,0.430,0.910,199.90988838581887
17469,0.430,0.915,198.5234662228426
17470,0.430,0.920,197.1463582706635
17471,0.430,0.925,195.7785595299489
17472,0.430,0.930,194.42006343212665
17473,0.430,0.935,193.07086186376674
17474,0.430,0.940,191.73094519150447
17475,0.430,0.945,190.40030228747224
17476,0.430,0.950,189.07892055520475
17477,0.430,0.955,187.76678595598412
17478,0.430,0.960,186.46388303559124
17479,0.430,0.965,185.17019495142907
17480,0.430,0.970,183.8857034999862
17481,0.430,0.975,182.6103891446056
17482,0.430,0.980,181.34423104352834
17483,0.430,0.985,180.0872070781787
17484,0.430,0.990,178.83929388166007
17485,0.430,0.995,177.6004668674301
17486,0.430,1.000,176.3707002581254
17487,0.435,0.000,542.7844942017927
17488,0.435,0.005,540.8637212048802
17489,0.435,0.010,538.9386789903249
17490,0.435,0.015,537.0094024171598
17491,0.435,0.020,535.0759272550672
17492,0.435,0.025,533.138290193852
17493,0.435,0.030,531.196528852818
17494,0.435,0.035,529.2506817900414
17495,0.435,0.040,527.300788511531
17496,0.435,0.045,525.3468894802672
17497,0.435,0.050,523.389026125114
17498,0.435,0.055,521.4272408495897
17499,0.435,0.060,519.4615770404934
17500,0.435,0.065,517.492079076373
17501,0.435,0.070,515.5187923358287
17502,0.435,0.075,513.5417632056404
17503,0.435,0.080,511.56103908871
17504,0.435,0.085,509.5766684118074
17505,0.435,0.090,507.5887006331123
17506,0.435,0.095,505.5971862495379
17507,0.435,0.100,503.6021768038291
17508,0.435,0.105,501.6037248914214
17509,0.435,0.110,499.6018841670519
17510,0.435,0.115,497.59670935110887
17511,0.435,0.120,495.58825623571045
17512,0.435,0.125,493.5765816904984
17513,0.435,0.130,491.56174366813764
17514,0.435,0.135,489.5438012095073
17515,0.435,0.140,487.5228144485723
17516,0.435,0.145,485.49884461692284
17517,0.435,0.150,483.4719540479688
17518,0.435,0.155,481.44220618077696
17519,0.435,0.160,479.4096655635374
17520,0.435,0.165,477.3743978566476
17521,0.435,0.170,475.336469835399
17522,0.435,0.175,473.2959493922547
17523,0.435,0.180,471.2529055387042
17524,0.435,0.185,469.2074084066813
17525,0.435,0.190,467.1595292495335
17526,0.435,0.195,465.1093404425264
17527,0.435,0.200,463.05691548287297
17528,0.435,0.205,461.0023289892713
17529,0.435,0.210,458.94565670093857
17530,0.435,0.215,456.88697547612776
17531,0.435,0.220,454.82636329011245
17532,0.435,0.225,452.76389923262747
17533,0.435,0.230,450.6996635047506
17534,0.435,0.235,448.6337374152137
17535,0.435,0.240,446.5662033761269
17536,0.435,0.245,444.4971448981064
17537,0.435,0.250,442.4266465847902
17538,0.435,0.255,440.3547941267296
17539,0.435,0.260,438.2816742946434
17540,0.435,0.265,436.20737493202415
17541,0.435,0.270,434.1319849470808
17542,0.435,0.275,432.0555943040094
17543,0.435,0.280,429.9782940135772
17544,0.435,0.285,427.90017612301136
17545,0.435,0.290,425.82133370517863
17546,0.435,0.295,423.7418608470476
17547,0.435,0.300,421.6618526374219
17548,0.435,0.305,419.5814051539358
17549,0.435,0.310,417.50061544930105
17550,0.435,0.315,415.4195815367985
17551,0.435,0.320,413.3384023750032
17552,0.435,0.325,411.25717785174
17553,0.435,0.330,409.17600876725623
17554,0.435,0.335,407.09499681661123
17555,0.435,0.340,405.01424457127234
17556,0.435,0.345,402.9338554599152
17557,0.435,0.350,400.8539337484218
17558,0.435,0.355,398.7745845190753
17559,0.435,0.360,396.6959136489452
17560,0.435,0.365,394.6180277874655
17561,0.435,0.370,392.54103433320006
17562,0.435,0.375,390.4650414097994
17563,0.435,0.380,388.39015784114554
17564,0.435,0.385,386.3164931256909
17565,0.435,0.390,384.24415740998955
17566,0.435,0.395,382.17326146142904
17567,0.435,0.400,380.1039166401636
17568,0.435,0.405,378.03623487025817
17569,0.435,0.410,375.9703286100467
17570,0.435,0.415,373.90631082171717
17571,0.435,0.420,371.8442949401279
17572,0.435,0.425,369.78439484086954
17573,0.435,0.430,367.7267248075829
17574,0.435,0.435,365.6713994985447
17575,0.435,0.440,363.6185339125375
17576,0.435,0.445,361.5682433540169
17577,0.435,0.450,359.52064339759494
17578,0.435,0.455,357.4758498518554
17579,0.435,0.460,355.4339787225226
17580,0.435,0.465,353.395146175002
17581,0.435,0.470,351.35946849631597
17582,0.435,0.475,349.3270620564567
17583,0.435,0.480,347.298043269182
17584,0.435,0.485,345.2725285522774
17585,0.435,0.490,343.25063428731386
17586,0.435,0.495,341.2324767789279
17587,0.435,0.500,339.21817221365285
17588,0.435,0.505,337.20783661833354
17589,0.435,0.510,335.20158581815446
17590,0.435,0.515,333.1995353943154
17591,0.435,0.520,331.2018006413876
17592,0.435,0.525,329.20849652438636
17593,0.435,0.530,327.21973763559555
17594,0.435,0.535,325.2356381511812
17595,0.435,0.540,323.2563117876321
17596,0.435,0.545,321.28187175806744
17597,0.435,0.550,319.31243072844916
17598,0.435,0.555,317.3481007737413
17599,0.435,0.560,315.3889933340573
17600,0.435,0.565,313.4352191708365
17601,0.435,0.570,311.4868883230927
17602,0.435,0.575,309.54411006377893
17603,0.435,0.580,307.60699285630943
17604,0.435,0.585,305.6756443112857
17605,0.435,0.590,303.75017114346855
17606,0.435,0.595,301.83067912904176
17607,0.435,0.600,299.9172730632107
17608,0.435,0.605,298.0100567181825
17609,0.435,0.610,296.10913280157035
17610,0.435,0.615,294.2146029152668
17611,0.435,0.620,292.3265675148316
17612,0.435,0.625,290.44512586943574
17613,0.435,0.630,288.57037602240786
17614,0.435,0.635,286.7024147524231
17615,0.435,0.640,284.84133753538003
17616,0.435,0.645,282.98723850700486
17617,0.435,0.650,281.14021042622517
17618,0.435,0.655,279.3003446393538
17619,0.435,0.660,277.4677310451214
17620,0.435,0.665,275.642458060596
17621,0.435,0.670,273.82461258802743
17622,0.435,0.675,272.0142799826522
17623,0.435,0.680,270.2115440214938
17624,0.435,0.685,268.4164868731912
17625,0.435,0.690,266.6291890688894
17626,0.435,0.695,264.8497294742202
17627,0.435,0.700,263.0781852624046
17628,0.435,0.705,261.31463188850194
17629,0.435,0.710,259.5591430648343
17630,0.435,0.715,257.81179073760774
17631,0.435,0.720,256.07264506475434
17632,0.435,0.725,254.34177439501437
17633,0.435,0.730,252.61924524827865
17634,0.435,0.735,250.90512229720687
17635,0.435,0.740,249.19946835013687
17636,0.435,0.745,247.5023443352979
17637,0.435,0.750,245.8138092863394
17638,0.435,0.755,244.13392032918364
17639,0.435,0.760,242.46273267020896
17640,0.435,0.765,240.80029958576984
17641,0.435,0.770,239.14667241305568
17642,0.435,0.775,237.50190054229
17643,0.435,0.780,235.86603141026856
17644,0.435,0.785,234.23911049523463
17645,0.435,0.790,232.621181313085
17646,0.435,0.795,231.01228541490173
17647,0.435,0.800,229.4124623857995
17648,0.435,0.805,227.8217498450793
17649,0.435,0.810,226.2401834476756
17650,0.435,0.815,224.66779688688302
17651,0.435,0.820,223.10462189834738
17652,0.435,0.825,221.55068826530245
17653,0.435,0.830,220.00602382503524
17654,0.435,0.835,218.47065447655768
17655,0.435,0.840,216.94460418946323
17656,0.435,0.845,215.4278950139459
17657,0.435,0.850,213.9205470919553
17658,0.435,0.855,212.42257866946258
17659,0.435,0.860,210.93400610981035
17660,0.435,0.865,209.4548439081171
17661,0.435,0.870,207.98510470670766
17662,0.435,0.875,206.52479931153852
17663,0.435,0.880,205.0739367095872
17664,0.435,0.885,203.63252408717324
17665,0.435,0.890,202.20056684917765
17666,0.435,0.895,200.77806863912758
17667,0.435,0.900,199.36503136011197
17668,0.435,0.905,197.96145519649298
17669,0.435,0.910,196.56733863637865
17670,0.435,0.915,195.18267849482118
17671,0.435,0.920,193.80746993770427
17672,0.435,0.925,192.4417065062848
17673,0.435,0.930,191.0853801423512
17674,0.435,0.935,189.7384812139638
17675,0.435,0.940,188.40099854173943
17676,0.435,0.945,187.07291942564544
17677,0.435,0.950,185.75422967226626
17678,0.435,0.955,184.44491362250685
17679,0.435,0.960,183.1449541796979
17680,0.435,0.965,181.85433283806645
17681,0.435,0.970,180.57302971153896
17682,0.435,0.975,179.3010235628398
17683,0.435,0.980,178.03829183285364
17684,0.435,0.985,176.7848106702165
17685,0.435,0.990,175.5405549611036
17686,0.435,0.995,174.3054983591808
17687,0.435,1.000,173.0796133156892
17688,0.440,0.000,540.9124418855931
17689,0.440,0.005,538.9813985994566
17690,0.440,0.010,537.0460382839486
17691,0.440,0.015,535.1063960780851
17692,0.440,0.020,533.1625080474339
17693,0.440,0.025,531.2144111939173
17694,0.440,0.030,529.2621434655221
17695,0.440,0.035,527.3057437659071
17696,0.440,0.040,525.3452519639001
17697,0.440,0.045,523.3807089028757
17698,0.440,0.050,521.4121564100057
17699,0.440,0.055,519.4396373053722
17700,0.440,0.060,517.4631954109353
17701,0.440,0.065,515.4828755593442
17702,0.440,0.070,513.4987236025838
17703,0.440,0.075,511.5107864204465
17704,0.440,0.080,509.51911192881664
17705,0.440,0.085,507.5237490877618
17706,0.440,0.090,505.52474790941596
17707,0.440,0.095,503.5221594656454
17708,0.440,0.100,501.5160358954877
17709,0.440,0.105,499.50643041234946
17710,0.440,0.110,497.4933973109548
17711,0.440,0.115,495.476991974029
17712,0.440,0.120,493.45727087870944
17713,0.440,0.125,491.434291602669
17714,0.440,0.130,489.4081128299395
17715,0.440,0.135,487.37879435642583
17716,0.440,0.140,485.34639709509315
17717,0.440,0.145,483.310983080819
17718,0.440,0.150,481.27261547489456
17719,0.440,0.155,479.2313585691619
17720,0.440,0.160,477.187277789776
17721,0.440,0.165,475.140439700575
17722,0.440,0.170,473.0909120060476
17723,0.440,0.175,471.03876355388246
17724,0.440,0.180,468.98406433708624
17725,0.440,0.185,466.926885495656
17726,0.440,0.190,464.86729931779195
17727,0.440,0.195,462.80537924063697
17728,0.440,0.200,460.7411998505278
17729,0.440,0.205,458.67483688274393
17730,0.440,0.210,456.6063672207411
17731,0.440,0.215,454.5358688948521
17732,0.440,0.220,452.46342108044473
17733,0.440,0.225,450.38910409551914
17734,0.440,0.230,448.312999397732
17735,0.440,0.235,446.2351895808332
17736,0.440,0.240,444.1557583705009
17737,0.440,0.245,442.0747906195603
17738,0.440,0.250,439.99237230257415
17739,0.440,0.255,437.90859050978895
17740,0.440,0.260,435.8235334404255
17741,0.440,0.265,433.73729039529877
17742,0.440,0.270,431.64995176875584
17743,0.440,0.275,429.56160903991764
17744,0.440,0.280,427.4723547632124
17745,0.440,0.285,425.3822825581898
17746,0.440,0.290,423.29148709860186
17747,0.440,0.295,421.2000641007417
17748,0.440,0.300,419.1081103110267
17749,0.440,0.305,417.0157234928179
17750,0.440,0.310,414.9230024124635
17751,0.440,0.315,412.83004682455845
17752,0.440,0.320,410.73695745640964
17753,0.440,0.325,408.643835991701
17754,0.440,0.330,406.55078505334643
17755,0.440,0.335,404.4579081855285
17756,0.440,0.340,402.3653098349117
17757,0.440,0.345,400.2730953310289
17758,0.440,0.350,398.18137086583164
17759,0.440,0.355,396.0902434724051
17760,0.440,0.360,393.99982100283916
17761,0.440,0.365,391.9102121052577
17762,0.440,0.370,389.82152620000244
17763,0.440,0.375,387.73387345496997
17764,0.440,0.380,385.6473647601048
17765,0.440,0.385,383.5621117010479
17766,0.440,0.390,381.4782265319438
17767,0.440,0.395,379.39582214741006
17768,0.440,0.400,377.3150120536739
17769,0.440,0.405,375.23591033888107
17770,0.440,0.410,373.15863164258417
17771,0.440,0.415,371.0832911244202
17772,0.440,0.420,369.0100044319834
17773,0.440,0.425,366.9388876679078
17774,0.440,0.430,364.87005735616907
17775,0.440,0.435,362.8036304076188
17776,0.440,0.440,360.73972408476817
17777,0.440,0.445,358.6784559658331
17778,0.440,0.450,356.61994390806206
17779,0.440,0.455,354.5643060103617
17780,0.440,0.460,352.511660575243
17781,0.440,0.465,350.46212607010705
17782,0.440,0.470,348.4158210878947
17783,0.440,0.475,346.37286430712237
17784,0.440,0.480,344.33337445133196
17785,0.440,0.485,342.2974702479785
17786,0.440,0.490,340.2652703867865
17787,0.440,0.495,338.236893477602
17788,0.440,0.500,336.2124580077728
17789,0.440,0.505,334.19208229908736
17790,0.440,0.510,332.1758844643079
17791,0.440,0.515,330.16398236332805
17792,0.440,0.520,328.15649355899615
17793,0.440,0.525,326.1535352726363
17794,0.440,0.530,324.15522433930727
17795,0.440,0.535,322.1616771628388
17796,0.440,0.540,320.17300967068326
17797,0.440,0.545,318.18933726862537
17798,0.440,0.550,316.21077479539207
17799,0.440,0.555,314.23743647720295
17800,0.440,0.560,312.26943588230785
17801,0.440,0.565,310.30688587555335
17802,0.440,0.570,308.34989857302475
17803,0.440,0.575,306.3985852968074
17804,0.440,0.580,304.45305652991505
17805,0.440,0.585,302.5134218714294
17806,0.440,0.590,300.5797899919002
17807,0.440,0.595,298.65226858905044
17808,0.440,0.600,296.73096434383376
17809,0.440,0.605,294.81598287689377
17810,0.440,0.610,292.90742870546865
17811,0.440,0.615,291.00540520079096
17812,0.440,0.620,289.1100145460273
17813,0.440,0.625,287.2213576948058
17814,0.440,0.630,285.3395343303762
17815,0.440,0.635,283.4646428254482
17816,0.440,0.640,281.5967802027538
17817,0.440,0.645,279.7360420963764
17818,0.440,0.650,277.8825227138907
17819,0.440,0.655,276.0363147993565
17820,0.440,0.660,274.19750959720596
17821,0.440,0.665,272.36619681706657
17822,0.440,0.670,270.54246459955823
17823,0.440,0.675,268.726399483102
17824,0.440,0.680,266.9180863717774
17825,0.440,0.685,265.11760850426407
17826,0.440,0.690,263.3250474239003
17827,0.440,0.695,261.54048294989093
17828,0.440,0.700,259.76399314969564
17829,0.440,0.705,257.99565431262533
17830,0.440,0.710,256.2355409246739
17831,0.440,0.715,254.4837256446114
17832,0.440,0.720,252.74027928135996
17833,0.440,0.725,251.00527077267517
17834,0.440,0.730,249.27876716515195
17835,0.440,0.735,247.5608335955716
17836,0.440,0.740,245.85153327360578
17837,0.440,0.745,244.1509274658905
17838,0.440,0.750,242.45907548148077
17839,0.440,0.755,240.77603465869538
17840,0.440,0.760,239.10186035335843
17841,0.440,0.765,237.4366059284417
17842,0.440,0.770,235.78032274511153
17843,0.440,0.775,234.1330601551799
17844,0.440,0.780,232.494865494958
17845,0.440,0.785,230.865784080509
17846,0.440,0.790,229.2458592042943
17847,0.440,0.795,227.63513213320445
17848,0.440,0.800,226.0336421079661
17849,0.440,0.805,224.441426343913
17850,0.440,0.810,222.85852003310657
17851,0.440,0.815,221.28495634779154
17852,0.440,0.820,219.72076644516846
17853,0.440,0.825,218.1659794734649
17854,0.440,0.830,216.62062257928335
17855,0.440,0.835,215.0847209162051
17856,0.440,0.840,213.55829765462394
17857,0.440,0.845,212.04137399278684
17858,0.440,0.850,210.53396916901227
17859,0.440,0.855,209.0361004750596
17860,0.440,0.860,207.54778327062002
17861,0.440,0.865,206.06903099889692
17862,0.440,0.870,204.59985520324642
17863,0.440,0.875,203.14026554484306
17864,0.440,0.880,201.69026982133835
17865,0.440,0.885,200.24987398647716
17866,0.440,0.890,198.8190821706371
17867,0.440,0.895,197.3978967022544
17868,0.440,0.900,195.98631813010002
17869,0.440,0.905,194.58434524636968
17870,0.440,0.910,193.1919751105488
17871,0.440,0.915,191.80920307401627
17872,0.440,0.920,190.43602280534768
17873,0.440,0.925,189.07242631628085
17874,0.440,0.930,187.71840398830406
17875,0.440,0.935,186.37394459983034
17876,0.440,0.940,185.0390353539177
17877,0.440,0.945,183.71366190649846
17878,0.440,0.950,182.3978083950788
17879,0.440,0.955,181.09145746787158
17880,0.440,0.960,179.794590313324
17881,0.440,0.965,178.50718669000392
17882,0.440,0.970,177.22922495680805
17883,0.440,0.975,175.96068210345487
17884,0.440,0.980,174.7015337812285
17885,0.440,0.985,173.45175433393658
17886,0.440,0.990,172.21131682904903
17887,0.440,0.995,170.98019308898364
17888,0.440,1.000,169.7583537225051
17889,0.445,0.000,539.0280212988063
17890,0.445,0.005,537.0865727123355
17891,0.445,0.010,535.1407579369555
17892,0.445,0.015,533.1906123863156
17893,0.445,0.020,531.2361724168294
17894,0.445,0.025,529.2774753378231
17895,0.445,0.030,527.3145594215907
17896,0.445,0.035,525.3474639133516
17897,0.445,0.040,523.3762290410994
17898,0.445,0.045,521.4008960253318
17899,0.445,0.050,519.4215070886582
17900,0.445,0.055,517.4381054652686
17901,0.445,0.060,515.4507354102589
17902,0.445,0.065,513.4594422088031
17903,0.445,0.070,511.4642721851592
17904,0.445,0.075,509.46527271150114
17905,0.445,0.080,507.46249221656586
17906,0.445,0.085,505.4559801941047
17907,0.445,0.090,503.4457872111276
17908,0.445,0.095,501.4319649159301
17909,0.445,0.100,499.4145660458903
17910,0.445,0.105,497.3936444350257
17911,0.445,0.110,495.3692550212972
17912,0.445,0.115,493.3414538536476
17913,0.445,0.120,491.3102980987641
17914,0.445,0.125,489.2758460475501
17915,0.445,0.130,487.2381571212954
17916,0.445,0.135,485.1972918775303
17917,0.445,0.140,483.15331201555205
17918,0.445,0.145,481.1062803816088
17919,0.445,0.150,479.05626097372874
17920,0.445,0.155,477.0033189461788
17921,0.445,0.160,474.94752061354257
17922,0.445,0.165,472.88893345439885
17923,0.445,0.170,470.82762611459094
17924,0.445,0.175,468.76366841006825
17925,0.445,0.180,466.69713132928996
17926,0.445,0.185,464.6280870351718
17927,0.445,0.190,462.5566088665657
17928,0.445,0.195,460.48277133925257
17929,0.445,0.200,458.40665014643884
17930,0.445,0.205,456.32832215873617
17931,0.445,0.210,454.2478654236144
17932,0.445,0.215,452.16535916430917
17933,0.445,0.220,450.08088377817063
17934,0.445,0.225,447.99452083443884
17935,0.445,0.230,445.90635307142907
17936,0.445,0.235,443.81646439311385
17937,0.445,0.240,441.7249398650863
17938,0.445,0.245,439.63186570988955
17939,0.445,0.250,437.5373293016979
17940,0.445,0.255,435.44141916033624
17941,0.445,0.260,433.3442249446214
17942,0.445,0.265,431.24583744501354
17943,0.445,0.270,429.14634857556206
17944,0.445,0.275,427.04585136513344
17945,0.445,0.280,424.9444399479071
17946,0.445,0.285,422.8422095531265
17947,0.445,0.290,420.7392564940941
17948,0.445,0.295,418.6356781563944
17949,0.445,0.300,416.5315729853379
17950,0.445,0.305,414.4270404726116
17951,0.445,0.310,412.3221811421253
17952,0.445,0.315,410.217096535045
17953,0.445,0.320,408.11188919400183
17954,0.445,0.325,406.0066626464691
17955,0.445,0.330,403.9015213872967
17956,0.445,0.335,401.79657086039805
17957,0.445,0.340,399.69191743957873
17958,0.445,0.345,397.5876684085044
17959,0.445,0.350,395.4839319397991
17960,0.445,0.355,393.3808170732715
17961,0.445,0.360,391.27843369326285
17962,0.445,0.365,389.17689250511756
17963,0.445,0.370,387.07630501076954
17964,0.445,0.375,384.976783483447
17965,0.445,0.380,382.8784409414943
17966,0.445,0.385,380.78139112131174
17967,0.445,0.390,378.6857484494161
17968,0.445,0.395,376.5916280136251
17969,0.445,0.400,374.4991455333693
17970,0.445,0.405,372.40841732913896
17971,0.445,0.410,370.31956029107096
17972,0.445,0.415,368.23269184668544
17973,0.445,0.420,366.14792992778047
17974,0.445,0.425,364.065392936496
17975,0.445,0.430,361.98519971056015
17976,0.445,0.435,359.9074694877291
17977,0.445,0.440,357.8323218694389
17978,0.445,0.445,355.75987678368125
17979,0.445,0.450,353.69025444712537
17980,0.445,0.455,351.6235753265017
17981,0.445,0.460,349.5599600992704
17982,0.445,0.465,347.4995296135948
17983,0.445,0.470,345.4424048476455
17984,0.445,0.475,343.3887068682577
17985,0.445,0.480,341.33855678897044
17986,0.445,0.485,339.2920757274742
17987,0.445,0.490,337.2493847624966
17988,0.445,0.495,335.2106048901574
17989,0.445,0.500,333.17585697982366
17990,0.445,0.505,331.14526172950036
17991,0.445,0.510,329.11893962079006
17992,0.445,0.515,327.09701087345815
17993,0.445,0.520,325.0795953996408
17994,0.445,0.525,323.06681275773525
17995,0.445,0.530,321.05878210601145
17996,0.445,0.535,319.05562215598627
17997,0.445,0.540,317.057451125603
17998,0.445,0.545,315.0643866922581
17999,0.445,0.550,313.07654594572097
18000,0.445,0.555,311.0940453409901
18001,0.445,0.560,309.1170006511331
18002,0.445,0.565,307.1455269201562
18003,0.445,0.570,305.17973841595074
18004,0.445,0.575,303.219748583365
18005,0.445,0.580,301.26566999744995
18006,0.445,0.585,299.31761431692655
18007,0.445,0.590,297.37569223792633
18008,0.445,0.595,295.4400134480525
18009,0.445,0.600,293.510686580812
18010,0.445,0.605,291.58781917046906
18011,0.445,0.610,289.67151760736897
18012,0.445,0.615,287.76188709378215
18013,0.445,0.620,285.8590316003175
18014,0.445,0.625,283.963053822955
18015,0.445,0.630,282.0740551407444
18016,0.445,0.635,280.1921355742203
18017,0.445,0.640,278.3173937445782
18018,0.445,0.645,276.44992683366115
18019,0.445,0.650,274.58983054479995
18020,0.445,0.655,272.7371990645539
18021,0.445,0.660,270.89212502539374
18022,0.445,0.665,269.0546994693717
18023,0.445,0.670,267.22501181281723
18024,0.445,0.675,265.4031498121008
18025,0.445,0.680,263.5891995305028
18026,0.445,0.685,261.78324530622416
18027,0.445,0.690,259.9853697215759
18028,0.445,0.695,258.1956535733792
18029,0.445,0.700,256.41417584460856
18030,0.445,0.705,254.6410136773088
18031,0.445,0.710,252.87624234681266
18032,0.445,0.715,251.11993523728634
18033,0.445,0.720,249.37216381862606
18034,0.445,0.725,247.63299762472866
18035,0.445,0.730,245.90250423315507
18036,0.445,0.735,244.1807492462055
18037,0.445,0.740,242.4677962734206
18038,0.445,0.745,240.76370691552347
18039,0.445,0.750,239.06854074981197
18040,0.445,0.755,237.38235531701147
18041,0.445,0.760,235.7052061095935
18042,0.445,0.765,234.0371465615656
18043,0.445,0.770,232.37822803973364
18044,0.445,0.775,230.72849983643658
18045,0.445,0.780,229.0880091637514
18046,0.445,0.785,227.45680114916308
18047,0.445,0.790,225.83491883269315
18048,0.445,0.795,224.22240316547774
18049,0.445,0.800,222.6192930097836
18050,0.445,0.805,221.0256251404492
18051,0.445,0.810,219.44143424773569
18052,0.445,0.815,217.86675294157033
18053,0.445,0.820,216.30161175716336
18054,0.445,0.825,214.7460391619774
18055,0.445,0.830,213.20006156402644
18056,0.445,0.835,211.6637033214805
18057,0.445,0.840,210.13698675354877
18058,0.445,0.845,208.61993215261535
18059,0.445,0.850,207.11255779759674
18060,0.445,0.855,205.61487996849175
18061,0.445,0.860,204.12691296209147
18062,0.445,0.865,202.64866910881656
18063,0.445,0.870,201.18015879064794
18064,0.445,0.875,199.72139046011478
18065,0.445,0.880,198.27237066030514
18066,0.445,0.885,196.8331040458609
18067,0.445,0.890,195.4035934049203
18068,0.445,0.895,193.98383968196873
18069,0.445,0.900,192.57384200155994
18070,0.445,0.905,191.17359769286688
18071,0.445,0.910,189.78310231502354
18072,0.445,0.915,188.40234968321656
18073,0.445,0.920,187.03133189548697
18074,0.445,0.925,185.67003936020106
18075,0.445,0.930,184.3184608241496
18076,0.445,0.935,182.97658340123547
18077,0.445,0.940,181.64439260170835
18078,0.445,0.945,180.32187236190688
18079,0.445,0.950,179.0090050744675
18080,0.445,0.955,177.7057716189607
18081,0.445,0.960,176.41215139291504
18082,0.445,0.965,175.12812234318977
18083,0.445,0.970,173.85366099765835
18084,0.445,0.975,172.5887424971636
18085,0.445,0.980,171.33334062770876
18086,0.445,0.985,170.08742785284647
18087,0.445,0.990,168.85097534623043
18088,0.445,0.995,167.62395302429456
18089,0.445,1.000,166.40632957902457
18090,0.450,0.000,537.1311209835874
18091,0.450,0.005,535.1791294027037
18092,0.450,0.010,533.2227210759384
18093,0.450,0.015,531.2619316855521
18094,0.450,0.020,529.296797873095
18095,0.450,0.025,527.3273572499127
18096,0.450,0.030,525.3536484075642
18097,0.450,0.035,523.3757109281437
18098,0.450,0.040,521.3935853944955
18099,0.450,0.045,519.4073134003155
18100,0.450,0.050,517.4169375601278
18101,0.450,0.055,515.4225015191288
18102,0.450,0.060,513.4240499628877
18103,0.450,0.065,511.4216286268945
18104,0.450,0.070,509.4152843059445
18105,0.450,0.075,507.40506486334925
18106,0.450,0.080,505.39101923996293
18107,0.450,0.085,503.3731974630136
18108,0.450,0.090,501.35165065472785
18109,0.450,0.095,499.3264310407362
18110,0.450,0.100,497.2975919582509
18111,0.450,0.105,495.2651878639996
18112,0.450,0.110,493.2292743419058
18113,0.450,0.115,491.1899081105033
18114,0.450,0.120,489.1471470300704
18115,0.450,0.125,487.1010501094721
18116,0.450,0.130,485.05167751269727
18117,0.450,0.135,482.99909056507624
18118,0.450,0.140,480.94335175916643
18119,0.450,0.145,478.88452476029136
18120,0.450,0.150,476.82267441171905
18121,0.450,0.155,474.7578667394661
18122,0.450,0.160,472.6901689567125
18123,0.450,0.165,470.6196494678119
18124,0.450,0.170,468.54637787188483
18125,0.450,0.175,466.4704249659768
18126,0.450,0.180,464.39186274776864
18127,0.450,0.185,462.31076441782216
18128,0.450,0.190,460.2272043813473
18129,0.450,0.195,458.1412582494739
18130,0.450,0.200,456.05300284001333
18131,0.450,0.205,453.9625161776935
18132,0.450,0.210,451.86987749385304
18133,0.450,0.215,449.77516722557687
18134,0.450,0.220,447.6784670142593
18135,0.450,0.225,445.5798597035774
18136,0.450,0.230,443.4794293368595
18137,0.450,0.235,441.3772611538334
18138,0.450,0.240,439.27344158673804
18139,0.450,0.245,437.1680582557831
18140,0.450,0.250,435.0611999639413
18141,0.450,0.255,432.9529566910581
18142,0.450,0.260,430.8434195872636
18143,0.450,0.265,428.7326809656712
18144,0.450,0.270,426.6208342943488
18145,0.450,0.275,424.5079741875487
18146,0.450,0.280,422.39419639617984
18147,0.450,0.285,420.279597797511
18148,0.450,0.290,418.16427638409
18149,0.450,0.295,416.048331251866
18150,0.450,0.300,413.9318625875025
18151,0.450,0.305,411.81497165486894
18152,0.450,0.310,409.6977607806979
18153,0.450,0.315,407.5803333393987
18154,0.450,0.320,405.46279373701503
18155,0.450,0.325,403.3452473943184
18156,0.450,0.330,401.2278007290252
18157,0.450,0.335,399.1105611371325
18158,0.450,0.340,396.9936369733614
18159,0.450,0.345,394.8771375307028
18160,0.450,0.350,392.7611730190582
18161,0.450,0.355,390.64585454297173
18162,0.450,0.360,388.5312940784455
18163,0.450,0.365,386.41760444883977
18164,0.450,0.370,384.3048992998501
18165,0.450,0.375,382.1932930735638
18166,0.450,0.380,380.08290098159347
18167,0.450,0.385,377.97383897728866
18168,0.450,0.390,375.86622372702743
18169,0.450,0.395,373.7601725805906
18170,0.450,0.400,371.6558035406238
18171,0.450,0.405,369.5532352311918
18172,0.450,0.410,367.4525868654323
18173,0.450,0.415,365.3539782123173
18174,0.450,0.420,363.25752956253274
18175,0.450,0.425,361.1633616934842
18176,0.450,0.430,359.0715958334456
18177,0.450,0.435,356.98235362485974
18178,0.450,0.440,354.89575708681076
18179,0.450,0.445,352.81192857668043
18180,0.450,0.450,350.73099075101203
18181,0.450,0.455,348.65306652559576
18182,0.450,0.460,346.57827903480245
18183,0.450,0.465,344.506751590184
18184,0.450,0.470,342.43860763836926
18185,0.450,0.475,340.37397071827655
18186,0.450,0.480,338.3129644176758
18187,0.450,0.485,336.25571232912404
18188,0.450,0.490,334.20233800530957
18189,0.450,0.495,332.1529649138338
18190,0.450,0.500,330.10771639146526
18191,0.450,0.505,328.0667155979026
18192,0.450,0.510,326.0300854690802
18193,0.450,0.515,323.99794867005676
18194,0.450,0.520,321.9704275475255
18195,0.450,0.525,319.94764408198637
18196,0.450,0.530,317.9297198396223
18197,0.450,0.535,315.9167759239238
18198,0.450,0.540,313.90893292710433
18199,0.450,0.545,311.90631088135405
18200,0.450,0.550,309.9090292099772
18201,0.450,0.555,307.91720667846096
18202,0.450,0.560,305.9309613455245
18203,0.450,0.565,303.95041051419753
18204,0.450,0.570,301.975670682978
18205,0.450,0.575,300.0068574971198
18206,0.450,0.580,298.04408570010236
18207,0.450,0.585,296.0874690853326
18208,0.450,0.590,294.1371204481329
18209,0.450,0.595,292.19315153806633
18210,0.450,0.600,290.2556730116519
18211,0.450,0.605,288.3247943855232
18212,0.450,0.610,286.4006239900822
18213,0.450,0.615,284.48326892370113
18214,0.450,0.620,282.57283500752465
18215,0.450,0.625,280.6694267409237
18216,0.450,0.630,278.77314725765336
18217,0.450,0.635,276.8840982827641
18218,0.450,0.640,275.00238009031807
18219,0.450,0.645,273.12809146195804
18220,0.450,0.650,271.2613296463791
18221,0.450,0.655,269.40219031974857
18222,0.450,0.660,267.55076754712155
18223,0.450,0.665,265.70715374489646
18224,0.450,0.670,263.87143964435444
18225,0.450,0.675,262.04371425632394
18226,0.450,0.680,260.22406483701184
18227,0.450,0.685,258.4125768550395
18228,0.450,0.690,256.609333959721
18229,0.450,0.695,254.81441795061875
18230,0.450,0.700,253.02790874840989
18231,0.450,0.705,251.24988436709506
18232,0.450,0.710,249.48042088757822
18233,0.450,0.715,247.71959243264615
18234,0.450,0.720,245.96747114337077
18235,0.450,0.725,244.22412715695882
18236,0.450,0.730,242.48962858606814
18237,0.450,0.735,240.76404149960973
18238,0.450,0.740,239.04742990505093
18239,0.450,0.745,237.33985573223296
18240,0.450,0.750,235.64137881871477
18241,0.450,0.755,233.95205689665076
18242,0.450,0.760,232.27194558120965
18243,0.450,0.765,230.60109836053735
18244,0.450,0.770,228.93956658726586
18245,0.450,0.775,227.28739947156708
18246,0.450,0.780,225.6446440757476
18247,0.450,0.785,224.01134531037977
18248,0.450,0.790,222.3875459319596
18249,0.450,0.795,220.7732865420823
18250,0.450,0.800,219.16860558812192
18251,0.450,0.805,217.5735393654011
18252,0.450,0.810,215.9881220208331
18253,0.450,0.815,214.41238555801786
18254,0.450,0.820,212.84635984377013
18255,0.450,0.825,211.29007261605778
18256,0.450,0.830,209.7435494933244
18257,0.450,0.835,208.20681398517016
18258,0.450,0.840,206.67988750436209
18259,0.450,0.845,205.16278938014423
18260,0.450,0.850,203.6555368728161
18261,0.450,0.855,202.1581451895457
18262,0.450,0.860,200.6706275013841
18263,0.450,0.865,199.1929949614448
18264,0.450,0.870,197.7252567242118
18265,0.450,0.875,196.2674199659382
18266,0.450,0.880,194.8194899060971
18267,0.450,0.885,193.3814698298446
18268,0.450,0.890,191.95336111145468
18269,0.450,0.895,190.535163238685
18270,0.450,0.900,189.12687383803203
18271,0.450,0.905,187.72848870083314
18272,0.450,0.910,186.34000181017356
18273,0.450,0.915,184.96140536855486
18274,0.450,0.920,183.59268982628245
18275,0.450,0.925,182.23384391052912
18276,0.450,0.930,180.88485465503118
18277,0.450,0.935,179.545707430374
18278,0.450,0.940,178.21638597482504
18279,0.450,0.945,176.89687242567044
18280,0.450,0.950,175.58714735101407
18281,0.450,0.955,174.2871897819963
18282,0.450,0.960,172.99697724539107
18283,0.450,0.965,171.7164857965408
18284,0.450,0.970,170.4456900525881
18285,0.450,0.975,169.18456322596504
18286,0.450,0.980,167.93307715810025
18287,0.450,0.985,166.69120235330647
18288,0.450,0.990,165.45890801280976
18289,0.450,0.995,164.2361620688848
18290,0.450,1.000,163.02293121905961
18291,0.455,0.000,535.2216302997315
18292,0.455,0.005,533.2589552938107
18293,0.455,0.010,531.2918115360003
18294,0.455,0.015,529.3202349704302
18295,0.455,0.020,527.3442625173556
18296,0.455,0.025,525.3639320840384
18297,0.455,0.030,523.3792825755427
18298,0.455,0.035,521.3903539054351
18299,0.455,0.040,519.3971870063847
18300,0.455,0.045,517.3998238406496
18301,0.455,0.050,515.3983074104426
18302,0.455,0.055,513.3926817681659
18303,0.455,0.060,511.382992026505
18304,0.455,0.065,509.3692843683714
18305,0.455,0.070,507.35160605668364
18306,0.455,0.075,505.33000544397635
18307,0.455,0.080,503.304531981825
18308,0.455,0.085,501.2752362300777
18309,0.455,0.090,499.2421698658784
18310,0.455,0.095,497.2053856924745
18311,0.455,0.100,495.1649376477924
18312,0.455,0.105,493.1208808127715
18313,0.455,0.110,491.0732714194427
18314,0.455,0.115,489.02216685873947
18315,0.455,0.120,486.96762568802643
18316,0.455,0.125,484.90970763833474
18317,0.455,0.130,482.8484736212882
18318,0.455,0.135,480.7839857357078
18319,0.455,0.140,478.71630727388003
18320,0.455,0.145,476.6455027274737
18321,0.455,0.150,474.57163779309246
18322,0.455,0.155,472.4947793774466
18323,0.455,0.160,470.4149956021299
18324,0.455,0.165,468.33235580798623
18325,0.455,0.170,466.24693055905
18326,0.455,0.175,464.15879164604524
18327,0.455,0.180,462.0680120894281
18328,0.455,0.185,459.9746661419551
18329,0.455,0.190,457.87882929076306
18330,0.455,0.195,455.7805782589429
18331,0.455,0.200,453.6799910065926
18332,0.455,0.205,451.5771467313306
18333,0.455,0.210,449.4721258682558
18334,0.455,0.215,447.3650100893351
18335,0.455,0.220,445.2558823022042
18336,0.455,0.225,443.144826648363
18337,0.455,0.230,441.03192850075015
18338,0.455,0.235,438.9172744606799
18339,0.455,0.240,436.8009523541246
18340,0.455,0.245,434.68305122732596
18341,0.455,0.250,432.5636613417203
18342,0.455,0.255,430.4428741681589
18343,0.455,0.260,428.32078238040947
18344,0.455,0.265,426.19747984792303
18345,0.455,0.270,424.07306162784784
18346,0.455,0.275,421.9476239562781
18347,0.455,0.280,419.82126423872086
18348,0.455,0.285,417.69408103976554
18349,0.455,0.290,415.5661740719431
18350,0.455,0.295,413.4376441837602
18351,0.455,0.300,411.30859334689325
18352,0.455,0.305,409.17912464253254
18353,0.455,0.310,407.04934224685985
18354,0.455,0.315,404.9193514156504
18355,0.455,0.320,402.78925846798546
18356,0.455,0.325,400.65917076906715
18357,0.455,0.330,398.5291967121219
18358,0.455,0.335,396.3994456993866
18359,0.455,0.340,394.27002812216597
18360,0.455,0.345,392.1410553399548
18361,0.455,0.350,390.012639658617
18362,0.455,0.355,387.88489430761655
18363,0.455,0.360,385.75793341629304
18364,0.455,0.365,383.63187198917984
18365,0.455,0.370,381.5068258803609
18366,0.455,0.375,379.38291176686255
18367,0.455,0.380,377.26024712108193
18368,0.455,0.385,375.1389501822503
18369,0.455,0.390,373.0191399269338
18370,0.455,0.395,370.90093603857235
18371,0.455,0.400,368.7844588760641
18372,0.455,0.405,366.66982944139727
18373,0.455,0.410,364.5571693463375
18374,0.455,0.415,362.44660077818
18375,0.455,0.420,360.33824646457293
18376,0.455,0.425,358.2322296374262
18377,0.455,0.430,356.12867399591704
18378,0.455,0.435,354.027703668605
18379,0.455,0.440,351.9294431746751
18380,0.455,0.445,349.83401738432246
18381,0.455,0.450,347.74155147830174
18382,0.455,0.455,345.65217090665743
18383,0.455,0.460,343.5660013466604
18384,0.455,0.465,341.48316865997276
18385,0.455,0.470,339.40379884906747
18386,0.455,0.475,337.32801801292817
18387,0.455,0.480,335.2559523020612
18388,0.455,0.485,333.1877278728449
18389,0.455,0.490,331.1234708412553
18390,0.455,0.495,329.0633072359948
18391,0.455,0.500,327.007362951064
18392,0.455,0.505,324.9557636978117
18393,0.455,0.510,322.9086349565012
18394,0.455,0.515,320.8661019274341
18395,0.455,0.520,318.8282894816714
18396,0.455,0.525,316.7953221113963
18397,0.455,0.530,314.76732387996185
18398,0.455,0.535,312.74441837166955
18399,0.455,0.540,310.7267286413258
18400,0.455,0.545,308.7143771636236
18401,0.455,0.550,306.70748578239954
18402,0.455,0.555,304.7061756598157
18403,0.455,0.560,302.7105672255179
18404,0.455,0.565,300.7207801258228
18405,0.455,0.570,298.7369331729856
18406,0.455,0.575,296.7591442946035
18407,0.455,0.580,294.78753048320823
18408,0.455,0.585,292.82220774610226
18409,0.455,0.590,290.8632910554951
18410,0.455,0.595,288.9108942989932
18411,0.455,0.600,286.9651302305012
18412,0.455,0.605,285.0261104215892
18413,0.455,0.610,283.09394521338123
18414,0.455,0.615,281.16874366902215
18415,0.455,0.620,279.25061352677665
18416,0.455,0.625,277.3396611538161
18417,0.455,0.630,275.43599150074766
18418,0.455,0.635,273.5397080569388
18419,0.455,0.640,271.65091280669094
18420,0.455,0.645,269.76970618631356
18421,0.455,0.650,267.89618704215115
18422,0.455,0.655,266.03045258961066
18423,0.455,0.660,264.17259837324167
18424,0.455,0.665,262.32271822791256
18425,0.455,0.670,260.4809042411328
18426,0.455,0.675,258.64724671656165
18427,0.455,0.680,256.82183413874975
18428,0.455,0.685,255.00475313915132
18429,0.455,0.690,253.19608846344872
18430,0.455,0.695,251.3959229402236
18431,0.455,0.700,249.6043374510126
18432,0.455,0.705,247.82141090177822
18433,0.455,0.710,246.04722019582624
18434,0.455,0.715,244.28184020819893
18435,0.455,0.720,242.52534376156862
18436,0.455,0.725,240.77780160365594
18437,0.455,0.730,239.03928238619474
18438,0.455,0.735,237.30985264546044
18439,0.455,0.740,235.58957678438023
18440,0.455,0.745,233.87851705623675
18441,0.455,0.750,232.17673354997774
18442,0.455,0.755,230.48428417713924
18443,0.455,0.760,228.8012246603884
18444,0.455,0.765,227.1276085236895
18445,0.455,0.770,225.4634870840934
18446,0.455,0.775,223.80890944514834
18447,0.455,0.780,222.1639224919287
18448,0.455,0.785,220.52857088767328
18449,0.455,0.790,218.90289707202484
18450,0.455,0.795,217.28694126085833
18451,0.455,0.800,215.68074144768397
18452,0.455,0.805,214.08433340660818
18453,0.455,0.810,212.4977506968337
18454,0.455,0.815,210.92102466867797
18455,0.455,0.820,209.35418447108614
18456,0.455,0.825,207.79725706061427
18457,0.455,0.830,206.25026721185424
18458,0.455,0.835,204.71323752927256
18459,0.455,0.840,203.18618846043145
18460,0.455,0.845,201.6691383105599
18461,0.455,0.850,200.16210325844034
18462,0.455,0.855,198.66509737357524
18463,0.455,0.860,197.1781326345971
18464,0.455,0.865,195.70121894888237
18465,0.455,0.870,194.2343641733309
18466,0.455,0.875,192.77757413626955
18467,0.455,0.880,191.33085266043847
18468,0.455,0.885,189.89420158701773
18469,0.455,0.890,188.467620800651
18470,0.455,0.895,187.0511082554217
18471,0.455,0.900,185.6446600017387
18472,0.455,0.905,184.24827021408478
18473,0.455,0.910,182.86193121958374
18474,0.455,0.915,181.4856335273404
18475,0.455,0.920,180.1193658585077
18476,0.455,0.925,178.76311517703508
18477,0.455,0.930,177.41686672105294
18478,0.455,0.935,176.0806040348466
18479,0.455,0.940,174.7543090013758
18480,0.455,0.945,173.4379618752935
18481,0.455,0.950,172.13154131641983
18482,0.455,0.955,170.8350244236271
18483,0.455,0.960,169.54838676909162
18484,0.455,0.965,168.2716024328702
18485,0.455,0.970,167.00464403775769
18486,0.455,0.975,165.747482784385
18487,0.455,0.980,164.50008848651572
18488,0.455,0.985,163.2624296065018
18489,0.455,0.990,162.03447329085904
18490,0.455,0.995,160.81618540592336
18491,0.455,1.000,159.60753057355163
18492,0.460,0.000,533.2994396137248
18493,0.460,0.005,531.3259379621165
18494,0.460,0.010,529.3479140499278
18495,0.460,0.015,527.3654040756405
18496,0.460,0.020,525.3784452310114
18497,0.460,0.025,523.3870757123426
18498,0.460,0.030,521.3913347316695
18499,0.460,0.035,519.3912625278596
18500,0.460,0.040,517.3869003776115
18501,0.460,0.045,515.3782906063448
18502,0.460,0.050,513.3654765989728
18503,0.460,0.055,511.34850281054617
18504,0.460,0.060,509.3274147767579
18505,0.460,0.065,507.3022591243012
18506,0.460,0.070,505.27308358106524
18507,0.460,0.075,503.2399369861628
18508,0.460,0.080,501.20286929977425
18509,0.460,0.085,499.16193161279887
18510,0.460,0.090,497.11717615630084
18511,0.460,0.095,495.0686563107364
18512,0.460,0.100,493.0164266149531
18513,0.460,0.105,490.96054277494414
18514,0.460,0.110,488.9010616723485
18515,0.460,0.115,486.8380413726806
18516,0.460,0.120,484.77154113327856
18517,0.460,0.125,482.7016214109547
18518,0.460,0.130,480.62834386933645
18519,0.460,0.135,478.5517713858807
18520,0.460,0.140,476.4719680585502
18521,0.460,0.145,474.38899921213346
18522,0.460,0.150,472.3029314041961
18523,0.460,0.155,470.2138324306461
18524,0.460,0.160,468.121771330899
18525,0.460,0.165,466.0268183926251
18526,0.460,0.170,463.929045156065
18527,0.460,0.175,461.8285244178953
18528,0.460,0.180,459.72533023462887
18529,0.460,0.185,457.6195379255324
18530,0.460,0.190,455.5112240750461
18531,0.460,0.195,453.4004665346855
18532,0.460,0.200,451.28734442441174
18533,0.460,0.205,449.17193813345
18534,0.460,0.210,447.05432932054146
18535,0.460,0.215,444.93460091360896
18536,0.460,0.220,442.81283710882093
18537,0.460,0.225,440.68912336903406
18538,0.460,0.230,438.56354642159977
18539,0.460,0.235,436.4361942555137
18540,0.460,0.240,434.30715611789435
18541,0.460,0.245,432.17652250976937
18542,0.460,0.250,430.0443851811562
18543,0.460,0.255,427.9108371254174
18544,0.460,0.260,425.7759725728732
18545,0.460,0.265,423.6398869836566
18546,0.460,0.270,421.5026770397923
18547,0.460,0.275,419.36444063648315
18548,0.460,0.280,417.2252768725898
18549,0.460,0.285,415.08528604028487
18550,0.460,0.290,412.9445696138684
18551,0.460,0.295,410.80323023772854
18552,0.460,0.300,408.6613717134322
18553,0.460,0.305,406.5190989859331
18554,0.460,0.310,404.3765181288815
18555,0.460,0.315,402.2337363290243
18556,0.460,0.320,400.0908618696808
18557,0.460,0.325,397.94800411328566
18558,0.460,0.330,395.805273482983
18559,0.460,0.335,393.66278144326657
18560,0.460,0.340,391.5206404796513
18561,0.460,0.345,389.37896407737185
18562,0.460,0.350,387.23786669909595
18563,0.460,0.355,385.09746376165003
18564,0.460,0.360,382.95787161174655
18565,0.460,0.365,380.81920750071157
18566,0.460,0.370,378.68158955820684
18567,0.460,0.375,376.54513676494474
18568,0.460,0.380,374.40996892439273
18569,0.460,0.385,372.2762066334689
18570,0.460,0.390,370.14397125222894
18571,0.460,0.395,368.0133848725457
18572,0.460,0.400,365.8845702857863
18573,0.460,0.405,363.7576509494912
18574,0.460,0.410,361.6327509530619
18575,0.460,0.415,359.5099949824649
18576,0.460,0.420,357.3895082839617
18577,0.460,0.425,355.27141662687603
18578,0.460,0.430,353.15584626541084
18579,0.460,0.435,351.0429238995288
18580,0.460,0.440,348.93277663491364
18581,0.460,0.445,346.82553194202893
18582,0.460,0.450,344.72131761429375
18583,0.460,0.455,342.62026172539663
18584,0.460,0.460,340.52249258577166
18585,0.460,0.465,338.4281386982585
18586,0.460,0.470,336.33732871297707
18587,0.460,0.475,334.25019138143983
18588,0.460,0.480,332.16685550993805
18589,0.460,0.485,330.08744991222653
18590,0.460,0.490,328.0121033615471
18591,0.460,0.495,325.9409445420211
18592,0.460,0.500,323.8741019994514
18593,0.460,0.505,321.81170409156965
18594,0.460,0.510,319.75387893777156
18595,0.460,0.515,317.700754368381
18596,0.460,0.520,315.65245787348664
18597,0.460,0.525,313.60911655139637
18598,0.460,0.530,311.5708570567562
18599,0.460,0.535,309.53780554838164
18600,0.460,0.540,307.51008763685115
18601,0.460,0.545,305.48782833191177
18602,0.460,0.550,303.47115198974996
18603,0.460,0.555,301.46018226018003
18604,0.460,0.560,299.455042033804
18605,0.460,0.565,297.4558533891993
18606,0.460,0.570,295.4627375401893
18607,0.460,0.575,293.4758147832532
18608,0.460,0.580,291.49520444513405
18609,0.460,0.585,289.5210248307015
18610,0.460,0.590,287.5533931711293
18611,0.460,0.595,285.59242557244426
18612,0.460,0.600,283.6382369645079
18613,0.460,0.605,281.69094105048856
18614,0.460,0.610,279.7506502568833
18615,0.460,0.615,277.8174756841488
18616,0.460,0.620,275.8915270579992
18617,0.460,0.625,273.97291268143044
18618,0.460,0.630,272.06173938752687
18619,0.460,0.635,270.1581124931088
18620,0.460,0.640,268.26213575327597
18621,0.460,0.645,266.37391131690254
18622,0.460,0.650,264.4935396831383
18623,0.460,0.655,262.62111965896725
18624,0.460,0.660,260.7567483178779
18625,0.460,0.665,258.9005209596922
18626,0.460,0.670,257.0525310716041
18627,0.460,0.675,255.2128702904737
18628,0.460,0.680,253.38162836642155
18629,0.460,0.685,251.55889312776713
18630,0.460,0.690,249.7447504473515
18631,0.460,0.695,247.93928421028446
18632,0.460,0.700,246.1425762831518
18633,0.460,0.705,244.35470648471727
18634,0.460,0.710,242.57575255815175
18635,0.460,0.715,240.80579014481953
18636,0.460,0.720,239.04489275964715
18637,0.460,0.725,237.2931317681014
18638,0.460,0.730,235.550576364797
18639,0.460,0.735,233.81729355375316
18640,0.460,0.740,232.09334813031643
18641,0.460,0.745,230.3788026647626
18642,0.460,0.750,228.67371748758876
18643,0.460,0.755,226.9781506765043
18644,0.460,0.760,225.29215804512557
18645,0.460,0.765,223.61579313337705
18646,0.460,0.770,221.94910719959884
18647,0.460,0.775,220.29214921435783
18648,0.460,0.780,218.64496585595646
18649,0.460,0.785,217.00760150763114
18650,0.460,0.790,215.38009825642916
18651,0.460,0.795,213.7624958937507
18652,0.460,0.800,212.15483191753964
18653,0.460,0.805,210.55714153610495
18654,0.460,0.810,208.96945767355123
18655,0.460,0.815,207.39181097679574
18656,0.460,0.820,205.8242298241457
18657,0.460,0.825,204.2667403354086
18658,0.460,0.830,202.71936638350567
18659,0.460,0.835,201.18212960755673
18660,0.460,0.840,199.65504942740256
18661,0.460,0.845,198.1381430595302
18662,0.460,0.850,196.63142553436276
18663,0.460,0.855,195.13490971487673
18664,0.460,0.860,193.64860631650515
18665,0.460,0.865,192.1725239282866
18666,0.460,0.870,190.70666903521646
18667,0.460,0.875,189.2510460417571
18668,0.460,0.880,187.80565729646207
18669,0.460,0.885,186.37050311766936
18670,0.460,0.890,184.94558182021606
18671,0.460,0.895,183.53088974312888
18672,0.460,0.900,182.1264212782421
18673,0.460,0.905,180.7321688996951
18674,0.460,0.910,179.34812319426143
18675,0.460,0.915,177.97427289246102
18676,0.460,0.920,176.61060490040643
18677,0.460,0.925,175.25710433233516
18678,0.460,0.930,173.91375454377928
18679,0.460,0.935,172.58053716532416
18680,0.460,0.940,171.25743213690814
18681,0.460,0.945,169.94441774261577
18682,0.460,0.950,168.64147064591765
18683,0.460,0.955,167.34856592530934
18684,0.460,0.960,166.06567711030488
18685,0.460,0.965,164.79277621773784
18686,0.460,0.970,163.52983378832695
18687,0.460,0.975,162.27681892346138
18688,0.460,0.980,161.03369932216344
18689,0.460,0.985,159.80044131818653
18690,0.460,0.990,158.57700991720725
18691,0.460,0.995,157.3633688340716
18692,0.460,1.000,156.1594805300565
18693,0.465,0.000,531.3644405032645
18694,0.465,0.005,529.3799661420703
18695,0.465,0.010,527.3909144531523
18696,0.465,0.015,525.3973218809999
18697,0.465,0.020,523.3992258808375
18698,0.465,0.025,521.3966649303003
18699,0.465,0.030,519.3896785410324
18700,0.465,0.035,517.3783072702
18701,0.465,0.040,515.3625927319079
18702,0.465,0.045,513.342577608511
18703,0.465,0.050,511.318305661812
18704,0.465,0.055,509.289821744133
18705,0.465,0.060,507.25717180925227
18706,0.465,0.065,505.2204029231949
18707,0.465,0.070,503.1795632748666
18708,0.465,0.075,501.13470218651855
18709,0.465,0.080,499.0858701240326
18710,0.465,0.085,497.03311870701475
18711,0.465,0.090,494.9765007186841
18712,0.465,0.095,492.91607011554544
18713,0.465,0.100,490.8518820368322
18714,0.465,0.105,488.7839928137063
18715,0.465,0.110,486.7124599782034
18716,0.465,0.115,484.63734227190673
18717,0.465,0.120,482.5586996543378
18718,0.465,0.125,480.4765933110489
18719,0.465,0.130,478.39108566140305
18720,0.465,0.135,476.3022403660257
18721,0.465,0.140,474.21012233391394
18722,0.465,0.145,472.11479772918716
18723,0.465,0.150,470.01633397746343
18724,0.465,0.155,467.91479977184605
18725,0.465,0.160,465.81026507850373
18726,0.465,0.165,463.70280114182697
18727,0.465,0.170,461.59248048914594
18728,0.465,0.175,459.4793769349909
18729,0.465,0.180,457.363565584879
18730,0.465,0.185,455.24512283860895
18731,0.465,0.190,453.12412639304887
18732,0.465,0.195,451.0006552443946
18733,0.465,0.200,448.874789689886
18734,0.465,0.205,446.7466113289584
18735,0.465,0.210,444.61620306381525
18736,0.465,0.215,442.48364909939943
18737,0.465,0.220,440.34903494274823
18738,0.465,0.225,438.2124474017124
18739,0.465,0.230,436.0739745830199
18740,0.465,0.235,433.9337058896669
18741,0.465,0.240,431.79173201761705
18742,0.465,0.245,429.64814495179155
18743,0.465,0.250,427.5030379613291
18744,0.465,0.255,425.35650559410135
18745,0.465,0.260,423.2086436704612
18746,0.465,0.265,421.0595492762101
18747,0.465,0.270,418.9093207547631
18748,0.465,0.275,416.7580576984974
18749,0.465,0.280,414.6058609392632
18750,0.465,0.285,412.452832538044
18751,0.465,0.290,410.29907577374604
18752,0.465,0.295,408.1446951311036
18753,0.465,0.300,405.9897962876817
18754,0.465,0.305,403.8344860999639
18755,0.465,0.310,401.67887258850595
18756,0.465,0.315,399.5230649221469
18757,0.465,0.320,397.36717340125784
18758,0.465,0.325,395.21130944002067
18759,0.465,0.330,393.05558554772006
18760,0.465,0.335,390.9001153090414
18761,0.465,0.340,388.74501336335953
18762,0.465,0.345,386.5903953830137
18763,0.465,0.350,384.4363780505535
18764,0.465,0.355,382.28307903495477
18765,0.465,0.360,380.13061696679165
18766,0.465,0.365,377.9791114123655
18767,0.465,0.370,375.82868284678074
18768,0.465,0.375,373.67945262596686
18769,0.465,0.380,371.53154295764375
18770,0.465,0.385,369.38507687122956
18771,0.465,0.390,367.24017818669
18772,0.465,0.395,365.09697148233346
18773,0.465,0.400,362.95558206155266
18774,0.465,0.405,360.8161359185187
18775,0.465,0.410,358.678759702834
18776,0.465,0.415,356.54358068315076
18777,0.465,0.420,354.41072670976564
18778,0.465,0.425,352.2803261762006
18779,0.465,0.430,350.15250797978433
18780,0.465,0.435,348.027401481246
18781,0.465,0.440,345.9051364633416
18782,0.465,0.445,343.7858430885268
18783,0.465,0.450,341.6696518557
18784,0.465,0.455,339.5566935560339
18785,0.465,0.460,337.4470992279229
18786,0.465,0.465,335.3410001110681
18787,0.465,0.470,333.2385275997316
18788,0.465,0.475,331.1398131951844
18789,0.465,0.480,329.04498845738493
18790,0.465,0.485,326.9541849559155
18791,0.465,0.490,324.86753422021724
18792,0.465,0.495,322.78516768915574
18793,0.465,0.500,320.70721665996
18794,0.465,0.505,318.6338122365725
18795,0.465,0.510,316.5650852774545
18796,0.465,0.515,314.50116634289014
18797,0.465,0.520,312.4421856418354
18798,0.465,0.525,310.3882729783593
18799,0.465,0.530,308.3395576977266
18800,0.465,0.535,306.2961686321734
18801,0.465,0.540,304.2582340464265
18802,0.465,0.545,302.225881583021
18803,0.465,0.550,300.1992382074724
18804,0.465,0.555,298.1784301533556
18805,0.465,0.560,296.1635828673527
18806,0.465,0.565,294.1548209543251
18807,0.465,0.570,292.15226812246993
18808,0.465,0.575,290.15604712862114
18809,0.465,0.580,288.1662797237565
18810,0.465,0.585,286.1830865987713
18811,0.465,0.590,284.2065873305816
18812,0.465,0.595,282.23690032861884
18813,0.465,0.600,280.274142781778
18814,0.465,0.605,278.3184306058838
18815,0.465,0.610,276.36987839173577
18816,0.465,0.615,274.42859935379505
18817,0.465,0.620,272.4947052795767
18818,0.465,0.625,270.56830647980667
18819,0.465,0.630,268.6495117394068
18820,0.465,0.635,266.7384282693676
18821,0.465,0.640,264.83516165956746
18822,0.465,0.645,262.9398158325981
18823,0.465,0.650,261.0524929986528
18824,0.465,0.655,259.17329361153406
18825,0.465,0.660,257.30231632583457
18826,0.465,0.665,255.43965795534467
18827,0.465,0.670,253.58541343273836
18828,0.465,0.675,251.73967577058684
18829,0.465,0.680,249.90253602374653
18830,0.465,0.685,248.0740832531679
18831,0.465,0.690,246.25440449116837
18832,0.465,0.695,244.44358470820964
18833,0.465,0.700,242.64170678121857
18834,0.465,0.705,240.84885146348736
18835,0.465,0.710,239.0650973561868
18836,0.465,0.715,237.29052088152403
18837,0.465,0.720,235.52519625757128
18838,0.465,0.725,233.76919547479326
18839,0.465,0.730,232.02258827429378
18840,0.465,0.735,230.28544212780244
18841,0.465,0.740,228.55782221941766
18842,0.465,0.745,226.83979142912014
18843,0.465,0.750,225.13141031806722
18844,0.465,0.755,223.432737115676
18845,0.465,0.760,221.74382770850065
18846,0.465,0.765,220.06473563090486
18847,0.465,0.770,218.3955120575293
18848,0.465,0.775,216.73620579754916
18849,0.465,0.780,215.08686329071568
18850,0.465,0.785,213.44752860517096
18851,0.465,0.790,211.81824343702436
18852,0.465,0.795,210.1990471116746
18853,0.465,0.800,208.589976586859
18854,0.465,0.805,206.99106645741043
18855,0.465,0.810,205.40234896169744
18856,0.465,0.815,203.82385398972266
18857,0.465,0.820,202.25560909285062
18858,0.465,0.825,200.69763949513563
18859,0.465,0.830,199.14996810621597
18860,0.465,0.835,197.61261553574073
18861,0.465,0.840,196.08560010929227
18862,0.465,0.845,194.5689378857655
18863,0.465,0.850,193.06264267616484
18864,0.465,0.855,191.56672606377555
18865,0.465,0.860,190.08119742566745
18866,0.465,0.865,188.60606395548598
18867,0.465,0.870,187.14133068748365
18868,0.465,0.875,185.68700052174697
18869,0.465,0.880,184.2430742505684
18870,0.465,0.885,182.80955058591596
18871,0.465,0.890,181.38642618795052
18872,0.465,0.895,179.9736956945401
18873,0.465,0.900,178.57135175172064
18874,0.465,0.905,177.179385045052
18875,0.465,0.910,175.79778433181747
18876,0.465,0.915,174.42653647401602
18877,0.465,0.920,173.06562647209427
18878,0.465,0.925,171.7150374993677
18879,0.465,0.930,170.3747509370794
18880,0.465,0.935,169.04474641004472
18881,0.465,0.940,167.7250018228319
18882,0.465,0.945,166.41549339642737
18883,0.465,0.950,165.11619570533693
18884,0.465,0.955,163.82708171507278
18885,0.465,0.960,162.54812281997877
18886,0.465,0.965,161.27928888134542
18887,0.465,0.970,160.02054826576887
18888,0.465,0.975,158.77186788370676
18889,0.465,0.980,157.53321322818712
18890,0.465,0.985,156.30454841362575
18891,0.465,0.990,155.08583621470933
18892,0.465,0.995,153.8770381053027
18893,0.465,1.000,152.6781142973393
18894,0.470,0.000,529.4165259783475
18895,0.470,0.005,527.4209299476369
18896,0.470,0.010,525.4206999056431
18897,0.470,0.015,523.4158725336313
18898,0.470,0.020,521.406485541369
18899,0.470,0.025,519.3925776792264
18900,0.470,0.030,517.3741887502017
18901,0.470,0.035,515.3513596218653
18902,0.470,0.040,513.324132238213
18903,0.470,0.045,511.29254963141807
18904,0.470,0.050,509.2566559334728
18905,0.470,0.055,507.21649638770884
18906,0.470,0.060,505.17211736018453
18907,0.470,0.065,503.1235663509318
18908,0.470,0.070,501.07089200504606
18909,0.470,0.075,499.0141441236132
18910,0.470,0.080,496.95337367445654
18911,0.470,0.085,494.8886328026965
18912,0.470,0.090,492.819974841105
18913,0.470,0.095,490.74745432024747
18914,0.470,0.100,488.6711269783942
18915,0.470,0.105,486.5910497711917
18916,0.470,0.110,484.50728088107576
18917,0.470,0.115,482.4198797264171
18918,0.470,0.120,480.3289069703805
18919,0.470,0.125,478.2344245294862
18920,0.470,0.130,476.1364955818555
18921,0.470,0.135,474.03518457512706
18922,0.470,0.140,471.93055723402796
18923,0.470,0.145,469.82268056758244
18924,0.470,0.150,467.7116228759425
18925,0.470,0.155,465.5974537568245
18926,0.470,0.160,463.4802441115335
18927,0.470,0.165,461.3600661505589
18928,0.470,0.170,459.23699339872417
18929,0.470,0.175,457.1111006998718
18930,0.470,0.180,454.9824642210673
18931,0.470,0.185,452.8511614563016
18932,0.470,0.190,450.71727122967656
18933,0.470,0.195,448.5808736980519
18934,0.470,0.200,446.44205035313666
18935,0.470,0.205,444.30088402300555
18936,0.470,0.210,442.1574588730217
18937,0.470,0.215,440.01186040614493
18938,0.470,0.220,437.8641754626087
18939,0.470,0.225,435.71449221894375
18940,0.470,0.230,433.56290018633024
18941,0.470,0.235,431.4094902082596
18942,0.470,0.240,429.2543544574844
18943,0.470,0.245,427.0975864322384
18944,0.470,0.250,424.9392809517067
18945,0.470,0.255,422.7795341507266
18946,0.470,0.260,420.6184434737003
18947,0.470,0.265,418.4561076676989
18948,0.470,0.270,416.29262677474065
18949,0.470,0.275,414.1281021232233
18950,0.470,0.280,411.96263631849234
18951,0.470,0.285,409.7963332325275
18952,0.470,0.290,407.6292979927287
18953,0.470,0.295,405.4616369697849
18954,0.470,0.300,403.29345776460787
18955,0.470,0.305,401.12486919431564
18956,0.470,0.310,398.95598127724764
18957,0.470,0.315,396.7869052169985
18958,0.470,0.320,394.61775338545283
18959,0.470,0.325,392.44863930481
18960,0.470,0.330,390.27967762858225
18961,0.470,0.335,388.1109841215562
18962,0.470,0.340,385.9426756387039
18963,0.470,0.345,383.77487010303446
18964,0.470,0.350,381.60768648237354
18965,0.470,0.355,379.44124476506573
18966,0.470,0.360,377.27566593458675
18967,0.470,0.365,375.1110719430643
18968,0.470,0.370,372.9475856836975
18969,0.470,0.375,370.7853309620729
18970,0.470,0.380,368.624432466373
18971,0.470,0.385,366.46501573647646
18972,0.470,0.390,364.30720713194904
18973,0.470,0.395,362.15113379892637
18974,0.470,0.400,359.9969236358919
18975,0.470,0.405,357.8447052583534
18976,0.470,0.410,355.694607962425
18977,0.470,0.415,353.5467616873213
18978,0.470,0.420,351.4012969767735
18979,0.470,0.425,349.25834493937816
18980,0.470,0.430,347.11803720789237
18981,0.470,0.435,344.9805058974881
18982,0.470,0.440,342.8458835629858
18983,0.470,0.445,340.71430315508087
18984,0.470,0.450,338.58589797558926
18985,0.470,0.455,336.4608016317289
18986,0.470,0.460,334.339147989467
18987,0.470,0.465,332.2210711259542
18988,0.470,0.470,330.1067052810796
18989,0.470,0.475,327.9961848081722
18990,0.470,0.480,325.88964412388555
18991,0.470,0.485,323.787217657297
18992,0.470,0.490,321.6890397982607
18993,0.470,0.495,319.5952448450518
18994,0.470,0.500,317.5059669513424
18995,0.470,0.505,315.4213400725527
18996,0.470,0.510,313.3414979116219
18997,0.470,0.515,311.2665738642445
18998,0.470,0.520,309.1967009636215
18999,0.470,0.525,307.13201182477576
19000,0.470,0.530,305.0726385884843
19001,0.470,0.535,303.0187128648806
19002,0.470,0.540,300.9703656767816
19003,0.470,0.545,298.9277274027978
19004,0.470,0.550,296.8909277202828
19005,0.470,0.555,294.86009554818276
19006,0.470,0.560,292.8353589898466
19007,0.470,0.565,290.81684527585844
19008,0.470,0.570,288.8046807069553
19009,0.470,0.575,286.79899059709436
19010,0.470,0.580,284.7998992167338
19011,0.470,0.585,282.807529736393
19012,0.470,0.590,280.8220041705578
19013,0.470,0.595,278.8434433219973
19014,0.470,0.600,276.8719667265582
19015,0.470,0.605,274.90769259850356
19016,0.470,0.610,272.95073777646326
19017,0.470,0.615,271.0012176700612
19018,0.470,0.620,269.0592462072866
19019,0.470,0.625,267.1249357826745
19020,0.470,0.630,265.19839720636026
19021,0.470,0.635,263.2797396540721
19022,0.470,0.640,261.3690706181257
19023,0.470,0.645,259.4664958594824
19024,0.470,0.650,257.5721193609311
19025,0.470,0.655,255.68604328145528
19026,0.470,0.660,253.80836791184066
19027,0.470,0.665,251.9391916315816
19028,0.470,0.670,250.07861086713953
19029,0.470,0.675,248.2267200516059
19030,0.470,0.680,246.38361158582038
19031,0.470,0.685,244.54937580099138
19032,0.470,0.690,242.72410092286592
19033,0.470,0.695,240.90787303749025
19034,0.470,0.700,239.1007760586035
19035,0.470,0.705,237.30289169670095
19036,0.470,0.710,235.51429942980295
19037,0.470,0.715,233.73507647596116
19038,0.470,0.720,231.96529776753167
19039,0.470,0.725,230.20503592724137
19040,0.470,0.730,228.45436124607062
19041,0.470,0.735,226.71334166297268
19042,0.470,0.740,224.98204274644652
19043,0.470,0.745,223.26052767797717
19044,0.470,0.750,221.5488572373542
19045,0.470,0.755,219.8470897898754
19046,0.470,0.760,218.15528127544044
19047,0.470,0.765,216.47348519953508
19048,0.470,0.770,214.80175262610396
19049,0.470,0.775,213.14013217230675
19050,0.470,0.780,211.48867000514892
19051,0.470,0.785,209.84740983997625
19052,0.470,0.790,208.21639294081783
19053,0.470,0.795,206.59565812256074
19054,0.470,0.800,204.9852417549359
19055,0.470,0.805,203.3851777682919
19056,0.470,0.810,201.79549766113087
19057,0.470,0.815,200.21623050937885
19058,0.470,0.820,198.6474029773582
19059,0.470,0.825,197.08903933043038
19060,0.470,0.830,195.5411614492721
19061,0.470,0.835,194.00378884574792
19062,0.470,0.840,192.4769386803389
19063,0.470,0.845,190.960625781086
19064,0.470,0.850,189.45486266400425
19065,0.470,0.855,187.95965955492213
19066,0.470,0.860,186.47502441270035
19067,0.470,0.865,185.00096295378037
19068,0.470,0.870,183.53747867801468
19069,0.470,0.875,182.08457289572675
19070,0.470,0.880,180.64224475595006
19071,0.470,0.885,179.21049127579298
19072,0.470,0.890,177.78930737087686
19073,0.470,0.895,176.3786858867928
19074,0.470,0.900,174.9786176315231
19075,0.470,0.905,173.58909140877307
19076,0.470,0.910,172.21009405215747
19077,0.470,0.915,170.84161046018727
19078,0.470,0.920,169.48362363200155
19079,0.470,0.925,168.13611470378967
19080,0.470,0.930,166.79906298584908
19081,0.470,0.935,165.47244600022486
19082,0.470,0.940,164.15623951887693
19083,0.470,0.945,162.85041760232158
19084,0.470,0.950,161.5549526386956
19085,0.470,0.955,160.26981538319
19086,0.470,0.960,158.99497499780335
19087,0.470,0.965,157.73039909136412
19088,0.470,0.970,156.47605375977298
19089,0.470,0.975,155.23190362641702
19090,0.470,0.980,153.9979118827085
19091,0.470,0.985,152.77404032870288
19092,0.470,0.990,151.5602494137504
19093,0.470,0.995,150.35649827713837
19094,0.470,1.000,149.1627447886813
19095,0.475,0.000,527.4555907200886
19096,0.475,0.005,525.4487211117573
19097,0.475,0.010,523.4371591319348
19098,0.475,0.015,521.4209416884783
19099,0.475,0.020,519.4001067358223
19100,0.475,0.025,517.3746932875177
19101,0.475,0.030,515.3447414287028
19102,0.475,0.035,513.3102923284987
19103,0.475,0.040,511.2713882523169
19104,0.475,0.045,509.2280725740722
19105,0.475,0.050,507.18038978828855
19106,0.475,0.055,505.1283855220875
19107,0.475,0.060,503.07210654704994
19108,0.475,0.065,501.01160079093785
19109,0.475,0.070,498.9469173492657
19110,0.475,0.075,496.8781064967103
19111,0.475,0.080,494.8052196983449
19112,0.475,0.085,492.7283096206865
19113,0.475,0.090,490.6474301425436
19114,0.475,0.095,488.5626363656504
19115,0.475,0.100,486.4739846250734
19116,0.475,0.105,484.3815324993783
19117,0.475,0.110,482.2853388205416
19118,0.475,0.115,480.1854636835917
19119,0.475,0.120,478.0819684559663
19120,0.475,0.125,475.97491578656945
19121,0.475,0.130,473.8643696145127
19122,0.475,0.135,471.7503951775255
19123,0.475,0.140,469.6330590200163
19124,0.475,0.145,467.5124290007704
19125,0.475,0.150,465.3885743002657
19126,0.475,0.155,463.2615654275894
19127,0.475,0.160,461.13147422693834
19128,0.475,0.165,458.99837388368525
19129,0.475,0.170,456.8623389299921
19130,0.475,0.175,454.7234452499526
19131,0.475,0.180,452.5817700842445
19132,0.475,0.185,450.4373920342735
19133,0.475,0.190,448.29039106578927
19134,0.475,0.195,446.1408485119526
19135,0.475,0.200,443.988847075837
19136,0.475,0.205,441.83447083234137
19137,0.475,0.210,439.6778052294971
19138,0.475,0.215,437.51893708914565
19139,0.475,0.220,435.35795460697
19140,0.475,0.225,433.1949473518565
19141,0.475,0.230,431.03000626456793
19142,0.475,0.235,428.86322365570726
19143,0.475,0.240,426.69469320295036
19144,0.475,0.245,424.5245099475282
19145,0.475,0.250,422.3527702899368
19146,0.475,0.255,420.1795719848553
19147,0.475,0.260,418.00501413525024
19148,0.475,0.265,415.82919718564796
19149,0.475,0.270,413.6522229145515
19150,0.475,0.275,411.47419442598573
19151,0.475,0.280,409.2952161401479
19152,0.475,0.285,407.11539378314563
19153,0.475,0.290,404.93483437580306
19154,0.475,0.295,402.7536462215158
19155,0.475,0.300,400.5719388931365
19156,0.475,0.305,398.38982321887437
19157,0.475,0.310,396.2074112671882
19158,0.475,0.315,394.0248163306602
19159,0.475,0.320,391.84215290883134
19160,0.475,0.325,389.6595366899836
19161,0.475,0.330,387.4770845318553
19162,0.475,0.335,385.29491444127467
19163,0.475,0.340,383.11314555269814
19164,0.475,0.345,380.9318981056436
19165,0.475,0.350,378.7512934210037
19166,0.475,0.355,376.57145387623325
19167,0.475,0.360,374.39250287939774
19168,0.475,0.365,372.2145648420792
19169,0.475,0.370,370.0377651511286
19170,0.475,0.375,367.8622301392636
19171,0.475,0.380,365.688087054504
19172,0.475,0.385,363.5154640284454
19173,0.475,0.390,361.34449004336807
19174,0.475,0.395,359.1752948981825
19175,0.475,0.400,357.0080091732138
19176,0.475,0.405,354.84276419382707
19177,0.475,0.410,352.67969199290263
19178,0.475,0.415,350.51892527216467
19179,0.475,0.420,348.36059736237513
19180,0.475,0.425,346.2048421824017
19181,0.475,0.430,344.0517941971754
19182,0.475,0.435,341.90158837454953
19183,0.475,0.440,339.75436014108004
19184,0.475,0.445,337.6102453367434
19185,0.475,0.450,335.4693801686151
19186,0.475,0.455,333.3319011635312
19187,0.475,0.460,331.197945119758
19188,0.475,0.465,329.0676490576971
19189,0.475,0.470,326.94115016965736
19190,0.475,0.475,324.8185857687216
19191,0.475,0.480,322.7000932367477
19192,0.475,0.485,320.58580997153445
19193,0.475,0.490,318.47587333319547
19194,0.475,0.495,316.37042058977806
19195,0.475,0.500,314.26958886217244
19196,0.475,0.505,312.1735150683544
19197,0.475,0.510,310.0823358670097
19198,0.475,0.515,307.9961876005879
19199,0.475,0.520,305.9152062378379
19200,0.475,0.525,303.8395273158771
19201,0.475,0.530,301.7692858818502
19202,0.475,0.535,299.7046164342326
19203,0.475,0.540,297.6456528638391
19204,0.475,0.545,295.59252839459526
19205,0.475,0.550,293.54537552413603
19206,0.475,0.555,291.504325964292
19207,0.475,0.560,289.4695105815293
19208,0.475,0.565,287.441059337409
19209,0.475,0.570,285.41910122913146
19210,0.475,0.575,283.4037642302346
19211,0.475,0.580,281.39517523151494
19212,0.475,0.585,279.3934599822395
19213,0.475,0.590,277.39874303172
19214,0.475,0.595,275.4111476713195
19215,0.475,0.600,273.43079587696053
19216,0.475,0.605,271.457808252209
19217,0.475,0.610,269.49230397200097
19218,0.475,0.615,267.5344007270852
19219,0.475,0.620,265.58421466925165
19220,0.475,0.625,263.64186035741466
19221,0.475,0.630,261.70745070462084
19222,0.475,0.635,259.7810969260489
19223,0.475,0.640,257.86290848806993
19224,0.475,0.645,255.95299305843332
19225,0.475,0.650,254.0514564576422
19226,0.475,0.655,252.15840261158306
19227,0.475,0.660,250.2739335054705
19228,0.475,0.665,248.39814913916553
19229,0.475,0.670,246.53114748392642
19230,0.475,0.675,244.6730244406472
19231,0.475,0.680,242.82387379963606
19232,0.475,0.685,240.98378720198588
19233,0.475,0.690,239.15285410258363
19234,0.475,0.695,237.33116173480508
19235,0.475,0.700,235.51879507693715
19236,0.475,0.705,233.71583682036754
19237,0.475,0.710,231.92236733957867
19238,0.475,0.715,230.13846466397987
19239,0.475,0.720,228.36420445160758
19240,0.475,0.725,226.5996599647216
19241,0.475,0.730,224.84490204732106
19242,0.475,0.735,223.09999910460067
19243,0.475,0.740,221.36501708436455
19244,0.475,0.745,219.6400194604117
19245,0.475,0.750,217.92506721790315
19246,0.475,0.755,216.2202188407177
19247,0.475,0.760,214.52553030079997
19248,0.475,0.765,212.8410550495009
19249,0.475,0.770,211.16684401090686
19250,0.475,0.775,209.50294557715094
19251,0.475,0.780,207.8494056056966
19252,0.475,0.785,206.2062674185797
19253,0.475,0.790,204.57357180359298
19254,0.475,0.795,202.951357017393
19255,0.475,0.800,201.3396587905067
19256,0.475,0.805,199.73851033421204
19257,0.475,0.810,198.14794234926404
19258,0.475,0.815,196.56798303643504
19259,0.475,0.820,194.9986581088343
19260,0.475,0.825,193.4399908059721
19261,0.475,0.830,191.89200190952735
19262,0.475,0.835,190.35470976077877
19263,0.475,0.840,188.82813027965582
19264,0.475,0.845,187.31227698536392
19265,0.475,0.850,185.80716101853656
19266,0.475,0.855,184.31279116486525
19267,0.475,0.860,182.82917388015696
19268,0.475,0.865,181.35631331676655
19269,0.475,0.870,179.89421135135072
19270,0.475,0.875,178.44286761388958
19271,0.475,0.880,177.00227951791945
19272,0.475,0.885,175.57244229192113
19273,0.475,0.890,174.15334901180614
19274,0.475,0.895,172.74499063444324
19275,0.475,0.900,171.3473560321675
19276,0.475,0.905,169.96043202821286
19277,0.475,0.910,168.5842034330101
19278,0.475,0.915,167.21865308129176
19279,0.475,0.920,165.86376186994468
19280,0.475,0.925,164.51950879655288
19281,0.475,0.930,163.18587099857228
19282,0.475,0.935,161.8628237930799
19283,0.475,0.940,160.5503407170409
19284,0.475,0.945,159.2483935680365
19285,0.475,0.950,157.9569524453983
19286,0.475,0.955,156.67598579169368
19287,0.475,0.960,155.40546043450865
19288,0.475,0.965,154.14534162847553
19289,0.475,0.970,152.89559309749438
19290,0.475,0.975,151.6561770770964
19291,0.475,0.980,150.42705435690152
19292,0.475,0.985,149.20818432312095
19293,0.475,0.990,147.9995250010584
19294,0.475,0.995,146.80103309756456
19295,0.475,1.000,145.6126640433998
19296,0.480,0.000,525.4815313385133
19297,0.480,0.005,523.4632332450087
19298,0.480,0.010,521.4401826805786
19299,0.480,0.015,519.4124167684728
19300,0.480,0.020,517.379973696894
19301,0.480,0.025,515.3428927319941
19302,0.480,0.030,513.3012142308097
19303,0.480,0.035,511.2549796541273
19304,0.480,0.040,509.2042315792667
19305,0.480,0.045,507.1490137127736
19306,0.480,0.050,505.089370903011
19307,0.480,0.055,503.02534915263925
19308,0.480,0.060,500.95699563097133
19309,0.480,0.065,498.88435868619524
19310,0.480,0.070,496.8074878574485
19311,0.480,0.075,494.7264338867359
19312,0.480,0.080,492.64124873067425
19313,0.480,0.085,490.5519855720543
19314,0.480,0.090,488.458698831206
19315,0.480,0.095,486.36144417715184
19316,0.480,0.100,484.26027853853645
19317,0.480,0.105,482.1552601143164
19318,0.480,0.110,480.04644838419745
19319,0.480,0.115,477.93390411880137
19320,0.480,0.120,475.81768938955014
19321,0.480,0.125,473.69786757824903
19322,0.480,0.130,471.57450338635357
19323,0.480,0.135,469.4476628439043
19324,0.480,0.140,467.31741331811116
19325,0.480,0.145,465.18382352157136
19326,0.480,0.150,463.04696352010205
19327,0.480,0.155,460.90690474017146
19328,0.480,0.160,458.763719975908
19329,0.480,0.165,456.61748339567083
19330,0.480,0.170,454.4682705481612
19331,0.480,0.175,452.3161583680563
19332,0.480,0.180,450.16122518114605
19333,0.480,0.185,448.0035507089522
19334,0.480,0.190,445.84321607281055
19335,0.480,0.195,443.6803037973943
19336,0.480,0.200,441.5148978136607
19337,0.480,0.205,439.34708346119635
19338,0.480,0.210,437.17694748994376
19339,0.480,0.215,435.0045780612845
19340,0.480,0.220,432.83006474846064
19341,0.480,0.225,430.6534985363104
19342,0.480,0.230,428.47497182029724
19343,0.480,0.235,426.29457840481047
19344,0.480,0.240,424.1124135007164
19345,0.480,0.245,421.92857372213575
19346,0.480,0.250,419.7431570824282
19347,0.480,0.255,417.55626298936005
19348,0.480,0.260,415.3679922394341
19349,0.480,0.265,413.1784470113601
19350,0.480,0.270,410.98773085864343
19351,0.480,0.275,408.795948701272
19352,0.480,0.280,406.6032068164779
19353,0.480,0.285,404.40961282855596
19354,0.480,0.290,402.2152756977155
19355,0.480,0.295,400.02030570794756
19356,0.480,0.300,397.82481445388584
19357,0.480,0.305,395.62891482664446
19358,0.480,0.310,393.43272099861
19359,0.480,0.315,391.2363484071744
19360,0.480,0.320,389.03991373738614
19361,0.480,0.325,386.8435349035077
19362,0.480,0.330,384.64733102945854
19363,0.480,0.335,382.45142242813216
19364,0.480,0.340,380.2559305795703
19365,0.480,0.345,378.0609781079824
19366,0.480,0.350,375.86668875759625
19367,0.480,0.355,373.67318736733097
19368,0.480,0.360,371.4805998442786
19369,0.480,0.365,369.2890531359893
19370,0.480,0.370,367.0986752015492
19371,0.480,0.375,364.90959498144593
19372,0.480,0.380,362.72194236621755
19373,0.480,0.385,360.5358481638795
19374,0.480,0.390,358.35144406613
19375,0.480,0.395,356.16886261333184
19376,0.480,0.400,353.9882371582733
19377,0.480,0.405,351.80970182870993
19378,0.480,0.410,349.6333914886939
19379,0.480,0.415,347.4594416986966
19380,0.480,0.420,345.28798867453423
19381,0.480,0.425,343.1191692451055
19382,0.480,0.430,340.95312080895746
19383,0.480,0.435,338.7899812896908
19384,0.480,0.440,336.6298890902246
19385,0.480,0.445,334.4729830459382
19386,0.480,0.450,332.3194023767127
19387,0.480,0.455,330.1692866378952
19388,0.480,0.460,328.0227756702132
19389,0.480,0.465,325.8800095486645
19390,0.480,0.470,323.7411285304184
19391,0.480,0.475,321.6062730017561
19392,0.480,0.480,319.4755834240898
19393,0.480,0.485,317.3492002790953
19394,0.480,0.490,315.2272640130012
19395,0.480,0.495,313.1099149800747
19396,0.480,0.500,310.9972933853506
19397,0.480,0.505,308.88953922664996
19398,0.480,0.510,306.7867922359378
19399,0.480,0.515,304.6891918200718
19400,0.480,0.520,302.59687700099613
19401,0.480,0.525,300.50998635543493
19402,0.480,0.530,298.42865795414565
19403,0.480,0.535,296.35302930079
19404,0.480,0.540,294.28323727048627
19405,0.480,0.545,292.21941804810496
19406,0.480,0.550,290.1617070663744
19407,0.480,0.555,288.1102389438626
19408,0.480,0.560,286.0651474229038
19409,0.480,0.565,284.02656530753984
19410,0.480,0.570,281.99462440154707
19411,0.480,0.575,279.9694554466206
19412,0.480,0.580,277.95118806079023
19413,0.480,0.585,275.93995067713917
19414,0.480,0.590,273.93587048290425
19415,0.480,0.595,271.9390733590277
19416,0.480,0.600,269.9496838202402
19417,0.480,0.605,267.9678249557471
19418,0.480,0.610,265.9936183705962
19419,0.480,0.615,264.02718412779984
19420,0.480,0.620,262.0686406912875
19421,0.480,0.625,260.1181048697634
19422,0.480,0.630,258.17569176154115
19423,0.480,0.635,256.24151470042995
19424,0.480,0.640,254.31568520274195
19425,0.480,0.645,252.39831291549282
19426,0.480,0.650,250.48950556586252
19427,0.480,0.655,248.58936891198468
19428,0.480,0.660,246.6980066951291
19429,0.480,0.665,244.8155205933408
19430,0.480,0.670,242.94201017659674
19431,0.480,0.675,241.0775728635391
19432,0.480,0.680,239.2223038798412
19433,0.480,0.685,237.37629621825957
19434,0.480,0.690,235.5396406004236
19435,0.480,0.695,233.71242544041033
19436,0.480,0.700,231.8947368101492
19437,0.480,0.705,230.08665840669926
19438,0.480,0.710,228.28827152143631
19439,0.480,0.715,226.49965501118672
19440,0.480,0.720,224.7208852713378
19441,0.480,0.725,222.95203621095501
19442,0.480,0.730,221.19317922992903
19443,0.480,0.735,219.44438319817496
19444,0.480,0.740,217.70571443690056
19445,0.480,0.745,215.97723670195708
19446,0.480,0.750,214.25901116928353
19447,0.480,0.755,212.55109642244972
19448,0.480,0.760,210.85354844230133
19449,0.480,0.765,209.16642059870586
19450,0.480,0.770,207.48976364439443
19451,0.480,0.775,205.82362571089143
19452,0.480,0.780,204.16805230651994
19453,0.480,0.785,202.52308631646738
19454,0.480,0.790,200.88876800489265
19455,0.480,0.795,199.26513501905288
19456,0.480,0.800,197.65222239542325
19457,0.480,0.805,196.0500625677827
19458,0.480,0.810,194.45868537723283
19459,0.480,0.815,192.87811808411521
19460,0.480,0.820,191.3083853817908
19461,0.480,0.825,189.74950941224014
19462,0.480,0.830,188.20150978344216
19463,0.480,0.835,186.6644035884869
19464,0.480,0.840,185.13820542637384
19465,0.480,0.845,183.62292742444762
19466,0.480,0.850,182.1185792624187
19467,0.480,0.855,180.62516819791625
19468,0.480,0.860,179.14269909351893
19469,0.480,0.865,177.6711744452058
19470,0.480,0.870,176.21059441217184
19471,0.480,0.875,174.76095684794726
19472,0.480,0.880,173.3222573327619
19473,0.480,0.885,171.8944892070944
19474,0.480,0.890,170.47764360634395
19475,0.480,0.895,169.0717094965631
19476,0.480,0.900,167.67667371119023
19477,0.480,0.905,166.29252098871765
19478,0.480,0.910,164.91923401123444
19479,0.480,0.915,163.55679344378075
19480,0.480,0.920,162.20517797445103
19481,0.480,0.925,160.86436435518536
19482,0.480,0.930,159.53432744318576
19483,0.480,0.935,158.21504024289837
19484,0.480,0.940,156.90647394849947
19485,0.480,0.945,155.60859798682762
19486,0.480,0.950,154.32138006070156
19487,0.480,0.955,153.04478619256787
19488,0.480,0.960,151.77878076842075
19489,0.480,0.965,150.52332658193876
19490,0.480,0.970,149.27838487878492
19491,0.480,0.975,148.04391540101628
19492,0.480,0.980,146.8198764315517
19493,0.480,0.985,145.606224838648
19494,0.480,0.990,144.40291612033468
19495,0.480,0.995,143.20990444876026
19496,0.480,1.000,142.02714271440365
19497,0.485,0.000,523.4942466506349
19498,0.485,0.005,521.4643621148015
19499,0.485,0.010,519.4296632043853
19500,0.485,0.015,517.3901872457421
19501,0.485,0.020,515.3459726488506
19502,0.485,0.025,513.2970589207844
19503,0.485,0.030,511.2434866791335
19504,0.485,0.035,509.1852976653577
19505,0.485,0.040,507.1225347580663
19506,0.485,0.045,505.05524198621265
19507,0.485,0.050,502.98346454219313
19508,0.485,0.055,500.90724879483975
19509,0.485,0.060,498.8266423022942
19510,0.485,0.065,496.7416938247534
19511,0.485,0.070,494.65245333707225
19512,0.485,0.075,492.55897204121385
19513,0.485,0.080,490.4613023785313
19514,0.485,0.085,488.3594980418707
19515,0.485,0.090,486.2536139874805
19516,0.485,0.095,484.1437064467126
19517,0.485,0.100,482.0298329375023
19518,0.485,0.105,479.91205227561164
19519,0.485,0.110,477.7904245856205
19520,0.485,0.115,475.6650113116508
19521,0.485,0.120,473.53587522780754
19522,0.485,0.125,471.4030804483203
19523,0.485,0.130,469.26669243736796
19524,0.485,0.135,467.12677801857114
19525,0.485,0.140,464.9834053841324
19526,0.485,0.145,462.8366441036089
19527,0.485,0.150,460.6865651322968
19528,0.485,0.155,458.533240819211
19529,0.485,0.160,456.3767449146396
19530,0.485,0.165,454.21715257725367
19531,0.485,0.170,452.0545403807544
19532,0.485,0.175,449.88898632003486
19533,0.485,0.180,447.7205698168377
19534,0.485,0.185,445.5493717248878
19535,0.485,0.190,443.37547433447855
19536,0.485,0.195,441.19896137649
19537,0.485,0.200,439.01991802581784
19538,0.485,0.205,436.8384309041907
19539,0.485,0.210,434.65458808235473
19540,0.485,0.215,432.468479081601
19541,0.485,0.220,430.2801948746152
19542,0.485,0.225,428.0898278856257
19543,0.485,0.230,425.8974719898274
19544,0.485,0.235,423.7032225120581
19545,0.485,0.240,421.50717622470387
19546,0.485,0.245,419.3094313448115
19547,0.485,0.250,417.11008753038317
19548,0.485,0.255,414.9092458758308
19549,0.485,0.260,412.7070089065674
19550,0.485,0.265,410.5034805727108
19551,0.485,0.270,408.29876624187824
19552,0.485,0.275,406.092972691048
19553,0.485,0.280,403.88620809746567
19554,0.485,0.285,401.6785820285731
19555,0.485,0.290,399.47020543093686
19556,0.485,0.295,397.2611906181553
19557,0.485,0.300,395.05165125772305
19558,0.485,0.305,392.84170235683104
19559,0.485,0.310,390.6314602470832
19560,0.485,0.315,388.4210425681081
19561,0.485,0.320,386.2105682500481
19562,0.485,0.325,384.00015749490797
19563,0.485,0.330,381.7899317567418
19564,0.485,0.335,379.580013720667
19565,0.485,0.340,377.3705272806843
19566,0.485,0.345,375.16159751629175
19567,0.485,0.350,372.95335066787806
19568,0.485,0.355,370.74591411088306
19569,0.485,0.360,368.53941632871175
19570,0.485,0.365,366.33398688439513
19571,0.485,0.370,364.12975639098477
19572,0.485,0.375,361.92685648067794
19573,0.485,0.380,359.7254197726626
19574,0.485,0.385,357.52557983968217
19575,0.485,0.390,355.327471173314
19576,0.485,0.395,353.1312291479626
19577,0.485,0.400,350.9369899835661
19578,0.485,0.405,348.74489070702117
19579,0.485,0.410,346.5550691123284
19580,0.485,0.415,344.36766371946567
19581,0.485,0.420,342.18281373199864
19582,0.485,0.425,340.00065899343696
19583,0.485,0.430,337.82133994235176
19584,0.485,0.435,335.64499756626674
19585,0.485,0.440,333.4717733543423
19586,0.485,0.445,331.3018092488709
19587,0.485,0.450,329.1352475956069
19588,0.485,0.455,326.9722310929545
19589,0.485,0.460,324.8129027400413
19590,0.485,0.465,322.657405783706
19591,0.485,0.470,320.5058836644342
19592,0.485,0.475,318.3584799612736
19593,0.485,0.480,316.2153383357697
19594,0.485,0.485,314.07660247495704
19595,0.485,0.490,311.9424160334525
19596,0.485,0.495,309.8129225746916
19597,0.485,0.500,307.6882655113575
19598,0.485,0.505,305.56858804505106
19599,0.485,0.510,303.4540331052546
19600,0.485,0.515,301.3447432876433
19601,0.485,0.520,299.2408607918018
19602,0.485,0.525,297.1425273584043
19603,0.485,0.530,295.04988420592036
19604,0.485,0.535,292.9630719669097
19605,0.485,0.540,290.88223062397026
19606,0.485,0.545,288.80749944540946
19607,0.485,0.550,286.73901692070586
19608,0.485,0.555,284.67692069583313
19609,0.485,0.560,282.62134750851925
19610,0.485,0.565,280.57243312351466
19611,0.485,0.570,278.530312267945
19612,0.485,0.575,276.4951185668261
19613,0.485,0.580,274.4669844788163
19614,0.485,0.585,272.44604123228845
19615,0.485,0.590,270.432418761798
19616,0.485,0.595,268.42624564502825
19617,0.485,0.600,266.42764904029264
19618,0.485,0.605,264.43675462467525
19619,0.485,0.610,262.4536865328884
19620,0.485,0.615,260.47856729692955
19621,0.485,0.620,258.51151778661483
19622,0.485,0.625,256.5526571510708
19623,0.485,0.630,254.6021027612608
19624,0.485,0.635,252.65997015362515
19625,0.485,0.640,250.726372974909
19626,0.485,0.645,248.80142292825496
19627,0.485,0.650,246.8852297206324
19628,0.485,0.655,244.97790101167462
19629,0.485,0.660,243.07954236399416
19630,0.485,0.665,241.19025719504282
19631,0.485,0.670,239.31014673058132
19632,0.485,0.675,237.43930995982143
19633,0.485,0.680,235.57784359229956
19634,0.485,0.685,233.7258420165391
19635,0.485,0.690,231.8833972605553
19636,0.485,0.695,230.05059895425327
19637,0.485,0.700,228.22753429376607
19638,0.485,0.705,226.41428800777769
19639,0.485,0.710,224.61094232587078
19640,0.485,0.715,222.8175769489362
19641,0.485,0.720,221.0342690216772
19642,0.485,0.725,219.2610931072382
19643,0.485,0.730,217.4981211639828
19644,0.485,0.735,215.74542252444317
19645,0.485,0.740,214.0030638764584
19646,0.485,0.745,212.271109246515
19647,0.485,0.750,210.54961998529953
19648,0.485,0.755,208.83865475546887
19649,0.485,0.760,207.13826952163996
19650,0.485,0.765,205.4485175425957
19651,0.485,0.770,203.76944936570257
19652,0.485,0.775,202.10111282352753
19653,0.485,0.780,200.4435530326421
19654,0.485,0.785,198.79681239459484
19655,0.485,0.790,197.16093059903108
19656,0.485,0.795,195.53594462893471
19657,0.485,0.800,193.921888767964
19658,0.485,0.805,192.31879460984874
19659,0.485,0.810,190.72669106981468
19660,0.485,0.815,189.14560439799632
19661,0.485,0.820,187.57555819479654
19662,0.485,0.825,186.01657342815042
19663,0.485,0.830,184.46866845264464
19664,0.485,0.835,182.9318590304453
19665,0.485,0.840,181.4061583539804
19666,0.485,0.845,179.8915770703254
19667,0.485,0.850,178.38812330723425
19668,0.485,0.855,176.8958027007588
19669,0.485,0.860,175.4146184243982
19670,0.485,0.865,173.94457121971575
19671,0.485,0.870,172.48565942836214
19672,0.485,0.875,171.0378790254416
19673,0.485,0.880,169.60122365415643
19674,0.485,0.885,168.17568466166443
19675,0.485,0.890,166.76125113608433
19676,0.485,0.895,165.35790994458202
19677,0.485,0.900,163.96564577247167
19678,0.485,0.905,162.5844411632646
19679,0.485,0.910,161.21427655959923
19680,0.485,0.915,159.85513034498572
19681,0.485,0.920,158.5069788862989
19682,0.485,0.925,157.16979657695327
19683,0.485,0.930,155.84355588069562
19684,0.485,0.935,154.52822737594957
19685,0.485,0.940,153.22377980064923
19686,0.485,0.945,151.93018009749835
19687,0.485,0.950,150.6473934595935
19688,0.485,0.955,149.37538337635053
19689,0.485,0.960,148.11411167967432
19690,0.485,0.965,146.86353859031402
19691,0.485,0.970,145.62362276434683
19692,0.485,0.975,144.39432133973426
19693,0.485,0.980,143.17558998289715
19694,0.485,0.985,141.967382935257
19695,0.485,0.990,140.7696530596916
19696,0.485,0.995,139.58235188685612
19697,0.485,1.000,138.40542966132102
19698,0.490,0.000,521.4936379802195
19699,0.490,0.005,519.4520059465427
19700,0.490,0.010,517.405495762914
19701,0.490,0.015,515.3541449453453
19702,0.490,0.020,513.2979921124279
19703,0.490,0.025,511.2370769993023
19704,0.490,0.030,509.1714404715827
19705,0.490,0.035,507.1011245392213
19706,0.490,0.040,505.0261723703052
19707,0.490,0.045,502.9466283047754
19708,0.490,0.050,500.8625378680555
19709,0.490,0.055,498.7739477845805
19710,0.490,0.060,496.6809059912148
19711,0.490,0.065,494.5834616505442
19712,0.490,0.070,492.48166516403387
19713,0.490,0.075,490.3755681850365
19714,0.490,0.080,488.2652236316387
19715,0.490,0.085,486.1506856993329
19716,0.490,0.090,484.03200987349845
19717,0.490,0.095,481.90925294168096
19718,0.490,0.100,479.7824730056518
19719,0.490,0.105,477.651729493235
19720,0.490,0.110,475.51708316988515
19721,0.490,0.115,473.37859614999985
19722,0.490,0.120,471.23633190795107
19723,0.490,0.125,469.090355288818
19724,0.490,0.130,466.9407325188041
19725,0.490,0.135,464.78753121532174
19726,0.490,0.140,462.63082039672435
19727,0.490,0.145,460.470670491669
19728,0.490,0.150,458.3071533480906
19729,0.490,0.155,456.1403422417667
19730,0.490,0.160,453.97031188445504
19731,0.490,0.165,451.7971384315827
19732,0.490,0.170,449.62089948946567
19733,0.490,0.175,447.44167412203933
19734,0.490,0.180,445.25954285707763
19735,0.490,0.185,443.0745876918788
19736,0.490,0.190,440.88689209839646
19737,0.490,0.195,438.69654102779344
19738,0.490,0.200,436.5036209143956
19739,0.490,0.205,434.30821967902125
19740,0.490,0.210,432.1104267316664
19741,0.490,0.215,429.91033297351777
19742,0.490,0.220,427.70803079827317
19743,0.490,0.225,425.50361409274376
19744,0.490,0.230,423.29717823671376
19745,0.490,0.235,421.0888201020343
19746,0.490,0.240,418.87863805092553
19747,0.490,0.245,416.6667319334639
19748,0.490,0.250,414.4532030842278
19749,0.490,0.255,412.2381543180794
19750,0.490,0.260,410.0216899250557
19751,0.490,0.265,407.80391566434514
19752,0.490,0.270,405.5849387573261
19753,0.490,0.275,403.36486787963986
19754,0.490,0.280,401.14381315227774
19755,0.490,0.285,398.92188613165496
19756,0.490,0.290,396.6991997986497
19757,0.490,0.295,394.4758685465823
19758,0.490,0.300,392.25200816811287
19759,0.490,0.305,390.02773584103466
19760,0.490,0.310,387.80317011293937
19761,0.490,0.315,385.57843088473624
19762,0.490,0.320,383.3536393930001
19763,0.490,0.325,381.12891819113236
19764,0.490,0.330,378.9043911293114
19765,0.490,0.335,376.68018333321874
19766,0.490,0.340,374.4564211815181
19767,0.490,0.345,372.23323228207596
19768,0.490,0.350,370.0107454469034
19769,0.490,0.355,367.7890906658098
19770,0.490,0.360,365.5683990787506
19771,0.490,0.365,363.34880294686076
19772,0.490,0.370,361.1304356221624
19773,0.490,0.375,358.9134315159377
19774,0.490,0.380,356.69792606575896
19775,0.490,0.385,354.48405570117285
19776,0.490,0.390,352.2719578080314
19777,0.490,0.395,350.06177069147003
19778,0.490,0.400,347.8536335375321
19779,0.490,0.405,345.6476863734405
19780,0.490,0.410,343.4440700265207
19781,0.490,0.415,341.24292608178246
19782,0.490,0.420,339.04439683816537
19783,0.490,0.425,336.84862526346126
19784,0.490,0.430,334.65575494792495
19785,0.490,0.435,332.46593005658804
19786,0.490,0.440,330.2792952802941
19787,0.490,0.445,328.09599578547403
19788,0.490,0.450,325.91617716268615
19789,0.490,0.455,323.7399853739435
19790,0.490,0.460,321.5675666988586
19791,0.490,0.465,319.39906767963413
19792,0.490,0.470,317.2346350649347
19793,0.490,0.475,315.0744157526729
19794,0.490,0.480,312.9185567317517
19795,0.490,0.485,310.7672050228011
19796,0.490,0.490,308.6205076179554
19797,0.490,0.495,306.4786114197177
19798,0.490,0.500,304.34166317895966
19799,0.490,0.505,302.2098094321107
19800,0.490,0.510,300.0831964375905
19801,0.490,0.515,297.96197011154226
19802,0.490,0.520,295.84627596292705
19803,0.490,0.525,293.73625902804196
19804,0.490,0.530,291.6320638045268
19805,0.490,0.535,289.533834184926
19806,0.490,0.540,287.44171338987667
19807,0.490,0.545,285.3558439009933
19808,0.490,0.550,283.27636739352283
19809,0.490,0.555,281.20342466884637
19810,0.490,0.560,279.13715558690444
19811,0.490,0.565,277.0776989986244
19812,0.490,0.570,275.0251926784306
19813,0.490,0.575,272.97977325692017
19814,0.490,0.580,270.941576153785
19815,0.490,0.585,268.91073551106547
19816,0.490,0.590,266.8873841268208
19817,0.490,0.595,264.87165338929924
19818,0.490,0.600,262.86367321169575
19819,0.490,0.605,260.8635719675821
19820,0.490,0.610,258.87147642709505
19821,0.490,0.615,256.8875116939679
19822,0.490,0.620,254.91180114349234
19823,0.490,0.625,252.94446636149223
19824,0.490,0.630,250.9856270843951
19825,0.490,0.635,249.0354011404834
19826,0.490,0.640,247.09390439240596
19827,0.490,0.645,245.1612506810307
19828,0.490,0.650,243.23755177071524
19829,0.490,0.655,241.3229172960721
19830,0.490,0.660,239.41745471030282
19831,0.490,0.665,237.5212692351715
19832,0.490,0.670,235.63446381268756
19833,0.490,0.675,233.75713905856364
19834,0.490,0.680,231.88939321751218
19835,0.490,0.685,230.0313221204404
19836,0.490,0.690,228.1830191436013
19837,0.490,0.695,226.34457516975414
19838,0.490,0.700,224.5160785513835
19839,0.490,0.705,222.6976150760246
19840,0.490,0.710,220.8892679337361
19841,0.490,0.715,219.09111768676001
19842,0.490,0.720,217.30324224140185
19843,0.490,0.725,215.52571682216308
19844,0.490,0.730,213.7586139481507
19845,0.490,0.735,212.0020034117867
19846,0.490,0.740,210.2559522598349
19847,0.490,0.745,208.52052477675832
19848,0.490,0.750,206.79578247041667
19849,0.490,0.755,205.08178406010813
19850,0.490,0.760,203.37858546695665
19851,0.490,0.765,201.6862398066398
19852,0.490,0.770,200.0047973844506
19853,0.490,0.775,198.3343056926791
19854,0.490,0.780,196.67480941030013
19855,0.490,0.785,195.02635040494368
19856,0.490,0.790,193.38896773712628
19857,0.490,0.795,191.76269766671365
19858,0.490,0.800,190.14757366158332
19859,0.490,0.805,188.54362640845193
19860,0.490,0.810,186.9508838258279
19861,0.490,0.815,185.36937107904768
19862,0.490,0.820,183.7991105973501
19863,0.490,0.825,182.24012209294062
19864,0.490,0.830,180.69242258199358
19865,0.490,0.835,179.15602640754045
19866,0.490,0.840,177.63094526418527
19867,0.490,0.845,176.11718822459144
19868,0.490,0.850,174.61476176767715
19869,0.490,0.855,173.12366980845744
19870,0.490,0.860,171.6439137294697
19871,0.490,0.865,170.17549241371498
19872,0.490,0.870,168.71840227904934
19873,0.490,0.875,167.27263731395635
19874,0.490,0.880,165.83818911463158
19875,0.490,0.885,164.41504692330886
19876,0.490,0.890,163.003197667758
19877,0.490,0.895,161.6026260018827
19878,0.490,0.900,160.2133143473471
19879,0.490,0.905,158.83524293616028
19880,0.490,0.910,157.46838985414655
19881,0.490,0.915,156.11273108523133
19882,0.490,0.920,154.76824055647154
19883,0.490,0.925,153.43489018376036
19884,0.490,0.930,152.11264991813775
19885,0.490,0.935,150.80148779263675
19886,0.490,0.940,149.5013699696
19887,0.490,0.945,148.21226078839783
19888,0.490,0.950,146.9341228134842
19889,0.490,0.955,145.66691688272567
19890,0.490,0.960,144.41060215594052
19891,0.490,0.965,143.16513616358733
19892,0.490,0.970,141.93047485554268
19893,0.490,0.975,140.70657264990973
19894,0.490,0.980,139.49338248180112
19895,0.490,0.985,138.29085585204098
19896,0.490,0.990,137.0989428757323
19897,0.490,0.995,135.9175923306379
19898,0.490,1.000,134.7467517053242
19899,0.495,0.000,519.4796094807144
19900,0.495,0.005,517.4260657482746
19901,0.495,0.010,515.3675781487469
19902,0.495,0.015,513.3041843731065
19903,0.495,0.020,511.23592323414266
19904,0.495,0.025,509.16283468094696
19905,0.495,0.030,507.08495981336074
19906,0.495,0.035,505.0023408963725
19907,0.495,0.040,502.9150213744542
19908,0.495,0.045,500.8230458858271
19909,0.495,0.050,498.72646027664405
19910,0.495,0.055,496.62531161508065
19911,0.495,0.060,494.5196482053186
19912,0.495,0.065,492.4095196014146
19913,0.495,0.070,490.2949766210365
19914,0.495,0.075,488.1760713590597
19915,0.495,0.080,486.0528572010048
19916,0.495,0.085,483.92538883630755
19917,0.495,0.090,481.793722271403
19918,0.495,0.095,479.6579148426117
19919,0.495,0.100,477.51802522881184
19920,0.495,0.105,475.3741134638817
19921,0.495,0.110,473.2262409488967
19922,0.495,0.115,471.0744704640645
19923,0.495,0.120,468.9188661803811
19924,0.495,0.125,466.7594936709905
19925,0.495,0.130,464.5964199222309
19926,0.495,0.135,462.4297133443473
19927,0.495,0.140,460.2594437818539
19928,0.495,0.145,458.0856825235257
19929,0.495,0.150,455.90850231199965
19930,0.495,0.155,453.72797735296655
19931,0.495,0.160,451.54418332393107
19932,0.495,0.165,449.3571973825206
19933,0.495,0.170,447.1670981743207
19934,0.495,0.175,444.9739658402157
19935,0.495,0.180,442.77788202321153
19936,0.495,0.185,440.57892987471837
19937,0.495,0.190,438.37719406027134
19938,0.495,0.195,436.1727607646625
19939,0.495,0.200,433.96571769646454
19940,0.495,0.205,431.75615409191823
19941,0.495,0.210,429.5441607181622
19942,0.495,0.215,427.32982987577697
19943,0.495,0.220,425.113255400622
19944,0.495,0.225,422.89453266493695
19945,0.495,0.230,420.6737585776832
19946,0.495,0.235,418.45103158410035
19947,0.495,0.240,416.22645166445005
19948,0.495,0.245,414.0001203319223
19949,0.495,0.250,411.772140629678
19950,0.495,0.255,409.5426171270009
19951,0.495,0.260,407.31165591453214
19952,0.495,0.265,405.0793645985636
19953,0.495,0.270,402.8458522943597
19954,0.495,0.275,400.61122961848554
19955,0.495,0.280,398.3756086801129
19956,0.495,0.285,396.1391030712789
19957,0.495,0.290,393.9018278560724
19958,0.495,0.295,391.663899558722
19959,0.495,0.300,389.42543615056155
19960,0.495,0.305,387.1865570358487
19961,0.495,0.310,384.9473830364111
19962,0.495,0.315,382.70803637510085
19963,0.495,0.320,380.46864065802856
19964,0.495,0.325,378.22932085556204
19965,0.495,0.330,375.990203282061
19966,0.495,0.335,373.7514155743356
19967,0.495,0.340,371.5130866688014
19968,0.495,0.345,369.2753467773188
19969,0.495,0.350,367.0383273616961
19970,0.495,0.355,364.8021611068418
19971,0.495,0.360,362.56698189255053
19972,0.495,0.365,360.33292476391046
19973,0.495,0.370,358.1001259003183
19974,0.495,0.375,355.8687225830941
19975,0.495,0.380,353.63885316168444
19976,0.495,0.385,351.4106570184498
19977,0.495,0.390,349.1842745320282
19978,0.495,0.395,346.95984703927405
19979,0.495,0.400,344.7375167957691
19980,0.495,0.405,342.51742693490814
19981,0.495,0.410,340.2997214255606
19982,0.495,0.415,338.08454502831455
19983,0.495,0.420,335.8720432503096
19984,0.495,0.425,333.66236229866956
19985,0.495,0.430,331.4556490325468
19986,0.495,0.435,329.2520509137923
19987,0.495,0.440,327.0517159562715
19988,0.495,0.445,324.85479267384284
19989,0.495,0.450,322.6614300270253
19990,0.495,0.455,320.4717773683773
19991,0.495,0.460,318.285984386619
19992,0.495,0.465,316.10420104952664
19993,0.495,0.470,313.92657754563527
19994,0.495,0.475,311.75326422478537
19995,0.495,0.480,309.5844115375558
19996,0.495,0.485,307.4201699736244
19997,0.495,0.490,305.2606899991029
19998,0.495,0.495,303.10612199289676
19999,0.495,0.500,300.95661618213956
20000,0.495,0.505,298.81232257675896
20001,0.495,0.510,296.67339090323117
20002,0.495,0.515,294.5399705375852
20003,0.495,0.520,292.4122104377193
20004,0.495,0.525,290.29025907509737
20005,0.495,0.530,288.1742643658929
20006,0.495,0.535,286.06437360165233
20007,0.495,0.540,283.9607333795515
20008,0.495,0.545,281.8634895323215
20009,0.495,0.550,279.7727870579218
20010,0.495,0.555,277.68877004904147
20011,0.495,0.560,275.6115816225111
20012,0.495,0.565,273.54136384870833
20013,0.495,0.570,271.4782576810441
20014,0.495,0.575,269.4224028856159
20015,0.495,0.580,267.3739379711165
20016,0.495,0.585,265.33300011908807
20017,0.495,0.590,263.29972511461176
20018,0.495,0.595,261.2742472775229
20019,0.495,0.600,259.2566993942453
20020,0.495,0.605,257.2472126503337
20021,0.495,0.610,255.2459165638184
20022,0.495,0.615,253.25293891944173
20023,0.495,0.620,251.26840570387822
20024,0.495,0.625,249.29244104202866
20025,0.495,0.630,247.32516713447717
20026,0.495,0.635,245.36670419619958
20027,0.495,0.640,243.41717039660938
20028,0.495,0.645,241.47668180102755
20029,0.495,0.650,239.54535231365804
20030,0.495,0.655,237.62329362215092
20031,0.495,0.660,235.71061514383183
20032,0.495,0.665,233.8074239736738
20033,0.495,0.670,231.91382483408458
20034,0.495,0.675,230.02992002658115
20035,0.495,0.680,228.15580938541694
20036,0.495,0.685,226.29159023322705
20037,0.495,0.690,224.43735733875133
20038,0.495,0.695,222.593202876692
20039,0.495,0.700,220.75921638975848
20040,0.495,0.705,218.93548475294838
20041,0.495,0.710,217.12209214010932
20042,0.495,0.715,215.31911999282144
20043,0.495,0.720,213.52664699163716
20044,0.495,0.725,211.74474902970962
20045,0.495,0.730,209.97349918883592
20046,0.495,0.735,208.21296771793894
20047,0.495,0.740,206.46322201400457
20048,0.495,0.745,204.72432660548733
20049,0.495,0.750,202.99634313819342
20050,0.495,0.755,201.2793303636448
20051,0.495,0.760,199.5733441299227
20052,0.495,0.765,197.87843737498625
20053,0.495,0.770,196.194660122455
20054,0.495,0.775,194.5220594798417
20055,0.495,0.780,192.8606796392156
20056,0.495,0.785,191.21056188027376
20057,0.495,0.790,189.571744575792
20058,0.495,0.795,187.9442631994248
20059,0.495,0.800,186.32815033581747
20060,0.495,0.805,184.7234356929928
20061,0.495,0.810,183.13014611696713
20062,0.495,0.815,181.54830560855106
20063,0.495,0.820,179.977935342284
20064,0.495,0.825,178.41905368744952
20065,0.495,0.830,176.8716762311156
20066,0.495,0.835,175.33581580314183
20067,0.495,0.840,173.81148250308974
20068,0.495,0.845,172.29868372897602
20069,0.495,0.850,170.7974242077994
20070,0.495,0.855,169.30770602777545
20071,0.495,0.860,167.82952867220845
20072,0.495,0.865,166.36288905493
20073,0.495,0.870,164.9077815572308
20074,0.495,0.875,163.46419806621296
20075,0.495,0.880,162.0321280144873
20076,0.495,0.885,160.61155842114115
20077,0.495,0.890,159.20247393389954
20078,0.495,0.895,157.8048568724051
20079,0.495,0.900,156.41868727253893
20080,0.495,0.905,155.0439429317067
20081,0.495,0.910,153.68059945501398
20082,0.495,0.915,152.3286303022545
20083,0.495,0.920,150.98800683563658
20084,0.495,0.925,149.65869836817313
20085,0.495,0.930,148.34067221266122
20086,0.495,0.935,147.03389373117898
20087,0.495,0.940,145.73832638502788
20088,0.495,0.945,144.45393178505017
20089,0.495,0.950,143.18066974225243
20090,0.495,0.955,141.9184983186677
20091,0.495,0.960,140.6673738783898
20092,0.495,0.965,139.42725113871577
20093,0.495,0.970,138.19808322133323
20094,0.495,0.975,136.97982170349152
20095,0.495,0.980,135.77241666909728
20096,0.495,0.985,134.57581675967626
20097,0.495,0.990,133.38996922514588
20098,0.495,0.995,132.21481997434316
20099,0.495,1.000,131.0503136252559
20100,0.500,0.000,517.4520684829092
20101,0.500,0.005,515.3864456603897
20102,0.500,0.010,513.3158112391866
20103,0.500,0.015,511.2402030692188
20104,0.500,0.020,509.15966014172125
20105,0.500,0.025,507.0742226042714
20106,0.500,0.030,504.9839317757828
20107,0.500,0.035,502.88883016145655
20108,0.500,0.040,500.788961467681
20109,0.500,0.045,498.68437061686717
20110,0.500,0.050,496.57510376221103
20111,0.500,0.055,494.4612083023697
20112,0.500,0.060,492.34273289603965
20113,0.500,0.065,490.21972747642627
20114,0.500,0.070,488.09224326558916
20115,0.500,0.075,485.96033278865303
20116,0.500,0.080,483.82404988786783
20117,0.500,0.085,481.68344973650625
20118,0.500,0.090,479.5385888525826
20119,0.500,0.095,477.38952511237846
20120,0.500,0.100,475.2363177637597
20121,0.500,0.105,473.0790274392689
20122,0.500,0.110,470.9177161689764
20123,0.500,0.115,468.7524473930736
20124,0.500,0.120,466.5832859741905
20125,0.500,0.125,464.4102982094198
20126,0.500,0.130,462.233551842029
20127,0.500,0.135,460.05311607284267
20128,0.500,0.140,457.86906157127305
20129,0.500,0.145,455.6814604859817
20130,0.500,0.150,453.49038645515054
20131,0.500,0.155,451.29591461634124
20132,0.500,0.160,449.09812161592214
20133,0.500,0.165,446.8970856180403
20134,0.500,0.170,444.6928863131176
20135,0.500,0.175,442.48560492584585
20136,0.500,0.180,440.2753242226602
20137,0.500,0.185,438.0621285186648
20138,0.500,0.190,435.84610368398927
20139,0.500,0.195,433.6273371495477
20140,0.500,0.200,431.40591791217963
20141,0.500,0.205,429.18193653914335
20142,0.500,0.210,426.95548517193913
20143,0.500,0.215,424.72665752943436
20144,0.500,0.220,422.4955489102648
20145,0.500,0.225,420.26225619448485
20146,0.500,0.230,418.0268778444407
20147,0.500,0.235,415.7895139048377
20148,0.500,0.240,413.55026600197584
20149,0.500,0.245,411.3092373421244
20150,0.500,0.250,409.06653270900904
20151,0.500,0.255,406.82225846038244
20152,0.500,0.260,404.57652252365114
20153,0.500,0.265,402.32943439053037
20154,0.500,0.270,400.08110511069816
20155,0.500,0.275,397.83164728442193
20156,0.500,0.280,395.58117505412866
20157,0.500,0.285,393.3298040948918
20158,0.500,0.290,391.07765160380643
20159,0.500,0.295,388.8248362882269
20160,0.500,0.300,386.57147835283865
20161,0.500,0.305,384.3176994855397
20162,0.500,0.310,382.0636228421032
20163,0.500,0.315,379.80937302959916
20164,0.500,0.320,377.5550760885473
20165,0.500,0.325,375.30085947378
20166,0.500,0.330,373.0468520339895
20167,0.500,0.335,370.7931839899398
20168,0.500,0.340,368.5399869113194
20169,0.500,0.345,366.2873936922163
20170,0.500,0.350,364.03553852519593
20171,0.500,0.355,361.78455687396286
20172,0.500,0.360,359.5345854445916
20173,0.500,0.365,357.2857621553099
20174,0.500,0.370,355.0382261048215
20175,0.500,0.375,352.7921175391566
20176,0.500,0.380,350.5475778170387
20177,0.500,0.385,348.30474937376056
20178,0.500,0.390,346.06377568356163
20179,0.500,0.395,343.82480122050356
20180,0.500,0.400,341.58797141783964
20181,0.500,0.405,339.35343262587907
20182,0.500,0.410,337.1213320683481
20183,0.500,0.415,334.8918177972517
20184,0.500,0.420,332.66503864624286
20185,0.500,0.425,330.4411441825087
20186,0.500,0.430,328.22028465718694
20187,0.500,0.435,326.002610954324
20188,0.500,0.440,323.78827453839716
20189,0.500,0.445,321.5774274004157
20190,0.500,0.450,319.37022200262976
20191,0.500,0.455,317.1668112218688
20192,0.500,0.460,314.9673482915423
20193,0.500,0.465,312.77198674233256
20194,0.500,0.470,310.58088034161807
20195,0.500,0.475,308.3941830316627
20196,0.500,0.480,306.2120488666168
20197,0.500,0.485,304.0346319483715
20198,0.500,0.490,301.86208636131744
20199,0.500,0.495,299.6945661060579
20200,0.500,0.500,297.5322250321322
20201,0.500,0.505,295.3752167698058
20202,0.500,0.510,293.2236946609903
20203,0.500,0.515,291.0778116893558
20204,0.500,0.520,288.93772040970305
20205,0.500,0.525,286.80357287666624
20206,0.500,0.530,284.6755205728187
20207,0.500,0.535,282.55371433625766
20208,0.500,0.540,280.4383042877464
20209,0.500,0.545,278.32943975749396
20210,0.500,0.550,276.2272692116574
20211,0.500,0.555,274.13194017865095
20212,0.500,0.560,272.04359917534964
20213,0.500,0.565,269.96239163327846
20214,0.500,0.570,267.8884618248767
20215,0.500,0.575,265.8219527899322
20216,0.500,0.580,263.7630062622788
20217,0.500,0.585,261.71176259685245
20218,0.500,0.590,259.66836069720415
20219,0.500,0.595,257.6329379435644
20220,0.500,0.600,255.60563012155953
20221,0.500,0.605,253.58657135167613
20222,0.500,0.610,251.57589401957227
20223,0.500,0.615,249.57372870733363
20224,0.500,0.620,247.5802041257711
20225,0.500,0.625,245.59544704785728
20226,0.500,0.630,243.61958224339642
20227,0.500,0.635,241.65273241502334
20228,0.500,0.640,239.69501813562292
20229,0.500,0.645,237.7465577872616
20230,0.500,0.650,235.80746750172017
20231,0.500,0.655,233.87786110271392
20232,0.500,0.660,231.9578500498843
20233,0.500,0.665,230.04754338464417
20234,0.500,0.670,228.14704767795334
20235,0.500,0.675,226.25646698010135
20236,0.500,0.680,224.3759027725674
20237,0.500,0.685,222.5054539220267
20238,0.500,0.690,220.64521663656586
20239,0.500,0.695,218.79528442416876
20240,0.500,0.700,216.95574805352757
20241,0.500,0.705,215.12669551723118
20242,0.500,0.710,213.30821199737673
20243,0.500,0.715,211.5003798336481
20244,0.500,0.720,209.7032784938976
20245,0.500,0.725,207.91698454726372
20246,0.500,0.730,206.14157163985328
20247,0.500,0.735,204.37711047301013
20248,0.500,0.740,202.62366878418817
20249,0.500,0.745,200.88131133044166
20250,0.500,0.750,199.15009987454042
20251,0.500,0.755,197.4300931737121
20252,0.500,0.760,195.72134697100938
20253,0.500,0.765,194.0239139892947
20254,0.500,0.770,192.33784392783025
20255,0.500,0.775,190.66318346145553
20256,0.500,0.780,188.99997624233137
20257,0.500,0.785,187.34826290422293
20258,0.500,0.790,185.70808106929138
20259,0.500,0.795,184.07946535735852
20260,0.500,0.800,182.46244739760422
20261,0.500,0.805,180.8570558426538
20262,0.500,0.810,179.26331638500653
20263,0.500,0.815,177.68125177575502
20264,0.500,0.820,176.11088184553964
20265,0.500,0.825,174.5522235276803
20266,0.500,0.830,173.00529088342373
20267,0.500,0.835,171.47009512924242
20268,0.500,0.840,169.94664466611772
20269,0.500,0.845,168.43494511073845
20270,0.500,0.850,166.934999328542
20271,0.500,0.855,165.44680746852552
20272,0.500,0.860,163.97036699975104
20273,0.500,0.865,162.50567274946675
20274,0.500,0.870,161.05271694276806
20275,0.500,0.875,159.61148924371605
20276,0.500,0.880,158.18197679783555
20277,0.500,0.885,156.76416427590974
20278,0.500,0.890,155.35803391899097
20279,0.500,0.895,153.9635655845453
20280,0.500,0.900,152.5807367936492
20281,0.500,0.905,151.20952277915657
20282,0.500,0.910,149.84989653475455
20283,0.500,0.915,148.50182886482781
20284,0.500,0.920,147.16528843505048
20285,0.500,0.925,145.84024182362685
20286,0.500,0.930,144.5266535731023
20287,0.500,0.935,143.22448624266758
20288,0.500,0.940,141.9337004608805
20289,0.500,0.945,140.65425497873002
20290,0.500,0.950,139.3861067229709
20291,0.500,0.955,138.12921084965657
20292,0.500,0.960,136.88352079780105
20293,0.500,0.965,135.6489883431017
20294,0.500,0.970,134.42556365165757
20295,0.500,0.975,133.21319533361765
20296,0.500,0.980,132.01183049669757
20297,0.500,0.985,130.8214147995044
20298,0.500,0.990,129.6418925046091
20299,0.500,0.995,128.47320653131135
20300,0.500,1.000,127.31529850803916
20301,0.505,0.000,515.4109258689857
20302,0.505,0.005,513.3330533321138
20303,0.505,0.010,511.25009937510504
20304,0.505,0.015,509.16210198938523
20305,0.505,0.020,507.0691003274526
20306,0.505,0.025,504.97113471846336
20307,0.505,0.030,502.8682466837939
20308,0.505,0.035,500.7604789525695
20309,0.505,0.040,498.64787547715014
20310,0.505,0.045,496.5304814485622
20311,0.505,0.050,494.40834331186386
20312,0.505,0.055,492.28150878143464
20313,0.505,0.060,490.1500268561749
20314,0.505,0.065,488.01394783460427
20315,0.505,0.070,485.87332332984505
20316,0.505,0.075,483.7282062844781
20317,0.505,0.080,481.5786509852558
20318,0.505,0.085,479.4247130776595
20319,0.505,0.090,477.2664495802854
20320,0.505,0.095,475.10391889904355
20321,0.505,0.100,472.9371808411549
20322,0.505,0.105,470.7662966289285
20323,0.505,0.110,468.5913289133043
20324,0.505,0.115,466.4123417871412
20325,0.505,0.120,464.22940079823496
20326,0.505,0.125,462.0425729620463
20327,0.505,0.130,459.85192677412
20328,0.505,0.135,457.65753222217666
20329,0.505,0.140,455.4594607978553
20330,0.505,0.145,453.2577855080881
20331,0.505,0.150,451.05258088608457
20332,0.505,0.155,448.84392300190456
20333,0.505,0.160,446.63188947259744
20334,0.505,0.165,444.41655947188445
20335,0.505,0.170,442.19801373936247
20336,0.505,0.175,439.97633458920257
20337,0.505,0.180,437.7516059183226
20338,0.505,0.185,435.52391321400626
20339,0.505,0.190,433.2933435609451
20340,0.505,0.195,431.05998564767617
20341,0.505,0.200,428.82392977239135
20342,0.505,0.205,426.58526784808896
20343,0.505,0.210,424.3440934070437
20344,0.505,0.215,422.100501604564
20345,0.505,0.220,419.85458922201224
20346,0.505,0.225,417.60645466905737
20347,0.505,0.230,415.35619798513244
20348,0.505,0.235,413.10392084006753
20349,0.505,0.240,410.8497265338693
20350,0.505,0.245,408.5937199956186
20351,0.505,0.250,406.3360077814547
20352,0.505,0.255,404.076698071618
20353,0.505,0.260,401.81590066652063
20354,0.505,0.265,399.55372698181566
20355,0.505,0.270,397.29029004243404
20356,0.505,0.275,395.02570447555956
20357,0.505,0.280,392.7600865025137
20358,0.505,0.285,390.4935539295169
20359,0.505,0.290,388.2262261373014
20360,0.505,0.295,385.95822406954244
20361,0.505,0.300,383.68967022008087
20362,0.505,0.305,381.42068861890925
20363,0.505,0.310,379.15140481689065
20364,0.505,0.315,376.8819458691861
20365,0.505,0.320,374.61244031736095
20366,0.505,0.325,372.34301817014637
20367,0.505,0.330,370.0738108828279
20368,0.505,0.335,367.80495133524005
20369,0.505,0.340,365.5365738083396
20370,0.505,0.345,363.26881395933873
20371,0.505,0.350,361.00180879537373
20372,0.505,0.355,358.73569664569237
20373,0.505,0.360,356.47061713233757
20374,0.505,0.365,354.2067111393144
20375,0.505,0.370,351.94412078022106
20376,0.505,0.375,349.68298936433285
20377,0.505,0.380,347.4234613611248
20378,0.505,0.385,345.1656823632246
20379,0.505,0.390,342.9097990477862
20380,0.505,0.395,340.6559591362785
20381,0.505,0.400,338.4043113526861
20382,0.505,0.405,336.1550053801183
20383,0.505,0.410,333.90819181583015
20384,0.505,0.415,331.66402212465596
20385,0.505,0.420,329.42264859086373
20386,0.505,0.425,327.1842242684377
20387,0.505,0.430,324.94890292980114
20388,0.505,0.435,322.7168390129938
20389,0.505,0.440,320.48818756732135
20390,0.505,0.445,318.2631041974971
20391,0.505,0.450,316.041745006301
20392,0.505,0.455,313.82426653577994
20393,0.505,0.460,311.61082570702337
20394,0.505,0.465,309.401579758544
20395,0.505,0.470,307.19668618330354
20396,0.505,0.475,304.99630266442125
20397,0.505,0.480,302.80058700961115
20398,0.505,0.485,300.60969708439325
20399,0.505,0.490,298.4237907441315
20400,0.505,0.495,296.2430257649505
20401,0.505,0.500,294.0675597735903
20402,0.505,0.505,291.8975501762592
20403,0.505,0.510,289.73315408655003
20404,0.505,0.515,287.5745282524866
20405,0.505,0.520,285.42182898277247
20406,0.505,0.525,283.27521207231564
20407,0.505,0.530,281.1348327271068
20408,0.505,0.535,279.000845488532
20409,0.505,0.540,276.87340415720206
20410,0.505,0.545,274.7526617163867
20411,0.505,0.550,272.63877025513955
20412,0.505,0.555,270.5318808912085
20413,0.505,0.560,268.43214369382207
20414,0.505,0.565,266.33970760644917
20415,0.505,0.570,264.2547203696299
20416,0.505,0.575,262.177328443976
20417,0.505,0.580,260.10767693344263
20418,0.505,0.585,258.0459095089734
20419,0.505,0.590,255.99216833262196
20420,0.505,0.595,253.9465939822545
20421,0.505,0.600,251.9093253769375
20422,0.505,0.605,249.88049970311624
20423,0.505,0.610,247.86025234168798
20424,0.505,0.615,245.84871679607645
20425,0.505,0.620,243.84602462140955
20426,0.505,0.625,241.85230535490618
20427,0.505,0.630,239.86768644757223
20428,0.505,0.635,237.89229319730842
20429,0.505,0.640,235.92624868352834
20430,0.505,0.645,233.96967370338473
20431,0.505,0.650,232.02268670969826
20432,0.505,0.655,230.08540375068264
20433,0.505,0.660,228.15793841155465
20434,0.505,0.665,226.24040175811695
20435,0.505,0.670,224.33290228239687
20436,0.505,0.675,222.43554585042074
20437,0.505,0.680,220.54843565220074
20438,0.505,0.685,218.67167215400625
20439,0.505,0.690,216.80535305298693
20440,0.505,0.695,214.94957323421258
20441,0.505,0.700,213.10442473018762
20442,0.505,0.705,211.26999668289477
20443,0.505,0.710,209.44637530841746
20444,0.505,0.715,207.63364386418485
20445,0.505,0.720,205.83188261887898
20446,0.505,0.725,204.04116882503754
20447,0.505,0.730,202.26157669438095
20448,0.505,0.735,200.49317737588638
20449,0.505,0.740,198.73603893662738
20450,0.505,0.745,196.9902263453897
20451,0.505,0.750,195.25580145907136
20452,0.505,0.755,193.5328230118675
20453,0.505,0.760,191.82134660723554
20454,0.505,0.765,190.12142471263195
20455,0.505,0.770,188.4331066570044
20456,0.505,0.775,186.75643863102056
20457,0.505,0.780,185.091463690007
20458,0.505,0.785,183.43822175956902
20459,0.505,0.790,181.7967496438556
20460,0.505,0.795,180.16708103643012
20461,0.505,0.800,178.54924653370205
20462,0.505,0.805,176.94327365087176
20463,0.505,0.810,175.34918684033485
20464,0.505,0.815,173.76700751248953
20465,0.505,0.820,172.19675405888674
20466,0.505,0.825,170.63844187765858
20467,0.505,0.830,169.09208340115833
20468,0.505,0.835,167.55768812574098
20469,0.505,0.840,166.03526264361162
20470,0.505,0.845,164.52481067666594
20471,0.505,0.850,163.02633311224452
20472,0.505,0.855,161.53982804072072
20473,0.505,0.860,160.06529079484096
20474,0.505,0.865,158.60271399073275
20475,0.505,0.870,157.15208757049658
20476,0.505,0.875,155.71339884629523
20477,0.505,0.880,154.28663254585416
20478,0.505,0.885,152.87177085928496
20479,0.505,0.890,151.46879348714512
20480,0.505,0.895,150.07767768964513
20481,0.505,0.900,148.69839833691634
20482,0.505,0.905,147.330927960251
20483,0.505,0.910,145.97523680422816
20484,0.505,0.915,144.63129287963892
20485,0.505,0.920,143.29906201712546
20486,0.505,0.925,141.9785079214496
20487,0.505,0.930,140.66959222630763
20488,0.505,0.935,139.3722745496094
20489,0.505,0.940,138.0865125491413
20490,0.505,0.945,136.81226197853465
20491,0.505,0.950,135.54947674346178
20492,0.505,0.955,134.29810895798522
20493,0.505,0.960,133.05810900098595
20494,0.505,0.965,131.82942557259952
20495,0.505,0.970,130.61200575059078
20496,0.505,0.975,129.40579504659885
20497,0.505,0.980,128.21073746218764
20498,0.505,0.985,127.02677554463746
20499,0.505,0.990,125.85385044241627
20500,0.505,0.995,124.6919019602698
20501,0.505,1.000,123.54086861387209
20502,0.510,0.000,513.3560964747096
20503,0.510,0.005,511.2658003265505
20504,0.510,0.010,509.17035076877414
20505,0.510,0.015,507.069785915365
20506,0.510,0.020,504.96414506137523
20507,0.510,0.025,502.8534686990913
20508,0.510,0.030,500.73779853418694
20509,0.510,0.035,498.61717750185363
20510,0.510,0.040,496.4916497828971
20511,0.510,0.045,494.36126081979006
20512,0.510,0.050,492.22605733266795
20513,0.510,0.055,490.086087335259
20514,0.510,0.060,487.9414001507327
20515,0.510,0.065,485.79204642745793
20516,0.510,0.070,483.63807815465293
20517,0.510,0.075,481.4795486779185
20518,0.510,0.080,479.3165127146355
20519,0.510,0.085,477.14902636921613
20520,0.510,0.090,474.97714714819085
20521,0.510,0.095,472.800933975116
20522,0.510,0.100,470.62044720528706
20523,0.510,0.105,468.4357486402391
20524,0.510,0.110,466.246901542018
20525,0.510,0.115,464.0539706472046
20526,0.510,0.120,461.8570221806731
20527,0.510,0.125,459.65612386906423
20528,0.510,0.130,457.4513449539549
20529,0.510,0.135,455.2427562047027
20530,0.510,0.140,453.03042993094584
20531,0.510,0.145,450.81443999473623
20532,0.510,0.150,448.59486182228443
20533,0.510,0.155,446.37177241529344
20534,0.510,0.160,444.1452503618596
20535,0.510,0.165,441.9153758469149
20536,0.510,0.170,439.68223066218883
20537,0.510,0.175,437.44589821566274
20538,0.510,0.180,435.20646354049376
20539,0.510,0.185,432.96401330338
20540,0.510,0.190,430.7186358123438
20541,0.510,0.195,428.47042102390094
20542,0.510,0.200,426.2194605495956
20543,0.510,0.205,423.9658476618655
20544,0.510,0.210,421.70967729921506
20545,0.510,0.215,419.451046070663
20546,0.510,0.220,417.1900522594388
20547,0.510,0.225,414.92679582589534
20548,0.510,0.230,412.661378409609
20549,0.510,0.235,410.3939033306368
20550,0.510,0.240,408.12447558989896
20551,0.510,0.245,405.85320186865647
20552,0.510,0.250,403.5801905270518
20553,0.510,0.255,401.3055516016808
20554,0.510,0.260,399.0293968021658
20555,0.510,0.265,396.75183950669486
20556,0.510,0.270,394.47299475649845
20557,0.510,0.275,392.19297924922915
20558,0.510,0.280,389.91191133121373
20559,0.510,0.285,387.6299109885448
20560,0.510,0.290,385.34709983698144
20561,0.510,0.295,383.0636011106256
20562,0.510,0.300,380.7795396493449
20563,0.510,0.305,378.49504188490977
20564,0.510,0.310,376.2102358258147
20565,0.510,0.315,373.9252510407544
20566,0.510,0.320,371.6402186407241
20567,0.510,0.325,369.35527125971765
20568,0.510,0.330,367.070543033994
20569,0.510,0.335,364.786169579885
20570,0.510,0.340,362.5022879701198
20571,0.510,0.345,360.2190367086415
20572,0.510,0.350,357.9365557038888
20573,0.510,0.355,355.65498624052645
20574,0.510,0.360,353.374470949597
20575,0.510,0.365,351.09515377708016
20576,0.510,0.370,348.81717995083784
20577,0.510,0.375,346.5406959459313
20578,0.510,0.380,344.2658494482959
20579,0.510,0.385,341.99278931675997
20580,0.510,0.390,339.7216655433996
20581,0.510,0.395,337.45262921222053
20582,0.510,0.400,335.18583245616134
20583,0.510,0.405,332.92142841241605
20584,0.510,0.410,330.6595711760746
20585,0.510,0.415,328.4004157520836
20586,0.510,0.420,326.14411800553313
20587,0.510,0.425,323.89083461027633
20588,0.510,0.430,321.6407229958938
20589,0.510,0.435,319.39394129301576
20590,0.510,0.440,317.15064827702076
20591,0.510,0.445,314.91100331012876
20592,0.510,0.450,312.6751662819164
20593,0.510,0.455,310.4432975482774
20594,0.510,0.460,308.21555786886336
20595,0.510,0.465,305.992108343035
20596,0.510,0.470,303.77311034436684
20597,0.510,0.475,301.5587254537422
20598,0.510,0.480,299.3491153910884
20599,0.510,0.485,297.1444419457981
20600,0.510,0.490,294.9448669058927
20601,0.510,0.495,292.7505519859823
20602,0.510,0.500,290.5616587540846
20603,0.510,0.505,288.3783485573656
20604,0.510,0.510,286.20078244687176
20605,0.510,0.515,284.02912110132434
20606,0.510,0.520,281.8635247500509
20607,0.510,0.525,279.704153095134
20608,0.510,0.530,277.5511652328585
20609,0.510,0.535,275.4047195745425
20610,0.510,0.540,273.2649737668425
20611,0.510,0.545,271.1320846116222
20612,0.510,0.550,269.0062079854816
20613,0.510,0.555,266.88749875904267
20614,0.510,0.560,264.77611071609203
20615,0.510,0.565,262.6721964726828
20616,0.510,0.570,260.5759073962997
20617,0.510,0.575,258.4873935251951
20618,0.510,0.580,256.40680348800237
20619,0.510,0.585,254.3342844237369
20620,0.510,0.590,252.2699819022959
20621,0.510,0.595,250.21403984556784
20622,0.510,0.600,248.16660044926368
20623,0.510,0.605,246.12780410558335
20624,0.510,0.610,244.09778932682931
20625,0.510,0.615,242.07669267007964
20626,0.510,0.620,240.0646486630328
20627,0.510,0.625,238.06178973113515
20628,0.510,0.630,236.06824612610006
20629,0.510,0.635,234.0841458559281
20630,0.510,0.640,232.10961461653397
20631,0.510,0.645,230.14477572508494
20632,0.510,0.650,228.1897500551523
20633,0.510,0.655,226.24465597377562
20634,0.510,0.660,224.30960928053554
20635,0.510,0.665,222.3847231487282
20636,0.510,0.670,220.47010806873035
20637,0.510,0.675,218.56587179364075
20638,0.510,0.680,216.67211928727934
20639,0.510,0.685,214.78895267462042
20640,0.510,0.690,212.9164711947328
20641,0.510,0.695,211.05477115629432
20642,0.510,0.700,209.20394589574283
20643,0.510,0.705,207.36408573812147
20644,0.510,0.710,205.5352779606691
20645,0.510,0.715,203.7176067592044
20646,0.510,0.720,201.91115321734173
20647,0.510,0.725,200.11599527857575
20648,0.510,0.730,198.33220772126322
20649,0.510,0.735,196.55986213652545
20650,0.510,0.740,194.79902690908872
20651,0.510,0.745,193.0497672010743
20652,0.510,0.750,191.31214493874327
20653,0.510,0.755,189.58621880219593
20654,0.510,0.760,187.8720442180195
20655,0.510,0.765,186.169673354872
20656,0.510,0.770,184.47915512198404
20657,0.510,0.775,182.8005351705558
20658,0.510,0.780,181.13385589801956
20659,0.510,0.785,179.4791564551338
20660,0.510,0.790,177.83647275586864
20661,0.510,0.795,176.2058374900395
20662,0.510,0.800,174.58728013863777
20663,0.510,0.805,172.98082699180543
20664,0.510,0.810,171.38650116939522
20665,0.510,0.815,169.80432264405295
20666,0.510,0.820,168.23430826675593
20667,0.510,0.825,166.6764717947368
20668,0.510,0.830,165.13082392171907
20669,0.510,0.835,163.59737231038733
20670,0.510,0.840,162.07612162701213
20671,0.510,0.845,160.5670735781469
20672,0.510,0.850,159.07022694931206
20673,0.510,0.855,157.58557764557887
20674,0.510,0.860,156.11311873396454
20675,0.510,0.865,154.6528404875477
20676,0.510,0.870,153.20473043121257
20677,0.510,0.875,151.76877338892888
20678,0.510,0.880,150.34495153247428
20679,0.510,0.885,148.93324443150465
20680,0.510,0.890,147.53362910487834
20681,0.510,0.895,146.14608007313964
20682,0.510,0.900,144.77056941206783
20683,0.510,0.905,143.4070668071972
20684,0.510,0.910,142.05553960921608
20685,0.510,0.915,140.715952890152
20686,0.510,0.920,139.3882695002518
20687,0.510,0.925,138.0724501254672
20688,0.510,0.930,136.7684533454573
20689,0.510,0.935,135.47623569202034
20690,0.510,0.940,134.1957517078708
20691,0.510,0.945,132.92695400567723
20692,0.510,0.950,131.66979332727954
20693,0.510,0.955,130.42421860300698
20694,0.510,0.960,129.19017701101853
20695,0.510,0.965,127.96761403659052
20696,0.510,0.970,126.75647353127879
20697,0.510,0.975,125.55669777188356
20698,0.510,0.980,124.36822751914876
20699,0.510,0.985,123.19100207612763
20700,0.510,0.990,122.02495934615048
20701,0.510,0.995,120.87003589032992
20702,0.510,1.000,119.72616698454134
20703,0.515,0.000,511.28749952160206
20704,0.515,0.005,509.1846025561688
20705,0.515,0.010,507.076477942608
20706,0.515,0.015,504.9631638969033
20707,0.515,0.020,502.8446998363218
20708,0.515,0.025,500.72112639618473
20709,0.515,0.030,498.59248544663444
20710,0.515,0.035,496.45882010939084
20711,0.515,0.040,494.32017477448454
20712,0.515,0.045,492.17659511695604
20713,0.515,0.050,490.02812811351055
20714,0.515,0.055,487.87482205911573
20715,0.515,0.060,485.71672658352935
20716,0.515,0.065,483.553892667746
20717,0.515,0.070,481.3863726603474
20718,0.515,0.075,479.2142202937433
20719,0.515,0.080,477.037490700289
20720,0.515,0.085,474.8562404282638
20721,0.515,0.090,472.6705274576949
20722,0.515,0.095,470.48041121601165
20723,0.515,0.100,468.28595259351243
20724,0.515,0.105,466.08721395862733
20725,0.515,0.110,463.88425917295956
20726,0.515,0.115,461.6771536060857
20727,0.515,0.120,459.46596415009816
20728,0.515,0.125,457.2507592338679
20729,0.515,0.130,455.03160883700843
20730,0.515,0.135,452.808584503521
20731,0.515,0.140,450.58175935509786
20732,0.515,0.145,448.35120810406335
20733,0.515,0.150,446.1170070659284
20734,0.515,0.155,443.8792341715377
20735,0.515,0.160,441.6379689787821
20736,0.515,0.165,439.3932926838558
20737,0.515,0.170,437.14528813202935
20738,0.515,0.175,434.89403982791544
20739,0.515,0.180,432.6396339452005
20740,0.515,0.185,430.3821583358132
20741,0.515,0.190,428.1217025385056
20742,0.515,0.195,425.85835778681565
20743,0.515,0.200,423.59221701638467
20744,0.515,0.205,421.32337487159816
20745,0.515,0.210,419.05192771152304
20746,0.515,0.215,416.7779736151071
20747,0.515,0.220,414.50161238561407
20748,0.515,0.225,412.2229455542589
20749,0.515,0.230,409.9420763830145
20750,0.515,0.235,407.6591098665554
20751,0.515,0.240,405.37415273330754
20752,0.515,0.245,403.08731344556946
20753,0.515,0.250,400.79870219867263
20754,0.515,0.255,398.5084309191475
20755,0.515,0.260,396.21661326185966
20756,0.515,0.265,393.9233646060844
20757,0.515,0.270,391.628802050484
20758,0.515,0.275,389.3330444069533
20759,0.515,0.280,387.03621219330034
20760,0.515,0.285,384.7384276247272
20761,0.515,0.290,382.43981460407645
20762,0.515,0.295,380.14049871081016
20763,0.515,0.300,377.84060718868704
20764,0.515,0.305,375.540268932105
20765,0.515,0.310,373.2396144710749
20766,0.515,0.315,370.9387759547951
20767,0.515,0.320,368.63788713379256
20768,0.515,0.325,366.33708334060134
20769,0.515,0.330,364.03650146894654
20770,0.515,0.335,361.73627995140566
20771,0.515,0.340,359.4365587355172
20772,0.515,0.345,357.1374792583108
20773,0.515,0.350,354.8391844192314
20774,0.515,0.355,352.54181855143304
20775,0.515,0.360,350.24552739141905
20776,0.515,0.365,347.9504580470068
20777,0.515,0.370,345.6567589635964
20778,0.515,0.375,343.3645798887252
20779,0.515,0.380,341.0740718348919
20780,0.515,0.385,338.7853870406365
20781,0.515,0.390,336.49867892986214
20782,0.515,0.395,334.21410206939106
20783,0.515,0.400,331.93181212474616
20784,0.515,0.405,329.65196581415444
20785,0.515,0.410,327.3747208607688
20786,0.515,0.415,325.10023594311053
20787,0.515,0.420,322.8286706437357
20788,0.515,0.425,320.5601853961319
20789,0.515,0.430,318.29494142985686
20790,0.515,0.435,316.03310071392997
20791,0.515,0.440,313.77482589849717
20792,0.515,0.445,311.5202802547849
20793,0.515,0.450,309.26962761337245
20794,0.515,0.455,307.02303230080554
20795,0.515,0.460,304.78065907458694
20796,0.515,0.465,302.54267305657555
20797,0.515,0.470,300.3092396648376
20798,0.515,0.475,298.0805245439891
20799,0.515,0.480,295.8566934940811
20800,0.515,0.485,293.63791239807523
20801,0.515,0.490,291.4243471479688
20802,0.515,0.495,289.21616356962636
20803,0.515,0.500,287.01352734638346
20804,0.515,0.505,284.8166039414891
20805,0.515,0.510,282.6255585194599
20806,0.515,0.515,280.4405558664205
20807,0.515,0.520,278.261760309512
20808,0.515,0.525,276.0893356354502
20809,0.515,0.530,273.9234450083219
20810,0.515,0.535,271.76425088671033
20811,0.515,0.540,269.61191494024405
20812,0.515,0.545,267.46659796566746
20813,0.515,0.550,265.32845980253313
20814,0.515,0.555,263.1976592486213
20815,0.515,0.560,261.0743539751924
20816,0.515,0.565,258.95870044218304
20817,0.515,0.570,256.85085381345505
20818,0.515,0.575,254.75096787221545
20819,0.515,0.580,252.6591949367192
20820,0.515,0.585,250.57568577637429
20821,0.515,0.590,248.5005895283678
20822,0.515,0.595,246.43405361493205
20823,0.515,0.600,244.37622366137174
20824,0.515,0.605,242.32724341497268
20825,0.515,0.610,240.28725466491343
20826,0.515,0.615,238.25639716330025
20827,0.515,0.620,236.23480854744548
20828,0.515,0.625,234.2226242635089
20829,0.515,0.630,232.21997749161898
20830,0.515,0.635,230.22699907259187
20831,0.515,0.640,228.24381743636084
20832,0.515,0.645,226.27055853222905
20833,0.515,0.650,224.3073457610553
20834,0.515,0.655,222.35429990947787
20835,0.515,0.660,220.41153908628115
20836,0.515,0.665,218.47917866100326
20837,0.515,0.670,216.5573312048806
20838,0.515,0.675,214.64610643422108
20839,0.515,0.680,212.74561115629203
20840,0.515,0.685,210.8559492178052
20841,0.515,0.690,208.9772214560762
20842,0.515,0.695,207.10952565292888
20843,0.515,0.700,205.25295649141273
20844,0.515,0.705,203.40760551539205
20845,0.515,0.710,201.57356109206216
20846,0.515,0.715,199.75090837744253
20847,0.515,0.720,197.93972928488697
20848,0.515,0.725,196.1401024566494
20849,0.515,0.730,194.35210323853377
20850,0.515,0.735,192.57580365765207
20851,0.515,0.740,190.81127240330738
20852,0.515,0.745,189.05857481101282
20853,0.515,0.750,187.31777284964986
20854,0.515,0.755,185.58892511176475
20855,0.515,0.760,183.87208680699285
20856,0.515,0.765,182.16730975859758
20857,0.515,0.770,180.47464240310157
20858,0.515,0.775,178.7941297929831
20859,0.515,0.780,177.1258136024048
20860,0.515,0.785,175.46973213593554
20861,0.515,0.790,173.82592034022073
20862,0.515,0.795,172.19440981855143
20863,0.515,0.800,170.57522884827662
20864,0.515,0.805,168.96840240099903
20865,0.515,0.810,167.37395216548924
20866,0.515,0.815,165.7918965732493
20867,0.515,0.820,164.22225082665148
20868,0.515,0.825,162.665026929576
20869,0.515,0.830,161.12023372046536
20870,0.515,0.835,159.58787690771226
20871,0.515,0.840,158.0679591072921
20872,0.515,0.845,156.56047988255153
20873,0.515,0.850,155.06543578605942
20874,0.515,0.855,153.5828204034253
20875,0.515,0.860,152.11262439898965
20876,0.515,0.865,150.65483556328695
20877,0.515,0.870,149.20943886218222
20878,0.515,0.875,147.77641648758134
20879,0.515,0.880,146.35574790961326
20880,0.515,0.885,144.947409930183
20881,0.515,0.890,143.55137673779396
20882,0.515,0.895,142.16761996353807
20883,0.515,0.900,140.79610873815244
20884,0.515,0.905,139.43680975004258
20885,0.515,0.910,138.08968730417232
20886,0.515,0.915,136.75470338172164
20887,0.515,0.920,135.4318177004159
20888,0.515,0.925,134.1209877754304
20889,0.515,0.930,132.82216898077564
20890,0.515,0.935,131.5353146110717
20891,0.515,0.940,130.26037594362106
20892,0.515,0.945,128.99730230069127
20893,0.515,0.950,127.7460411119216
20894,0.515,0.955,126.5065379767692
20895,0.515,0.960,125.27873672691389
20896,0.515,0.965,124.06257948854095
20897,0.515,0.970,122.85800674442604
20898,0.515,0.975,121.66495739574606
20899,0.515,0.980,120.48336882354424
20900,0.515,0.985,119.31317694977761
20901,0.515,0.990,118.15431629787845
20902,0.515,0.995,117.00672005276134
20903,0.515,1.000,115.87032012020921
20904,0.520,0.000,509.2050590810384
20905,0.520,0.005,507.0893807507242
20906,0.520,0.010,504.96839820085063
20907,0.520,0.015,502.84214972712414
20908,0.520,0.020,500.7106748469499
20909,0.520,0.025,498.57401431682985
20910,0.520,0.030,496.4322101497685
20911,0.520,0.035,494.28530563267975
20912,0.520,0.040,492.13334534378305
20913,0.520,0.045,489.97637516997685
20914,0.520,0.050,487.81444232417954
20915,0.520,0.055,485.6475953626249
20916,0.520,0.060,483.4758842020992
20917,0.520,0.065,481.29936013710847
20918,0.520,0.070,479.11807585696056
20919,0.520,0.075,476.93208546274946
20920,0.520,0.080,474.7414444842258
20921,0.520,0.085,472.54620989654
20922,0.520,0.090,470.34644013684084
20923,0.520,0.095,468.14219512071384
20924,0.520,0.100,465.9335362584424
20925,0.520,0.105,463.720526471074
20926,0.520,0.110,461.5032302062734
20927,0.520,0.115,459.28171345394435
20928,0.520,0.120,457.05604376159954
20929,0.520,0.125,454.82629024945965
20930,0.520,0.130,452.59252362526007
20931,0.520,0.135,450.35481619874446
20932,0.520,0.140,448.11324189582257
20933,0.520,0.145,445.86787627237015
20934,0.520,0.150,443.6187965276468
20935,0.520,0.155,441.3660815173085
20936,0.520,0.160,439.1098117659896
20937,0.520,0.165,436.85006947942867
20938,0.520,0.170,434.5869385561128
20939,0.520,0.175,432.32050459841207
20940,0.520,0.180,430.05085492317926
20941,0.520,0.185,427.7780785717831
20942,0.520,0.190,425.50226631955013
20943,0.520,0.195,423.22351068458215
20944,0.520,0.200,420.94190593592197
20945,0.520,0.205,418.6575481010342
20946,0.520,0.210,416.37053497257267
20947,0.520,0.215,414.08096611439885
20948,0.520,0.220,411.78894286682237
20949,0.520,0.225,409.49456835102757
20950,0.520,0.230,407.19794747265496
20951,0.520,0.235,404.89918692450044
20952,0.520,0.240,402.5983951883018
20953,0.520,0.245,400.2956825355727
20954,0.520,0.250,397.991161027453
20955,0.520,0.255,395.68494451353644
20956,0.520,0.260,393.3771486296416
20957,0.520,0.265,391.06789079448913
20958,0.520,0.270,388.75729020524807
20959,0.520,0.275,386.445467831916
20960,0.520,0.280,384.1325464104947
20961,0.520,0.285,381.8186504349252
20962,0.520,0.290,379.5039061477463
20963,0.520,0.295,377.1884415294387
20964,0.520,0.300,374.872386286418
20965,0.520,0.305,372.55587183764294
20966,0.520,0.310,370.23903129979936
20967,0.520,0.315,367.9219994710291
20968,0.520,0.320,365.6049128131637
20969,0.520,0.325,363.28790943243536
20970,0.520,0.330,360.97112905862457
20971,0.520,0.335,358.6547130226194
20972,0.520,0.340,356.33880423234854
20973,0.520,0.345,354.0235471470627
20974,0.520,0.350,351.70908774993234
20975,0.520,0.355,349.3955735189352
20976,0.520,0.360,347.0831533960068
20977,0.520,0.365,344.7719777544312
20978,0.520,0.370,342.46219836444567
20979,0.520,0.375,340.1539683570416
20980,0.520,0.380,337.8474421859412
20981,0.520,0.385,335.5427755877332
20982,0.520,0.390,333.2401255401539
20983,0.520,0.395,330.9396502185001
20984,0.520,0.400,328.64150895016655
20985,0.520,0.405,326.345862167299
20986,0.520,0.410,324.05287135756146
20987,0.520,0.415,321.76269901301424
20988,0.520,0.420,319.4755085771079
20989,0.520,0.425,317.19146438979624
20990,0.520,0.430,314.91073163078
20991,0.520,0.435,312.6334762608913
20992,0.520,0.440,310.3598649616379
20993,0.520,0.445,308.09006507292474
20994,0.520,0.450,305.8242445289795
20995,0.520,0.455,303.56257179250724
20996,0.520,0.460,301.3052157871102
20997,0.520,0.465,299.0523458280048
20998,0.520,0.470,296.80413155107993
20999,0.520,0.475,294.56074284033957
21000,0.520,0.480,292.32234975378014
21001,0.520,0.485,290.08912244775524
21002,0.520,0.490,287.8612310998874
21003,0.520,0.495,285.6388458305884
21004,0.520,0.500,283.4221366232558
21005,0.520,0.505,281.21127324321725
21006,0.520,0.510,279.00642515549816
21007,0.520,0.515,276.8077614414938
21008,0.520,0.520,274.61545071463047
21009,0.520,0.525,272.42966103510304
21010,0.520,0.530,270.25055982378416
21011,0.520,0.535,268.07831377540055
21012,0.520,0.540,265.91308877107747
21013,0.520,0.545,263.7550497903557
21014,0.520,0.550,261.60436082278983
21015,0.520,0.555,259.46118477923784
21016,0.520,0.560,257.3256834029574
21017,0.520,0.565,255.19801718062567
21018,0.520,0.570,253.07834525340255
21019,0.520,0.575,250.9668253281597
21020,0.520,0.580,248.86361358899953
21021,0.520,0.585,246.76886460918993
21022,0.520,0.590,244.68273126364346
21023,0.520,0.595,242.60536464206788
21024,0.520,0.600,240.53691396291907
21025,0.520,0.605,238.47752648828546
21026,0.520,0.610,236.4273474398346
21027,0.520,0.615,234.38651991595094
21028,0.520,0.620,232.355184810195
21029,0.520,0.625,230.33348073121078
21030,0.520,0.630,228.3215439242099
21031,0.520,0.635,226.31950819415584
21032,0.520,0.640,224.32750483077243
21033,0.520,0.645,222.3456625354962
21034,0.520,0.650,220.37410735049036
21035,0.520,0.655,218.41296258983516
21036,0.520,0.660,216.46234877300384
21037,0.520,0.665,214.52238356073283
21038,0.520,0.670,212.59318169338655
21039,0.520,0.675,210.67485493191603
21040,0.520,0.680,208.76751200150323
21041,0.520,0.685,206.87125853797937
21042,0.520,0.690,204.98619703709835
21043,0.520,0.695,203.11242680674246
21044,0.520,0.700,201.25004392213015
21045,0.520,0.705,199.39914118408998
21046,0.520,0.710,197.5598080804584
21047,0.520,0.715,195.73213075065263
21048,0.520,0.720,193.9161919534626
21049,0.520,0.725,192.11207103809969
21050,0.520,0.730,190.3198439185328
21051,0.520,0.735,188.53958305113545
21052,0.520,0.740,186.77135741566042
21053,0.520,0.745,185.01523249955082
21054,0.520,0.750,183.27127028559133
21055,0.520,0.755,181.53952924289388
21056,0.520,0.760,179.82006432120698
21057,0.520,0.765,178.11292694853043
21058,0.520,0.770,176.4181650320099
21059,0.520,0.775,174.7358229620809
21060,0.520,0.780,173.06594161982247
21061,0.520,0.785,171.40855838747854
21062,0.520,0.790,169.7637071620949
21063,0.520,0.795,168.13141837221693
21064,0.520,0.800,166.5117189975857
21065,0.520,0.805,164.9046325917666
21066,0.520,0.810,163.31017930763747
21067,0.520,0.815,161.72837592566054
21068,0.520,0.820,160.1592358848567
21069,0.520,0.825,158.60276931639675
21070,0.520,0.830,157.0589830797213
21071,0.520,0.835,155.52788080109585
21072,0.520,0.840,154.0094629145062
21073,0.520,0.845,152.5037267047956
21074,0.520,0.850,151.0106663529418
21075,0.520,0.855,149.53027298337202
21076,0.520,0.860,148.06253471320994
21077,0.520,0.865,146.60743670334872
21078,0.520,0.870,145.1649612112416
21079,0.520,0.875,143.7350876453025
21080,0.520,0.880,142.3177926208066
21081,0.520,0.885,140.9130500171818
21082,0.520,0.890,139.52083103658165
21083,0.520,0.895,138.14110426363078
21084,0.520,0.900,136.77383572623404
21085,0.520,0.905,135.4189889573419
21086,0.520,0.910,134.0765250575655
21087,0.520,0.915,132.74640275853596
21088,0.520,0.920,131.42857848690443
21089,0.520,0.925,130.12300642888036
21090,0.520,0.930,128.82963859520837
21091,0.520,0.935,127.54842488648546
21092,0.520,0.940,126.27931315872205
21093,0.520,0.945,125.02224928905434
21094,0.520,0.950,123.77717724151556
21095,0.520,0.955,122.54403913277802
21096,0.520,0.960,121.32277529777957
21097,0.520,0.965,120.11332435515013
21098,0.520,0.970,118.91562327235738
21099,0.520,0.975,117.72960743049225
21100,0.520,0.980,116.55521068861673
21101,0.520,0.985,115.39236544759966
21102,0.520,0.990,114.2410027133662
21103,0.520,0.995,113.10105215948865
21104,0.520,1.000,111.97244218904622
21105,0.525,0.000,507.10870457230766
21106,0.525,0.005,504.98006095969964
21107,0.525,0.010,502.84603413634926
21108,0.525,0.015,500.7066624535799
21109,0.525,0.020,498.56198550500574
21110,0.525,0.025,496.4120441445794
21111,0.525,0.030,494.2568805046623
21112,0.525,0.035,492.0965380141078
21113,0.525,0.040,489.93106141634615
21114,0.525,0.045,487.76049678746114
21115,0.525,0.050,485.58489155424564
21116,0.525,0.055,483.4042945122254
21117,0.525,0.060,481.2187558436369
21118,0.525,0.065,479.02832713534787
21119,0.525,0.070,476.8330613967048
21120,0.525,0.075,474.63301307729586
21121,0.525,0.080,472.42823808461077
21122,0.525,0.085,470.2187938015869
21123,0.525,0.090,468.00473910402053
21124,0.525,0.095,465.7861343778304
21125,0.525,0.100,463.56304153615486
21126,0.525,0.105,461.3355240362642
21127,0.525,0.110,459.1036468962713
21128,0.525,0.115,456.86747671161885
21129,0.525,0.120,454.62708167132587
21130,0.525,0.125,452.38253157397094
21131,0.525,0.130,450.1338978433922
21132,0.525,0.135,447.88125354408044
21133,0.525,0.140,445.6246733962451
21134,0.525,0.145,443.36423379052707
21135,0.525,0.150,441.10001280233604
21136,0.525,0.155,438.832090205786
21137,0.525,0.160,436.5605474872046
21138,0.525,0.165,434.2854678581892
21139,0.525,0.170,432.00693626818247
21140,0.525,0.175,429.7250394165399
21141,0.525,0.180,427.43986576406064
21142,0.525,0.185,425.1515055439517
21143,0.525,0.190,422.8600507721966
21144,0.525,0.195,420.56559525729585
21145,0.525,0.200,418.2682346093503
21146,0.525,0.205,415.96806624845186
21147,0.525,0.210,413.6651894123519
21148,0.525,0.215,411.3597051633707
21149,0.525,0.220,409.0517163945167
21150,0.525,0.225,406.74132783477796
21151,0.525,0.230,404.42864605355174
21152,0.525,0.235,402.1137794641761
21153,0.525,0.240,399.79683832652626
21154,0.525,0.245,397.4779347486389
21155,0.525,0.250,395.15718268732695
21156,0.525,0.255,392.8346979477463
21157,0.525,0.260,390.5105981818766
21158,0.525,0.265,388.185002885877
21159,0.525,0.270,385.85803339627756
21160,0.525,0.275,383.5298128849673
21161,0.525,0.280,381.20046635294
21162,0.525,0.285,378.870120622757
21163,0.525,0.290,376.53890432968865
21164,0.525,0.295,374.20694791149407
21165,0.525,0.300,371.8743835968003
21166,0.525,0.305,369.5413453920425
21167,0.525,0.310,367.20796906692345
21168,0.525,0.315,364.87439213835944
21169,0.525,0.320,362.54075385286825
21170,0.525,0.325,360.2071951673677
21171,0.525,0.330,357.8738587283438
21172,0.525,0.335,355.54088884935766
21173,0.525,0.340,353.2084314868508
21174,0.525,0.345,350.87663421422167
21175,0.525,0.350,348.545646194135
21176,0.525,0.355,346.21561814903873
21177,0.525,0.360,343.8867023298552
21178,0.525,0.365,341.5590524828205
21179,0.525,0.370,339.2328238144464
21180,0.525,0.375,336.90817295458
21181,0.525,0.380,334.5852579175399
21182,0.525,0.385,332.26423806131027
21183,0.525,0.390,329.9452740447727
21184,0.525,0.395,327.6285277829655
21185,0.525,0.400,325.314162400355
21186,0.525,0.405,323.00234218211216
21187,0.525,0.410,320.69323252338756
21188,0.525,0.415,318.3869998765828
21189,0.525,0.420,316.0838116966186
21190,0.525,0.425,313.7838363842034
21191,0.525,0.430,311.4872432271125
21192,0.525,0.435,309.1942023394856
21193,0.525,0.440,306.9048845991634
21194,0.525,0.445,304.6194615830771
21195,0.525,0.450,302.33810550072155
21196,0.525,0.455,300.06098912573316
21197,0.525,0.460,297.7882857256116
21198,0.525,0.465,295.520168989618
21199,0.525,0.470,293.25681295489403
21200,0.525,0.475,290.998391930847
21201,0.525,0.480,288.74508042185386
21202,0.525,0.485,286.4970530483377
21203,0.525,0.490,284.25448446628087
21204,0.525,0.495,282.01754928523735
21205,0.525,0.500,279.7864219849175
21206,0.525,0.505,277.5612768304197
21207,0.525,0.510,275.34228778618854
21208,0.525,0.515,273.1296284287866
21209,0.525,0.520,270.9234718585673
21210,0.525,0.525,268.7239906103453
21211,0.525,0.530,266.5313565631621
21212,0.525,0.535,264.3457408492507
21213,0.525,0.540,262.1673137623068
21214,0.525,0.545,259.9962446651777
21215,0.525,0.550,257.83270189708566
21216,0.525,0.555,255.676852680503
21217,0.525,0.560,253.52886302780308
21218,0.525,0.565,251.38889764781194
21219,0.525,0.570,249.25711985238974
21220,0.525,0.575,247.13369146317308
21221,0.525,0.580,245.01877271861193
21222,0.525,0.585,242.91252218143586
21223,0.525,0.590,240.8150966466885
21224,0.525,0.595,238.72665105046676
21225,0.525,0.600,236.64733837950553
21226,0.525,0.605,234.5773095817472
21227,0.525,0.610,232.51671347803608
21228,0.525,0.615,230.46569667507828
21229,0.525,0.620,228.42440347980457
21230,0.525,0.625,226.3929758152764
21231,0.525,0.630,224.37155313826972
21232,0.525,0.635,222.3602723586726
21233,0.525,0.640,220.3592677608284
21234,0.525,0.645,218.3686709269541
21235,0.525,0.650,216.38861066276039
21236,0.525,0.655,214.41921292539615
21237,0.525,0.660,212.4606007538366
21238,0.525,0.665,210.5128942018289
21239,0.525,0.670,208.57621027350632
21240,0.525,0.675,206.6506628617743
21241,0.525,0.680,204.73636268956847
21242,0.525,0.685,202.83341725407877
21243,0.525,0.690,200.9419307740256
21244,0.525,0.695,199.06200414007108
21245,0.525,0.700,197.19373486843884
21246,0.525,0.705,195.33721705781036
21247,0.525,0.710,193.49254134955902
21248,0.525,0.715,191.6597948913754
21249,0.525,0.720,189.83906130432968
21250,0.525,0.725,188.03042065340995
21251,0.525,0.730,186.23394942156844
21252,0.525,0.735,184.44972048729792
21253,0.525,0.740,182.6778031057553
21254,0.525,0.745,180.9182628934396
21255,0.525,0.750,179.17116181642604
21256,0.525,0.755,177.43655818214773
21257,0.525,0.760,175.7145066347118
21258,0.525,0.765,174.00505815372668
21259,0.525,0.770,172.3082600566122
21260,0.525,0.775,170.62415600435574
21261,0.525,0.780,168.9527860106709
21262,0.525,0.785,167.29418645450886
21263,0.525,0.790,165.6483900958662
21264,0.525,0.795,164.01542609482564
21265,0.525,0.800,162.3953200337619
21266,0.525,0.805,160.78809394263735
21267,0.525,0.810,159.19376632730885
21268,0.525,0.815,157.61235220075986
21269,0.525,0.820,156.0438631171691
21270,0.525,0.825,154.4883072087218
21271,0.525,0.830,152.94568922506545
21272,0.525,0.835,151.41601057530886
21273,0.525,0.840,149.89926937245954
21274,0.525,0.845,148.39546048019218
21275,0.525,0.850,146.9045755618371
21276,0.525,0.855,145.42660313147724
21277,0.525,0.860,143.9615286070389
21278,0.525,0.865,142.50933436526046
21279,0.525,0.870,141.06999979842266
21280,0.525,0.875,139.64350137272245
21281,0.525,0.880,138.22981268817273
21282,0.525,0.885,136.8289045399095
21283,0.525,0.890,135.44074498078908
21284,0.525,0.895,134.06529938515726
21285,0.525,0.900,132.7025305136746
21286,0.525,0.905,131.35239857908164
21287,0.525,0.910,130.0148613127906
21288,0.525,0.915,128.68987403219026
21289,0.525,0.920,127.37738970855368
21290,0.525,0.925,126.07735903543971
21291,0.525,0.930,124.78973049748207
21292,0.525,0.935,123.51445043946082
21293,0.525,0.940,122.25146313555547
21294,0.525,0.945,121.0007108586795
21295,0.525,0.950,119.76213394980013
21296,0.525,0.955,118.53567088714917
21297,0.525,0.960,117.32125835523374
21298,0.525,0.965,116.11883131355782
21299,0.525,0.970,114.92832306496895
21300,0.525,0.975,113.74966532354571
21301,0.525,0.980,112.5827882819444
21302,0.525,0.985,111.42762067812475
21303,0.525,0.990,110.28408986137576
21304,0.525,0.995,109.1521218575631
21305,0.525,1.000,108.03164143351923
21306,0.530,0.000,504.99837129677036
21307,0.530,0.005,502.8565750914577
21308,0.530,0.010,500.7093141746573
21309,0.530,0.015,498.55662692725775
21310,0.530,0.020,496.39855299317946
21311,0.530,0.025,494.2351332980963
21312,0.530,0.030,492.0664100681953
21313,0.530,0.035,489.89242684896243
21314,0.530,0.040,487.7132285239845
21315,0.530,0.045,485.5288613337572
21316,0.530,0.050,483.3393728944857
21317,0.530,0.055,481.1448122168671
21318,0.530,0.060,478.9452297248422
21319,0.530,0.065,476.74067727430264
21320,0.530,0.070,474.5312081717392
21321,0.530,0.075,472.3168771928193
21322,0.530,0.080,470.097740600875
21323,0.530,0.085,467.8738561652895
21324,0.530,0.090,465.6452831797632
21325,0.530,0.095,463.41208248044444
21326,0.530,0.100,461.1743164639052
21327,0.530,0.105,458.9320491049463
21328,0.530,0.110,456.68534597420984
21329,0.530,0.115,454.43427425558235
21330,0.530,0.120,452.17890276336607
21331,0.530,0.125,449.9193019591984
21332,0.530,0.130,447.655543968697
21333,0.530,0.135,445.38770259780864
21334,0.530,0.140,443.1158533488376
21335,0.530,0.145,440.84007343613024
21336,0.530,0.150,438.56044180138974
21337,0.530,0.155,436.2770391285968
21338,0.530,0.160,433.98994785850795
21339,0.530,0.165,431.69925220270596
21340,0.530,0.170,429.40503815717204
21341,0.530,0.175,427.1073935153537
21342,0.530,0.180,424.80640788069496
21343,0.530,0.185,422.5021726786014
21344,0.530,0.190,420.19478116780755
21345,0.530,0.195,417.884328451113
21346,0.530,0.200,415.5709114854568
21347,0.530,0.205,413.2546290912941
21348,0.530,0.210,410.9355819612421
21349,0.530,0.215,408.6138726679584
21350,0.530,0.220,406.28960567121715
21351,0.530,0.225,403.96288732414547
21352,0.530,0.230,401.6338258785821
21353,0.530,0.235,399.30253148952187
21354,0.530,0.240,396.9691162186047
21355,0.530,0.245,394.63369403661244
21356,0.530,0.250,392.2963808249309
21357,0.530,0.255,389.9572943759392
21358,0.530,0.260,387.61655439228286
21359,0.530,0.265,385.2742824849916
21360,0.530,0.270,382.93060217039886
21361,0.530,0.275,380.5856388658202
21362,0.530,0.280,378.23951988395123
21363,0.530,0.285,375.8923744259382
21364,0.530,0.290,373.5443335730834
21365,0.530,0.295,371.195530277139
21366,0.530,0.300,368.8460993491494
21367,0.530,0.305,366.49617744679796
21368,0.530,0.310,364.1459030602171
21369,0.530,0.315,361.795416496221
21370,0.530,0.320,359.444859860916
21371,0.530,0.325,357.0943770406538
21372,0.530,0.330,354.74411368128176
21373,0.530,0.335,352.3942171656556
21374,0.530,0.340,350.04483658937374
21375,0.530,0.345,347.6961227346983
21376,0.530,0.350,345.3482280426248
21377,0.530,0.355,343.0013065830687
21378,0.530,0.360,340.65551402313383
21379,0.530,0.365,338.31100759343343
21380,0.530,0.370,335.9679460524326
21381,0.530,0.375,333.6264896487876
21382,0.530,0.380,331.286800081654
21383,0.530,0.385,328.9490404589435
21384,0.530,0.390,326.61337525350825
21385,0.530,0.395,324.27997025723465
21386,0.530,0.400,321.948992533034
21387,0.530,0.405,319.6206103647164
21388,0.530,0.410,317.2949932047411
21389,0.530,0.415,314.97231161983785
21390,0.530,0.420,312.6527372344984
21391,0.530,0.425,310.3364426723402
21392,0.530,0.430,308.0236014953491
21393,0.530,0.435,305.7143881410112
21394,0.530,0.440,303.40897785734944
21395,0.530,0.445,301.1075466358818
21396,0.530,0.450,298.810271142529
21397,0.530,0.455,296.51732864649415
21398,0.530,0.460,294.22889694715354
21399,0.530,0.465,291.9451542989913
21400,0.530,0.470,289.66627933462553
21401,0.530,0.475,287.3924509859692
21402,0.530,0.480,285.1238484035843
21403,0.530,0.485,282.8606508742825
21404,0.530,0.490,280.60303773704084
21405,0.530,0.495,278.3511882972979
21406,0.530,0.500,276.1052817397066
21407,0.530,0.505,273.8654970394233
21408,0.530,0.510,271.6320128720176
21409,0.530,0.515,269.405007522093
21410,0.530,0.520,267.18465879071476
21411,0.530,0.525,264.9711439017442
21412,0.530,0.530,262.76463940718565
21413,0.530,0.535,260.56532109165545
21414,0.530,0.540,258.3733638760892
21415,0.530,0.545,256.1889417208049
21416,0.530,0.550,254.01222752804748
21417,0.530,0.555,251.84339304414033
21418,0.530,0.560,249.68260876137734
21419,0.530,0.565,247.53004381978903
21420,0.530,0.570,245.38586590892132
21421,0.530,0.575,243.25024116976857
21422,0.530,0.580,241.12333409700395
21423,0.530,0.585,239.00530744165312
21424,0.530,0.590,236.8963221143597
21425,0.530,0.595,234.79653708939054
21426,0.530,0.600,232.70610930953234
21427,0.530,0.605,230.6251935920291
21428,0.530,0.610,228.5539425357129
21429,0.530,0.615,226.49250642947777
21430,0.530,0.620,224.44103316224687
21431,0.530,0.625,222.39966813458304
21432,0.530,0.630,220.36855417208804
21433,0.530,0.635,218.34783144073793
21434,0.530,0.640,216.33763736429552
21435,0.530,0.645,214.33810654394077
21436,0.530,0.650,212.34937068025454
21437,0.530,0.655,210.37155849768877
21438,0.530,0.660,208.40479567165042
21439,0.530,0.665,206.44920475832276
21440,0.530,0.670,204.50490512734203
21441,0.530,0.675,202.57201289744154
21442,0.530,0.680,200.65064087517032
21443,0.530,0.685,198.74089849678586
21444,0.530,0.690,196.8428917734151
21445,0.530,0.695,194.95672323956958
21446,0.530,0.700,193.08249190509505
21447,0.530,0.705,191.2202932106263
21448,0.530,0.710,189.37021898661206
21449,0.530,0.715,187.53235741596671
21450,0.530,0.720,185.70679300039578
21451,0.530,0.725,183.89360653043616
21452,0.530,0.730,182.09287505924254
21453,0.530,0.735,180.3046718801435
21454,0.530,0.740,178.52906650798192
21455,0.530,0.745,176.76612466424663
21456,0.530,0.750,175.0159082659935
21457,0.530,0.755,173.27847541854567
21458,0.530,0.760,171.55388041195496
21459,0.530,0.765,169.842173721198
21460,0.530,0.770,168.14340201007283
21461,0.530,0.775,166.45760813875435
21462,0.530,0.780,164.7848311749586
21463,0.530,0.785,163.12510640866026
21464,0.530,0.790,161.47846537029815
21465,0.530,0.795,159.8449358524004
21466,0.530,0.800,158.22454193455044
21467,0.530,0.805,156.61730401161273
21468,0.530,0.810,155.02323882512877
21469,0.530,0.815,153.44235949778965
21470,0.530,0.820,151.8746755708871
21471,0.530,0.825,150.3201930446382
21472,0.530,0.830,148.77891442127736
21473,0.530,0.835,147.2508387508038
21474,0.530,0.840,145.73596167926914
21475,0.530,0.845,144.23427549948843
21476,0.530,0.850,142.74576920405278
21477,0.530,0.855,141.27042854052235
21478,0.530,0.860,139.80823606867452
21479,0.530,0.865,138.3591712196814
21480,0.530,0.870,136.92321035709077
21481,0.530,0.875,135.50032683948191
21482,0.530,0.880,134.09049108466945
21483,0.530,0.885,132.69367063532732
21484,0.530,0.890,131.3098302259058
21485,0.530,0.895,129.9389318507153
21486,0.530,0.900,128.58093483305115
21487,0.530,0.905,127.23579589523592
21488,0.530,0.910,125.90346922945682
21489,0.530,0.915,124.58390656927736
21490,0.530,0.920,123.27705726170515
21491,0.530,0.925,121.98286833969969
21492,0.530,0.930,120.70128459500667
21493,0.530,0.935,119.43224865120747
21494,0.530,0.940,118.17570103687595
21495,0.530,0.945,116.93158025873696
21496,0.530,0.950,115.699822874724
21497,0.530,0.955,114.48036356683686
21498,0.530,0.960,113.27313521370161
21499,0.530,0.965,112.07806896273958
21500,0.530,0.970,110.89509430185393
21501,0.530,0.975,109.72413913054368
21502,0.530,0.980,108.56512983035896
21503,0.530,0.985,107.41799133461063
21504,0.530,0.990,106.28264719724947
21505,0.530,0.995,105.15901966082865
21506,0.530,1.000,104.04702972346227
21507,0.535,0.000,502.8740010103496
21508,0.535,0.005,500.7188614913941
21509,0.535,0.010,498.5581731578179
21510,0.535,0.015,496.39197439195425
21511,0.535,0.020,494.2203048600263
21512,0.535,0.025,492.04320553156884
21513,0.535,0.030,489.8607186989021
21514,0.535,0.035,487.6728879966482
21515,0.535,0.040,485.4797584212776
21516,0.535,0.045,483.28137635067725
21517,0.535,0.050,481.0777895637279
21518,0.535,0.055,478.86904725987745
21519,0.535,0.060,476.6552000786991
21520,0.535,0.065,474.43630011942037
21521,0.535,0.070,472.2124009604087
21522,0.535,0.075,469.9835576786004
21523,0.535,0.080,467.7498268688565
21524,0.535,0.085,465.51126666323046
21525,0.535,0.090,463.26793675013147
21526,0.535,0.095,461.01989839336466
21527,0.535,0.100,458.7672144510332
21528,0.535,0.105,456.509949394281
21529,0.535,0.110,454.2481693258577
21530,0.535,0.115,451.9819419984867
21531,0.535,0.120,449.7113368330141
21532,0.535,0.125,447.4364249363178
21533,0.535,0.130,445.1572791189541
21534,0.535,0.135,442.873973912518
21535,0.535,0.140,440.5865855866948
21536,0.535,0.145,438.29519216597623
21537,0.535,0.150,435.99987344601584
21538,0.535,0.155,433.7007110095986
21539,0.535,0.160,431.39778824219525
21540,0.535,0.165,429.0911903470739
21541,0.535,0.170,426.78100435993986
21542,0.535,0.175,424.4673191630735
21543,0.535,0.180,422.15022549893473
21544,0.535,0.185,419.82981598320276
21545,0.535,0.190,417.50618511721825
21546,0.535,0.195,415.1794292997937
21547,0.535,0.200,412.8496468383585
21548,0.535,0.205,410.51693795940207
21549,0.535,0.210,408.1814048181803
21550,0.535,0.215,405.8431515076457
21551,0.535,0.220,403.5022840665667
21552,0.535,0.225,401.15891048679407
21553,0.535,0.230,398.8131407196373
21554,0.535,0.235,396.46508668130883
21555,0.535,0.240,394.114862257396
21556,0.535,0.245,391.76258330631924
21557,0.535,0.250,389.4083676617329
21558,0.535,0.255,387.0523351338267
21559,0.535,0.260,384.69460750948383
21560,0.535,0.265,382.3353085512513
21561,0.535,0.270,379.974563995078
21562,0.535,0.275,377.61250154677595
21563,0.535,0.280,375.24925087715906
21564,0.535,0.285,372.88494361581286
21565,0.535,0.290,370.5197133434513
21566,0.535,0.295,368.1536955828131
21567,0.535,0.300,365.7870277880522
21568,0.535,0.305,363.41984933257754
21569,0.535,0.310,361.0523014952942
21570,0.535,0.315,358.68452744520374
21571,0.535,0.320,356.3166722243153
21572,0.535,0.325,353.9488827288271
21573,0.535,0.330,351.58130768853033
21574,0.535,0.335,349.2140976443969
21575,0.535,0.340,346.8474049243049
21576,0.535,0.345,344.48138361686546
21577,0.535,0.350,342.1161895433063
21578,0.535,0.355,339.75198022737914
21579,0.535,0.360,337.38891486324974
21580,0.535,0.365,335.02715428133905
21581,0.535,0.370,332.66686091207987
21582,0.535,0.375,330.30819874756105
21583,0.535,0.380,327.95133330102755
21584,0.535,0.385,325.5964315642121
21585,0.535,0.390,323.24366196247524
21586,0.535,0.395,320.89319430773156
21587,0.535,0.400,318.54519974914547
21588,0.535,0.405,316.1998507215824
21589,0.535,0.410,313.8573208918038
21590,0.535,0.415,311.51778510239865
21591,0.535,0.420,309.1814193134482
21592,0.535,0.425,306.8484005419244
21593,0.535,0.430,304.5189067988264
21594,0.535,0.435,302.1931170240642
21595,0.535,0.440,299.87121101910327
21596,0.535,0.445,297.5533693773875
21597,0.535,0.450,295.2397734125652
21598,0.535,0.455,292.9306050845443
21599,0.535,0.460,290.6260469234124
21600,0.535,0.465,288.32628195125744
21601,0.535,0.470,286.0314936019366
21602,0.535,0.475,283.7418656388389
21603,0.535,0.480,281.4575820707015
21604,0.535,0.485,279.1788270655356
21605,0.535,0.490,276.9057848627324
21606,0.535,0.495,274.6386396834206
21607,0.535,0.500,272.3775756391521
21608,0.535,0.505,270.1227766390025
21609,0.535,0.510,267.8744262951745
21610,0.535,0.515,265.63270782720065
21611,0.535,0.520,263.3978039648464
21612,0.535,0.525,261.1698968498206
21613,0.535,0.530,258.9491679364056
21614,0.535,0.535,256.7357978911248
21615,0.535,0.540,254.52996649156992
21616,0.535,0.545,252.33185252451682
21617,0.535,0.550,250.1416336834613
21618,0.535,0.555,247.95948646571236
21619,0.535,0.560,245.785586069184
21620,0.535,0.565,243.62010628903093
21621,0.535,0.570,241.46321941427607
21622,0.535,0.575,239.31509612458294
21623,0.535,0.580,237.175905387327
21624,0.535,0.585,235.04581435512284
21625,0.535,0.590,232.92498826396798
21626,0.535,0.595,230.81359033216287
21627,0.535,0.600,228.71178166016978
21628,0.535,0.605,226.61972113157364
21629,0.535,0.610,224.53756531530823
21630,0.535,0.615,222.46546836930966
21631,0.535,0.620,220.40358194576052
21632,0.535,0.625,218.35205509808472
21633,0.535,0.630,216.31103418985288
21634,0.535,0.635,214.28066280575456
21635,0.535,0.640,212.26108166479207
21636,0.535,0.645,210.2524285358462
21637,0.535,0.650,208.2548381557611
21638,0.535,0.655,206.26844215009115
21639,0.535,0.660,204.2933689566479
21640,0.535,0.665,202.32974375197904
21641,0.535,0.670,200.37768838090778
21642,0.535,0.675,198.43732128925203
21643,0.535,0.680,196.50875745983905
21644,0.535,0.685,194.59210835192178
21645,0.535,0.690,192.68748184409804
21646,0.535,0.695,190.7949821808243
21647,0.535,0.700,188.91470992260844
21648,0.535,0.705,187.04676189995854
21649,0.535,0.710,185.1912311711547
21650,0.535,0.715,183.3482069839033
21651,0.535,0.720,181.51777474092424
21652,0.535,0.725,179.7000159695114
21653,0.535,0.730,177.89500829510024
21654,0.535,0.735,176.1028254188634
21655,0.535,0.740,174.32353709935026
21656,0.535,0.745,172.5572091381732
21657,0.535,0.750,170.8039033697375
21658,0.535,0.755,169.06367765500073
21659,0.535,0.760,167.33658587923884
21660,0.535,0.765,165.62267795378864
21661,0.535,0.770,163.92199982172602
21662,0.535,0.775,162.23459346743215
21663,0.535,0.780,160.5604969299912
21664,0.535,0.785,158.89974432035555
21665,0.535,0.790,157.2523658422068
21666,0.535,0.795,155.6183878164335
21667,0.535,0.800,153.99783270914017
21668,0.535,0.805,152.39071916309518
21669,0.535,0.810,150.79706203251925
21670,0.535,0.815,149.2168724211105
21671,0.535,0.820,147.65015772319694
21672,0.535,0.825,146.09692166790205
21673,0.535,0.830,144.55716436620506
21674,0.535,0.835,143.03088236077372
21675,0.535,0.840,141.51806867844294
21676,0.535,0.845,140.01871288521116
21677,0.535,0.850,138.53280114362173
21678,0.535,0.855,137.0603162723967
21679,0.535,0.860,135.6012378081862
21680,0.535,0.865,134.1555420692979
21681,0.535,0.870,132.72320222126766
21682,0.535,0.875,131.30418834413385
21683,0.535,0.880,129.89846750127725
21684,0.535,0.885,128.50600380968785
21685,0.535,0.890,127.12675851152228
21686,0.535,0.895,125.76069004681484
21687,0.535,0.900,124.40775412720775
21688,0.535,0.905,123.06790381056742
21689,0.535,0.910,121.74108957635521
21690,0.535,0.915,120.42725940162394
21691,0.535,0.920,119.12635883751348
21692,0.535,0.925,117.83833108612136
21693,0.535,0.930,116.5631170776274
21694,0.535,0.935,115.30065554755404
21695,0.535,0.940,114.05088311404752
21696,0.535,0.945,112.81373435506745
21697,0.535,0.950,111.58914188537634
21698,0.535,0.955,110.37703643322301
21699,0.535,0.960,109.17734691661725
21700,0.535,0.965,107.99000051909555
21701,0.535,0.970,106.81492276488066
21702,0.535,0.975,105.65203759333912
21703,0.535,0.980,104.50126743264337
21704,0.535,0.985,103.36253327254501
21705,0.535,0.990,102.23575473616569
21706,0.535,0.995,101.12085015071084
21707,0.535,1.000,100.01773661700696
21708,0.540,0.000,500.735542536681
21709,0.540,0.005,498.5668655614828
21710,0.540,0.010,496.39255297028353
21711,0.540,0.015,494.2126431165399
21712,0.540,0.020,492.0271756585409
21713,0.540,0.025,489.8361915795531
21714,0.540,0.030,487.6397332080358
21715,0.540,0.035,485.4378442379139
21716,0.540,0.040,483.23056974889914
21717,0.540,0.045,481.0179562268484
21718,0.540,0.050,478.80005158414826
21719,0.540,0.055,476.57690518011253
21720,0.540,0.060,474.3485678413812
21721,0.540,0.065,472.11509188230707
21722,0.540,0.070,469.8765311253155
21723,0.540,0.075,467.63294092122516
21724,0.540,0.080,465.3843781695103
21725,0.540,0.085,463.13090133849346
21726,0.540,0.090,460.8725704854481
21727,0.540,0.095,458.6094472765962
21728,0.540,0.100,456.3415950069818
21729,0.540,0.105,454.06907862020114
21730,0.540,0.110,451.79196472797156
21731,0.540,0.115,449.51032162951634
21732,0.540,0.120,447.2242193307462
21733,0.540,0.125,444.9337295632148
21734,0.540,0.130,442.6389258028242
21735,0.540,0.135,440.3398832882584
21736,0.540,0.140,438.03667903911935
21737,0.540,0.145,435.72939187373845
21738,0.540,0.150,433.4181024266404
21739,0.540,0.155,431.1028931656286
21740,0.540,0.160,428.78384840846536
21741,0.540,0.165,426.461054339118
21742,0.540,0.170,424.13459902353924
21743,0.540,0.175,421.8045724249518
21744,0.540,0.180,419.4710664186048
21745,0.540,0.185,417.13417480596746
21746,0.540,0.190,414.79399332832935
21747,0.540,0.195,412.4506196797666
21748,0.540,0.200,410.1041535194445
21749,0.540,0.205,407.7546964832129
21750,0.540,0.210,405.4023521944627
21751,0.540,0.215,403.0472262741978
21752,0.540,0.220,400.6894263502894
21753,0.540,0.225,398.3290620658659
21754,0.540,0.230,395.9662450868007
21755,0.540,0.235,393.60108910825284
21756,0.540,0.240,391.2337098602185
21757,0.540,0.245,388.86422511204796
21758,0.540,0.250,386.49275467588456
21759,0.540,0.255,384.1194204089772
21760,0.540,0.260,381.74434621482266
21761,0.540,0.265,379.36765804308925
21762,0.540,0.270,376.989483888274
21763,0.540,0.275,374.60995378704604
21764,0.540,0.280,372.22919981422586
21765,0.540,0.285,369.8473560773544
21766,0.540,0.290,367.46455870979884
21767,0.540,0.295,365.0809458623492
21768,0.540,0.300,362.6966576932536
21769,0.540,0.305,360.31183635664405
21770,0.540,0.310,357.9266259893024
21771,0.540,0.315,355.5411726957185
21772,0.540,0.320,353.1556245313892
21773,0.540,0.325,350.7701314843132
21774,0.540,0.330,348.3848454546305
21775,0.540,0.335,345.9999202323623
21776,0.540,0.340,343.6155114732023
21777,0.540,0.345,341.2317766723179
21778,0.540,0.350,338.84887513611363
21779,0.540,0.355,336.4669679519175
21780,0.540,0.360,334.0862179555472
21781,0.540,0.365,331.70678969671894
21782,0.540,0.370,329.32884940225995
21783,0.540,0.375,326.9525649370909
21784,0.540,0.380,324.5781057629455
21785,0.540,0.385,322.20564289479665
21786,0.540,0.390,319.835348854962
21787,0.540,0.395,317.46739762486504
21788,0.540,0.400,315.1019645944299
21789,0.540,0.405,312.7392265090927
21790,0.540,0.410,310.3793614144146
21791,0.540,0.415,308.022548598287
21792,0.540,0.420,305.6689685307224
21793,0.540,0.425,303.318802801228
21794,0.540,0.430,300.9722340537668
21795,0.540,0.435,298.62944591931017
21796,0.540,0.440,296.2906229459973
21797,0.540,0.445,293.95595052691533
21798,0.540,0.450,291.62561482552576
21799,0.540,0.455,289.29980269876233
21800,0.540,0.460,286.97870161783516
21801,0.540,0.465,284.66249958677946
21802,0.540,0.470,282.35138505879553
21803,0.540,0.475,280.045546850428
21804,0.540,0.480,277.7451740536456
21805,0.540,0.485,275.45045594588026
21806,0.540,0.490,273.1615818980997
21807,0.540,0.495,270.878741280986
21808,0.540,0.500,268.60212336930454
21809,0.540,0.505,266.3319172445515
21810,0.540,0.510,264.0683116959747
21811,0.540,0.515,261.8114951200699
21812,0.540,0.520,259.56165541865937
21813,0.540,0.525,257.31897989566744
21814,0.540,0.530,255.08365515271254
21815,0.540,0.535,252.85586698364094
21816,0.540,0.540,250.63580026813412
21817,0.540,0.545,248.42363886452742
21818,0.540,0.550,246.21956550197993
21819,0.540,0.555,244.02376167214553
21820,0.540,0.560,241.8364075204942
21821,0.540,0.565,239.65768173744192
21822,0.540,0.570,237.48776144944839
21823,0.540,0.575,235.32682211024553
21824,0.540,0.580,233.17503739236605
21825,0.540,0.585,231.03257907913908
21826,0.540,0.590,228.89961695732734
21827,0.540,0.595,226.7763187105787
21828,0.540,0.600,224.6628498138671
21829,0.540,0.605,222.55937342910028
21830,0.540,0.610,220.46605030206973
21831,0.540,0.615,218.38303866091957
21832,0.540,0.620,216.31049411630997
21833,0.540,0.625,214.2485695634489
21834,0.540,0.630,212.1974150861651
21835,0.540,0.635,210.15717786319098
21836,0.540,0.640,208.12800207682378
21837,0.540,0.645,206.1100288241264
21838,0.540,0.650,204.10339603082832
21839,0.540,0.655,202.10823836807972
21840,0.540,0.660,200.12468717220864
21841,0.540,0.665,198.15287036762373
21842,0.540,0.670,196.19291239300034
21843,0.540,0.675,194.2449341308789
21844,0.540,0.680,192.30905284079978
21845,0.540,0.685,190.38538209608913
21846,0.540,0.690,188.47403172440323
21847,0.540,0.695,186.57510775213
21848,0.540,0.700,184.6887123527381
21849,0.540,0.705,182.8149437991538
21850,0.540,0.710,180.95389642023835
21851,0.540,0.715,179.10566056142687
21852,0.540,0.720,177.270322549582
21853,0.540,0.725,175.44796466210408
21854,0.540,0.730,173.6386651003308
21855,0.540,0.735,171.84249796724848
21856,0.540,0.740,170.05953324952762
21857,0.540,0.745,168.28983680388447
21858,0.540,0.750,166.53347034776155
21859,0.540,0.755,164.79049145430912
21860,0.540,0.760,163.06095355164055
21861,0.540,0.765,161.3449059263244
21862,0.540,0.770,159.6423937310669
21863,0.540,0.775,157.9534579965306
21864,0.540,0.780,156.27813564722302
21865,0.540,0.785,154.6164595213847
21866,0.540,0.790,152.96845839479488
21867,0.540,0.795,151.33415700840624
21868,0.540,0.800,149.71357609971318
21869,0.540,0.805,148.10673243775088
21870,0.540,0.810,146.5136388616152
21871,0.540,0.815,144.93430432238884
21872,0.540,0.820,143.36873392835233
21873,0.540,0.825,141.81692899335386
21874,0.540,0.830,140.27888708820728
21875,0.540,0.835,138.75460209498402
21876,0.540,0.840,137.24406426405955
21877,0.540,0.845,135.74726027377415
21878,0.540,0.850,134.26417329256267
21879,0.540,0.855,132.79478304340824
21880,0.540,0.860,131.33906587047102
21881,0.540,0.865,129.89699480774368
21882,0.540,0.870,128.4685396495837
21883,0.540,0.875,127.05366702297225
21884,0.540,0.880,125.65234046135029
21885,0.540,0.885,124.26452047988205
21886,0.540,0.890,122.89016465199843
21887,0.540,0.895,121.52922768707246
21888,0.540,0.900,120.18166150908263
21889,0.540,0.905,118.84741533611997
21890,0.540,0.910,117.52643576059867
21891,0.540,0.915,116.21866683003164
21892,0.540,0.920,114.92405012823546
21893,0.540,0.925,113.64252485683265
21894,0.540,0.930,112.37402791692134
21895,0.540,0.935,111.11849399078707
21896,0.540,0.940,109.87585562353345
21897,0.540,0.945,108.6460433045129
21898,0.540,0.950,107.42898554844139
21899,0.540,0.955,106.22460897608475
21900,0.540,0.960,105.03283839440681
21901,0.540,0.965,103.85359687607261
21902,0.540,0.970,102.68680583820276
21903,0.540,0.975,101.53238512027508
21904,0.540,0.980,100.39025306107304
21905,0.540,0.985,99.26032657457792
21906,0.540,0.990,98.14252122470171
21907,0.540,0.995,97.03675129875309
21908,0.540,1.000,95.94292987952274
21909,0.545,0.000,498.5829524233444
21910,0.545,0.005,496.4005404237031
21911,0.545,0.010,494.21240320952614
21912,0.545,0.015,492.01857907273876
21913,0.545,0.020,489.8191076310838
21914,0.545,0.025,487.61402984901787
21915,0.545,0.030,485.4033880586927
21916,0.545,0.035,483.1872259810136
21917,0.545,0.040,480.9655887467637
21918,0.545,0.045,478.73852291778337
21919,0.545,0.050,476.50607650819427
21920,0.545,0.055,474.2682990056544
21921,0.545,0.060,472.0252413926334
21922,0.545,0.065,469.7769561676929
21923,0.545,0.070,467.52349736676
21924,0.545,0.075,465.26492058437776
21925,0.545,0.080,463.0012829949185
21926,0.545,0.085,460.73264337374246
21927,0.545,0.090,458.45906211828714
21928,0.545,0.095,456.1806012690682
21929,0.545,0.100,453.8973245305739
21930,0.545,0.105,451.6092972920347
21931,0.545,0.110,449.3165866480473
21932,0.545,0.115,447.019261419033
21933,0.545,0.120,444.71739217150804
21934,0.545,0.125,442.41105123814407
21935,0.545,0.130,440.10031273759535
21936,0.545,0.135,437.78525259406734
21937,0.545,0.140,435.46594855660265
21938,0.545,0.145,433.1424802180574
21939,0.545,0.150,430.8149290337408
21940,0.545,0.155,428.4833783396898
21941,0.545,0.160,426.14791337054993
21942,0.545,0.165,423.8086212770306
21943,0.545,0.170,421.46559114290636
21944,0.545,0.175,419.11891400152837
21945,0.545,0.180,416.7686828518151
21946,0.545,0.185,414.4149926736866
21947,0.545,0.190,412.05794044290815
21948,0.545,0.195,409.69762514530373
21949,0.545,0.200,407.3341477903059
21950,0.545,0.205,404.9676114237983
21951,0.545,0.210,402.5981211402159
21952,0.545,0.215,400.22578409385784
21953,0.545,0.220,397.85070950937416
21954,0.545,0.225,395.4730086913807
21955,0.545,0.230,393.0927950331604
21956,0.545,0.235,390.7101840244045
21957,0.545,0.240,388.3252932579479
21958,0.545,0.245,385.93824243545293
21959,0.545,0.250,383.5491533719915
21960,0.545,0.255,381.1581499994791
21961,0.545,0.260,378.76535836891
21962,0.545,0.265,376.3709066513436
21963,0.545,0.270,373.9749251375906
21964,0.545,0.275,371.5775462365489
21965,0.545,0.280,369.1789044721347
21966,0.545,0.285,366.7791364787584
21967,0.545,0.290,364.37838099529046
21968,0.545,0.295,361.9767788574655
21969,0.545,0.300,359.5744729886695
21970,0.545,0.305,357.1716083890582
21971,0.545,0.310,354.76833212295026
21972,0.545,0.315,352.3647933044455
21973,0.545,0.320,349.961143081211
21974,0.545,0.325,347.5575346163851
21975,0.545,0.330,345.15412306854546
21976,0.545,0.335,342.7510655696902
21977,0.545,0.340,340.3485212011806
21978,0.545,0.345,337.9466509675965
21979,0.545,0.350,335.5456177684556
21980,0.545,0.355,333.145586367749
21981,0.545,0.360,330.7467233612474
21982,0.545,0.365,328.3491971415358
21983,0.545,0.370,325.9531778607324
21984,0.545,0.375,323.55883739085436
21985,0.545,0.380,321.16634928179093
21986,0.545,0.385,318.7758887168527
21987,0.545,0.390,316.38763246586143
21988,0.545,0.395,314.00175883575525
21989,0.545,0.400,311.61844761868224
21990,0.545,0.405,309.23788003756084
21991,0.545,0.410,306.86023868909075
21992,0.545,0.415,304.48570748419814
21993,0.545,0.420,302.1144715859086
21994,0.545,0.425,299.7467173446404
21995,0.545,0.430,297.3826322309203
21996,0.545,0.435,295.0224047655241
21997,0.545,0.440,292.66622444705564
21998,0.545,0.445,290.3142816769758
21999,0.545,0.450,287.96676768210693
22000,0.545,0.455,285.6238744346361
22001,0.545,0.460,283.2857945696536
22002,0.545,0.465,280.9527213002635
22003,0.545,0.470,278.6248483303144
22004,0.545,0.475,276.30236976480063
22005,0.545,0.480,273.9854800179952
22006,0.545,0.485,271.67437371937854
22007,0.545,0.490,269.36924561743666
22008,0.545,0.495,267.0702904814083
22009,0.545,0.500,264.7777030010678
22010,0.545,0.505,262.49167768463707
22011,0.545,0.510,260.2124087549279
22012,0.545,0.515,257.94009004382076
22013,0.545,0.520,255.6749148851975
22014,0.545,0.525,253.41707600644557
22015,0.545,0.530,251.16676541866462
22016,0.545,0.535,248.92417430570856
22017,0.545,0.540,246.68949291220397
22018,0.545,0.545,244.46291043069212
22019,0.545,0.550,242.24461488804695
22020,0.545,0.555,240.034793031327
22021,0.545,0.560,237.83363021322546
22022,0.545,0.565,235.64131027728558
22023,0.545,0.570,233.45801544305553
22024,0.545,0.575,231.28392619135798
22025,0.545,0.580,229.11922114985612
22026,0.545,0.585,226.96407697909893
22027,0.545,0.590,224.81866825923225
22028,0.545,0.595,222.68316737756385
22029,0.545,0.600,220.55774441717205
22030,0.545,0.605,218.4425670467496
22031,0.545,0.610,216.3378004118726
22032,0.545,0.615,214.24360702788752
22033,0.545,0.620,212.1601466746044
22034,0.545,0.625,210.0875762929868
22035,0.545,0.630,208.02604988402405
22036,0.545,0.635,205.97571840997068
22037,0.545,0.640,203.93672969813292
22038,0.545,0.645,201.90922834737967
22039,0.545,0.650,199.89335563754992
22040,0.545,0.655,197.88924944192286
22041,0.545,0.660,195.89704414291342
22042,0.545,0.665,193.91687055114627
22043,0.545,0.670,191.94885582805702
22044,0.545,0.675,189.99312341216108
22045,0.545,0.680,188.04979294912226
22046,0.545,0.685,186.11898022574505
22047,0.545,0.690,184.20079710800584
22048,0.545,0.695,182.29535148322887
22049,0.545,0.700,180.40274720650226
22050,0.545,0.705,178.52308405142153
22051,0.545,0.710,176.65645766523488
22052,0.545,0.715,174.8029595284567
22053,0.545,0.720,172.96267691900283
22054,0.545,0.725,171.1356928808921
22055,0.545,0.730,169.3220861975458
22056,0.545,0.735,167.5219313697074
22057,0.545,0.740,165.7352985979929
22058,0.545,0.745,163.96225377007042
22059,0.545,0.750,162.202858452459
22060,0.545,0.755,160.457169886923
22061,0.545,0.760,158.72524099142962
22062,0.545,0.765,157.00712036562643
22063,0.545,0.770,155.30285230078462
22064,0.545,0.775,153.61247679414518
22065,0.545,0.780,151.93602956759415
22066,0.545,0.785,150.2735420905858
22067,0.545,0.790,148.62504160722145
22068,0.545,0.795,146.99055116738543
22069,0.545,0.800,145.37008966183046
22070,0.545,0.805,143.76367186109775
22071,0.545,0.810,142.17130845814995
22072,0.545,0.815,140.5930061145893
22073,0.545,0.820,139.02876751032593
22074,0.545,0.825,137.47859139655856
22075,0.545,0.830,135.94247265192143
22076,0.545,0.835,134.42040234165063
22077,0.545,0.840,132.91236777961652
22078,0.545,0.845,131.41835259306816
22079,0.545,0.850,129.93833678993025
22080,0.545,0.855,128.47229682849414
22081,0.545,0.860,127.02020568934044
22082,0.545,0.865,125.58203294933118
22083,0.545,0.870,124.15774485750839
22084,0.545,0.875,122.74730441273607
22085,0.545,0.880,121.35067144292317
22086,0.545,0.885,119.96780268566566
22087,0.545,0.890,118.59865187014752
22088,0.545,0.895,117.24316980014217
22089,0.545,0.900,115.90130443795755
22090,0.545,0.905,114.57300098917078
22091,0.545,0.910,113.25820198800135
22092,0.545,0.915,111.95684738317402
22093,0.545,0.920,110.66887462412649
22094,0.545,0.925,109.39421874742031
22095,0.545,0.930,108.13281246321641
22096,0.545,0.935,106.88458624168109
22097,0.545,0.940,105.64946839919159
22098,0.545,0.945,104.427385184214
22099,0.545,0.950,103.21826086273009
22100,0.545,0.955,102.02201780309247
22101,0.545,0.960,100.83857656019163
22102,0.545,0.965,99.66785595881912
22103,0.545,0.970,98.5097731761156
22104,0.545,0.975,97.36424382299117
22105,0.545,0.980,96.23118202440672
22106,0.545,0.985,95.11050049840317
22107,0.545,0.990,94.00211063376173
22108,0.545,0.995,92.9059225661713
22109,0.545,1.000,91.82184525277002
22110,0.550,0.000,496.416195643686
22111,0.550,0.005,494.2198476299244
22112,0.550,0.010,492.01768190399264
22113,0.550,0.015,489.8097366611516
22114,0.550,0.020,487.59605144346574
22115,0.550,0.025,485.37666716147453
22116,0.550,0.030,483.15162611596776
22117,0.550,0.035,480.92097201985695
22118,0.550,0.040,478.6847500201324
22119,0.550,0.045,476.4430067198953
22120,0.550,0.050,474.19579020045313
22121,0.550,0.055,471.94315004346714
22122,0.550,0.060,469.6851373531393
22123,0.550,0.065,467.4218047784251
22124,0.550,0.070,465.15320653525833
22125,0.550,0.075,462.87939842877523
22126,0.550,0.080,460.60043787551814
22127,0.550,0.085,458.3163839256089
22128,0.550,0.090,456.0272972848692
22129,0.550,0.095,453.73324033687436
22130,0.550,0.100,451.4342771649205
22131,0.550,0.105,449.130473573885
22132,0.550,0.110,446.8218971119624
22133,0.550,0.115,444.5086170922526
22134,0.550,0.120,442.1907046141798
22135,0.550,0.125,439.86823258472066
22136,0.550,0.130,437.5412757394159
22137,0.550,0.135,435.20991066314105
22138,0.550,0.140,432.87421581061204
22139,0.550,0.145,430.53427152659583
22140,0.550,0.150,428.19016006580085
22141,0.550,0.155,425.8419656124165
22142,0.550,0.160,423.48977429927197
22143,0.550,0.165,421.1336742265843
22144,0.550,0.170,418.77375548026055
22145,0.550,0.175,416.4101101497246
22146,0.550,0.180,414.04283234522944
22147,0.550,0.185,411.6720182146228
22148,0.550,0.190,409.2977659595275
22149,0.550,0.195,406.9201758508975
22150,0.550,0.200,404.5393502439127
22151,0.550,0.205,402.15539359216945
22152,0.550,0.210,399.76841246112684
22153,0.550,0.215,397.3785155407643
22154,0.550,0.220,394.9858136574079
22155,0.550,0.225,392.59041978467957
22156,0.550,0.230,390.19244905352167
22157,0.550,0.235,387.7920187612513
22158,0.550,0.240,385.3892483795946
22159,0.550,0.245,382.98425956165124
22160,0.550,0.250,380.5771761477388
22161,0.550,0.255,378.1681241700652
22162,0.550,0.260,375.7572318561767
22163,0.550,0.265,373.34462963112657
22164,0.550,0.270,370.93045011831214
22165,0.550,0.275,368.5148281389233
22166,0.550,0.280,366.0979007099473
22167,0.550,0.285,363.6798070406729
22168,0.550,0.290,361.26068852763706
22169,0.550,0.295,358.84068874795696
22170,0.550,0.300,356.4199534509881
22171,0.550,0.305,353.99863054825283
22172,0.550,0.310,351.576870101578
22173,0.550,0.315,349.1548243093865
22174,0.550,0.320,346.73264749108273
22175,0.550,0.325,344.3104960694746
22176,0.550,0.330,341.8885285511753
22177,0.550,0.335,339.4669055049282
22178,0.550,0.340,337.0457895377982
22179,0.550,0.345,334.6253452691752
22180,0.550,0.350,332.20573930253585
22181,0.550,0.355,329.7871401949117
22182,0.550,0.360,327.36971842401186
22183,0.550,0.365,324.95364635295215
22184,0.550,0.370,322.53909819254363
22185,0.550,0.375,320.1262499610949
22186,0.550,0.380,317.7152794416874
22187,0.550,0.385,315.30636613688284
22188,0.550,0.390,312.8996912208271
22189,0.550,0.395,310.4954374887169
22190,0.550,0.400,308.0937893035996
22191,0.550,0.405,305.69493254048047
22192,0.550,0.410,303.2990545277146
22193,0.550,0.415,300.90634398566687
22194,0.550,0.420,298.5169909626261
22195,0.550,0.425,296.1311867679655
22196,0.550,0.430,293.74912390254656
22197,0.550,0.435,291.3709959863675
22198,0.550,0.440,288.9969976834665
22199,0.550,0.445,286.6273246240895
22200,0.550,0.450,284.26217332414825
22201,0.550,0.455,281.90174110198774
22202,0.550,0.460,279.54622599250297
22203,0.550,0.465,277.19582665863834
22204,0.550,0.470,274.8507423003211
22205,0.550,0.475,272.51117256087883
22206,0.550,0.480,270.1773174310052
22207,0.550,0.485,267.84937715033817
22208,0.550,0.490,265.5275521067319
22209,0.550,0.495,263.2120427333004
22210,0.550,0.500,260.90304940332777
22211,0.550,0.505,258.6007723231429
22212,0.550,0.510,256.30541142306396
22213,0.550,0.515,254.017166246529
22214,0.550,0.520,251.73623583753258
22215,0.550,0.525,249.46281862649866
22216,0.550,0.530,247.19711231472695
22217,0.550,0.535,244.939313757555
22218,0.550,0.540,242.68961884638858
22219,0.550,0.545,240.44822238975743
22220,0.550,0.550,238.21531799356003
22221,0.550,0.555,235.99109794066845
22222,0.550,0.560,233.77575307006916
22223,0.550,0.565,231.56947265572128
22224,0.550,0.570,229.3724442853191
22225,0.550,0.575,227.18485373914953
22226,0.550,0.580,225.00688486924062
22227,0.550,0.585,222.83871947899843
22228,0.550,0.590,220.68053720353586
22229,0.550,0.595,218.5325153908958
22230,0.550,0.600,216.39482898437547
22231,0.550,0.605,214.2676504061587
22232,0.550,0.610,212.1511494424641
22233,0.550,0.615,210.04549313041588
22234,0.550,0.620,207.95084564684444
22235,0.550,0.625,205.8673681992216
22236,0.550,0.630,203.79521891893293
22237,0.550,0.635,201.7345527570875
22238,0.550,0.640,199.6855213830609
22239,0.550,0.645,197.6482730859633
22240,0.550,0.650,195.62295267921948
22241,0.550,0.655,193.6097014084417
22242,0.550,0.660,191.60865686277006
22243,0.550,0.665,189.61995288984798
22244,0.550,0.670,187.6437195145926
22245,0.550,0.675,185.68008286191161
22246,0.550,0.680,183.72916508350997
22247,0.550,0.685,181.79108428891868
22248,0.550,0.690,179.86595448087084
22249,0.550,0.695,177.95388549513675
22250,0.550,0.700,176.054982944922
22251,0.550,0.705,174.16934816991895
22252,0.550,0.710,172.29707819009263
22253,0.550,0.715,170.43826566426898
22254,0.550,0.720,168.5929988535826
22255,0.550,0.725,166.76136158982794
22256,0.550,0.730,164.94343324874754
22257,0.550,0.735,163.13928872827626
22258,0.550,0.740,161.348998431751
22259,0.550,0.745,159.57262825608106
22260,0.550,0.750,157.8102395848634
22261,0.550,0.755,156.06188928641495
22262,0.550,0.760,154.32762971668242
22263,0.550,0.765,152.60750872697852
22264,0.550,0.770,150.90156967648272
22265,0.550,0.775,149.2098514494333
22266,0.550,0.780,147.53238847692805
22267,0.550,0.785,145.86921076323944
22268,0.550,0.790,144.22034391654248
22269,0.550,0.795,142.58580918394296
22270,0.550,0.800,140.96562349068543
22271,0.550,0.805,139.35979948341352
22272,0.550,0.810,137.76834557734608
22273,0.550,0.815,136.19126600722674
22274,0.550,0.820,134.62856088189866
22275,0.550,0.825,133.08022624234937
22276,0.550,0.830,131.54625412306655
22277,0.550,0.835,130.02663261654135
22278,0.550,0.840,128.52134594075056
22279,0.550,0.845,127.03037450944858
22280,0.550,0.850,125.55369500509387
22281,0.550,0.855,124.09128045423647
22282,0.550,0.860,122.64310030518855
22283,0.550,0.865,121.20912050780169
22284,0.550,0.870,119.78930359517216
22285,0.550,0.875,118.38360876709768
22286,0.550,0.880,116.9919919751087
22287,0.550,0.885,115.61440600889875
22288,0.550,0.890,114.25080058398045
22289,0.550,0.895,112.90112243039583
22290,0.550,0.900,111.56531538231164
22291,0.550,0.905,110.2433204683341
22292,0.550,0.910,108.9350760023798
22293,0.550,0.915,107.64051767494367
22294,0.550,0.920,106.35957864460804
22295,0.550,0.925,105.0921896296413
22296,0.550,0.930,103.8382789995379
22297,0.550,0.935,102.59777286635605
22298,0.550,0.940,101.37059517571339
22299,0.550,0.945,100.15666779730412
22300,0.550,0.950,98.95591061480638
22301,0.550,0.955,97.76824161504973
22302,0.550,0.960,96.59357697631798
22303,0.550,0.965,95.43183115566245
22304,0.550,0.970,94.28291697510437
22305,0.550,0.975,93.1467457066031
22306,0.550,0.980,92.02322715566663
22307,0.550,0.985,90.91226974347683
22308,0.550,0.990,89.81378058739473
22309,0.550,0.995,88.72766557970127
22310,0.550,1.000,87.65382946441265
22311,0.555,0.000,494.23524634681826
22312,0.555,0.005,492.02475792091667
22313,0.555,0.010,489.8083562811468
22314,0.555,0.015,487.5860794883468
22315,0.555,0.020,485.35796697109606
22316,0.555,0.025,483.12405954818644
22317,0.555,0.030,480.8843994512188
22318,0.555,0.035,478.63903034731584
22319,0.555,0.040,476.38799736194176
22320,0.555,0.045,474.131347101818
22321,0.555,0.050,471.8691276779237
22322,0.555,0.055,469.60138872857067
22323,0.555,0.060,467.3281814425378
22324,0.555,0.065,465.0495585822548
22325,0.555,0.070,462.7655745070199
22326,0.555,0.075,460.47628519623703
22327,0.555,0.080,458.18174827265784
22328,0.555,0.085,455.8820230256125
22329,0.555,0.090,453.57717043421155
22330,0.555,0.095,451.2672531905026
22331,0.555,0.100,448.952335722562
22332,0.555,0.105,446.6324842175028
22333,0.555,0.110,444.3077666443783
22334,0.555,0.115,441.97825277696023
22335,0.555,0.120,439.6440142163691
22336,0.555,0.125,437.3051244135332
22337,0.555,0.130,434.96165869145227
22338,0.555,0.135,432.6136942672409
22339,0.555,0.140,430.26131027392404
22340,0.555,0.145,427.9045877819585
22341,0.555,0.150,425.5436098204506
22342,0.555,0.155,423.17846139804084
22343,0.555,0.160,420.80922952342456
22344,0.555,0.165,418.4360032254762
22345,0.555,0.170,416.0588735729435
22346,0.555,0.175,413.67793369367826
22347,0.555,0.180,411.29327879336535
22348,0.555,0.185,408.90500617371583
22349,0.555,0.190,406.5132152500836
22350,0.555,0.195,404.1180075684657
22351,0.555,0.200,401.7194868218476
22352,0.555,0.205,399.3177588658475
22353,0.555,0.210,396.91293173361987
22354,0.555,0.215,394.5051156499697
22355,0.555,0.220,392.094423044634
22356,0.555,0.225,389.68096856468134
22357,0.555,0.230,387.26486908598014
22358,0.555,0.235,384.84624372368796
22359,0.555,0.240,382.4252138417076
22360,0.555,0.245,380.00190306105895
22361,0.555,0.250,377.5764372671127
22362,0.555,0.255,375.1489446156299
22363,0.555,0.260,372.7195555375527
22364,0.555,0.265,370.2884027424888
22365,0.555,0.270,367.85562122082956
22366,0.555,0.275,365.42134824444605
22367,0.555,0.280,362.98572336590047
22368,0.555,0.285,360.5488884161128
22369,0.555,0.290,358.11098750042214
22370,0.555,0.295,355.6721669929795
22371,0.555,0.300,353.2325755294106
22372,0.555,0.305,350.7923639976854
22373,0.555,0.310,348.3516855271298
22374,0.555,0.315,345.91069547551973
22375,0.555,0.320,343.46955141419045
22376,0.555,0.325,341.0284131111012
22377,0.555,0.330,338.58744251178945
22378,0.555,0.335,336.1468037181564
22379,0.555,0.340,333.7066629650179
22380,0.555,0.345,331.2671885943646
22381,0.555,0.350,328.82855102726745
22382,0.555,0.355,326.3909227333754
22383,0.555,0.360,323.95447819794276
22384,0.555,0.365,321.51939388633775
22385,0.555,0.370,319.0858482059745
22386,0.555,0.375,316.65402146562053
22387,0.555,0.380,314.22409583203114
22388,0.555,0.385,311.7962552838658
22389,0.555,0.390,309.3706855628435
22390,0.555,0.395,306.94757412210134
22391,0.555,0.400,304.5271100717163
22392,0.555,0.405,302.1094841213653
22393,0.555,0.410,299.69488852009124
22394,0.555,0.415,297.2835169931572
22395,0.555,0.420,294.8755646759685
22396,0.555,0.425,292.47122804505153
22397,0.555,0.430,290.07070484608363
22398,0.555,0.435,287.67419401897087
22399,0.555,0.440,285.2818956199813
22400,0.555,0.445,282.8940107409424
22401,0.555,0.450,280.5107414255242
22402,0.555,0.455,278.1322905826285
22403,0.555,0.460,275.7588618969211
22404,0.555,0.465,273.39065973654203
22405,0.555,0.470,271.02788905804414
22406,0.555,0.475,268.670755308612
22407,0.555,0.480,266.31946432562637
22408,0.555,0.485,263.97422223364225
22409,0.555,0.490,261.6352353388621
22410,0.555,0.495,259.30271002119053
22411,0.555,0.500,256.9768526239653
22412,0.555,0.505,254.65786934147087
22413,0.555,0.510,252.34596610434585
22414,0.555,0.515,250.0413484630059
22415,0.555,0.520,247.74422146921265
22416,0.555,0.525,245.45478955592458
22417,0.555,0.530,243.17325641557844
22418,0.555,0.535,240.89982487695366
22419,0.555,0.540,238.63469678078224
22420,0.555,0.545,236.3780728542737
22421,0.555,0.550,234.1301525847317
22422,0.555,0.555,231.89113409244584
22423,0.555,0.560,229.6612140030489
22424,0.555,0.565,227.44058731953584
22425,0.555,0.570,225.2294472941458
22426,0.555,0.575,223.0279853003151
22427,0.555,0.580,220.8363907049115
22428,0.555,0.585,218.6548507409662
22429,0.555,0.590,216.48355038112223
22430,0.555,0.595,214.32267221202042
22431,0.555,0.600,212.1723963098476
22432,0.555,0.605,210.0329001172708
22433,0.555,0.610,207.90435832198423
22434,0.555,0.615,205.78694273709402
22435,0.555,0.620,203.68082218356605
22436,0.555,0.625,201.58616237495843
22437,0.555,0.630,199.50312580466132
22438,0.555,0.635,197.4318716358595
22439,0.555,0.640,195.37255559443233
22440,0.555,0.645,193.32532986499893
22441,0.555,0.650,191.29034299031196
22442,0.555,0.655,189.26773977419614
22443,0.555,0.660,187.25766118822173
22444,0.555,0.665,185.26024428229385
22445,0.555,0.670,183.27562209933168
22446,0.555,0.675,181.30392359420108
22447,0.555,0.680,179.3452735570551
22448,0.555,0.685,177.3997925412263
22449,0.555,0.690,175.46759679580362
22450,0.555,0.695,173.54879820301608
22451,0.555,0.700,171.6435042205318
22452,0.555,0.705,169.75181782877127
22453,0.555,0.710,167.87383748331808
22454,0.555,0.715,166.0096570725004
22455,0.555,0.720,164.15936588020165
22456,0.555,0.725,162.32304855394477
22457,0.555,0.730,160.50078507828445
22458,0.555,0.735,158.6926507535234
22459,0.555,0.740,156.89871617976013
22460,0.555,0.745,155.11904724625833
22461,0.555,0.750,153.35370512611803
22462,0.555,0.755,151.60274627621263
22463,0.555,0.760,149.86622244234556
22464,0.555,0.765,148.14418066956668
22465,0.555,0.770,146.43666331757598
22466,0.555,0.775,144.74370808113133
22467,0.555,0.780,143.06534801536543
22468,0.555,0.785,141.4016115659055
22469,0.555,0.790,139.75252260368
22470,0.555,0.795,138.11810046428644
22471,0.555,0.800,136.49835999178484
22472,0.555,0.805,134.89331158677348
22473,0.555,0.810,133.3029612585953
22474,0.555,0.815,131.72731068151597
22475,0.555,0.820,130.1663572547081
22476,0.555,0.825,128.62009416587074
22477,0.555,0.830,127.08851045830711
22478,0.555,0.835,125.57159110127957
22479,0.555,0.840,124.06931706345704
22480,0.555,0.845,122.58166538926682
22481,0.555,0.850,121.10860927796018
22482,0.555,0.855,119.65011816519936
22483,0.555,0.860,118.20615780697236
22484,0.555,0.865,116.77669036564197
22485,0.555,0.870,115.36167449793432
22486,0.555,0.875,113.96106544467425
22487,0.555,0.880,112.5748151220748
22488,0.555,0.885,111.20287221439102
22489,0.555,0.890,109.84518226774927
22490,0.555,0.895,108.50168778496655
22491,0.555,0.900,107.17232832117769
22492,0.555,0.905,105.85704058009061
22493,0.555,0.910,104.55575851069472
22494,0.555,0.915,103.26841340425055
22495,0.555,0.920,101.99493399139394
22496,0.555,0.925,100.73524653919088
22497,0.555,0.930,99.48927494798554
22498,0.555,0.935,98.25694084788641
22499,0.555,0.940,97.03816369474123
22500,0.555,0.945,95.83286086545456
22501,0.555,0.950,94.64094775250625
22502,0.555,0.955,93.46233785753184
22503,0.555,0.960,92.29694288382854
22504,0.555,0.965,91.14467282765217
22505,0.555,0.970,90.00543606817087
22506,0.555,0.975,88.8791394559391
22507,0.555,0.980,87.7656883997529
22508,0.555,0.985,86.66498695173937
22509,0.555,0.990,85.57693789052324
22510,0.555,0.995,84.50144280229668
22511,0.555,1.000,83.43840215959449
22512,0.560,0.000,492.04008865846026
22513,0.560,0.005,489.8152520372267
22514,0.560,0.010,487.58440358842387
22515,0.560,0.015,485.34758119792906
22516,0.560,0.020,483.10482414019486
22517,0.560,0.025,480.8561731015465
22518,0.560,0.030,478.6016702036249
22519,0.560,0.035,476.3413590269706
22520,0.560,0.040,474.0752846347353
22521,0.560,0.045,471.80349359651314
22522,0.560,0.050,469.5260340122802
22523,0.560,0.055,467.24295553643066
22524,0.560,0.060,464.95430940189766
22525,0.560,0.065,462.6601484443463
22526,0.560,0.070,460.3605271264242
22527,0.560,0.075,458.0555015620572
22528,0.560,0.080,455.7451295407726
22529,0.560,0.085,453.42947055203615
22530,0.560,0.090,451.1085858095851
22531,0.560,0.095,448.78253827573906
22532,0.560,0.100,446.45139268567107
22533,0.560,0.105,444.11521557161973
22534,0.560,0.110,441.7740752870201
22535,0.560,0.115,439.42804203053316
22536,0.560,0.120,437.0771878699523
22537,0.560,0.125,434.7215867659605
22538,0.560,0.130,432.3613145957164
22539,0.560,0.135,429.9964491762419
22540,0.560,0.140,427.6270702875847
22541,0.560,0.145,425.25325969572737
22542,0.560,0.150,422.87510117521526
22543,0.560,0.155,420.4926805314699
22544,0.560,0.160,418.1060856227584
22545,0.560,0.165,415.71540638178544
22546,0.560,0.170,413.3207348368719
22547,0.560,0.175,410.92216513268653
22548,0.560,0.180,408.51979355049156
22549,0.560,0.185,406.11371852786533
22550,0.560,0.190,403.7040406778614
22551,0.560,0.195,401.290862807562
22552,0.560,0.200,398.874289935985
22553,0.560,0.205,396.45442931129816
22554,0.560,0.210,394.03139042729646
22555,0.560,0.215,391.6052850390947
22556,0.560,0.220,389.1762271779871
22557,0.560,0.225,386.74433316542365
22558,0.560,0.230,384.30972162605246
22559,0.560,0.235,381.8725134997737
22560,0.560,0.240,379.4328320527531
22561,0.560,0.245,376.9908028873367
22562,0.560,0.250,374.54655395081244
22563,0.560,0.255,372.1002155429583
22564,0.560,0.260,369.65192032231784
22565,0.560,0.265,367.2018033111427
22566,0.560,0.270,364.7500018989399
22567,0.560,0.275,362.2966558445595
22568,0.560,0.280,359.841907276761
22569,0.560,0.285,357.38590069319014
22570,0.560,0.290,354.92878295770237
22571,0.560,0.295,352.47070329596556
22572,0.560,0.300,350.0118132892733
22573,0.560,0.305,347.552266866503
22574,0.560,0.310,345.0922202941474
22575,0.560,0.315,342.6318321643543
22576,0.560,0.320,340.1712633809017
22577,0.560,0.325,337.71067714304263
22578,0.560,0.330,335.25023892715
22579,0.560,0.335,332.7901164660932
22580,0.560,0.340,330.3304797262778
22581,0.560,0.345,327.8715008822846
22582,0.560,0.350,325.41335428903784
22583,0.560,0.355,322.9562164514434
22584,0.560,0.360,320.500265991428
22585,0.560,0.365,318.0456836123239
22586,0.560,0.370,315.59265206053556
22587,0.560,0.375,313.141356084434
22588,0.560,0.380,310.6919823904228
22589,0.560,0.385,308.24471959612674
22590,0.560,0.390,305.7997581806507
22591,0.560,0.395,303.35729043186967
22592,0.560,0.400,300.91751039070357
22593,0.560,0.405,298.48061379234406
22594,0.560,0.410,296.0467980043992
22595,0.560,0.415,293.61626196192907
22596,0.560,0.420,291.18920609935
22597,0.560,0.425,288.76583227919053
22598,0.560,0.430,286.34634371768925
22599,0.560,0.435,283.93094490722746
22600,0.560,0.440,281.51984153560096
22601,0.560,0.445,279.1132404021376
22602,0.560,0.450,276.71134933067793
22603,0.560,0.455,274.3143770794397
22604,0.560,0.460,271.9225332478001
22605,0.560,0.465,269.5360281800315
22606,0.560,0.470,267.15507286604054
22607,0.560,0.475,264.7798788391635
22608,0.560,0.480,262.41065807108447
22609,0.560,0.485,260.04762286394794
22610,0.560,0.490,257.69098573974884
22611,0.560,0.495,255.34095932709135
22612,0.560,0.500,252.99775624541587
22613,0.560,0.505,250.6615889868068
22614,0.560,0.510,248.33266979549754
22615,0.560,0.515,246.01121054520365
22616,0.560,0.520,243.69742261442116
22617,0.560,0.525,241.3915167598377
22618,0.560,0.530,239.09370298801255
22619,0.560,0.535,236.8041904254915
22620,0.560,0.540,234.52318718752937
22621,0.560,0.545,232.25090024560419
22622,0.560,0.550,229.9875352939116
22623,0.560,0.555,227.73329661503968
22624,0.560,0.560,225.4883869450274
22625,0.560,0.565,223.25300733802143
22626,0.560,0.570,221.02735703074794
22627,0.560,0.575,218.81163330702492
22628,0.560,0.580,216.6060313625442
22629,0.560,0.585,214.4107441701571
22630,0.560,0.590,212.22596234590264
22631,0.560,0.595,210.05187401601745
22632,0.560,0.600,207.88866468517318
22633,0.560,0.605,205.73651710618438
22634,0.560,0.610,203.59561115143407
22635,0.560,0.615,201.46612368626202
22636,0.560,0.620,199.34822844456104
22637,0.560,0.625,197.2420959068239
22638,0.560,0.630,195.1478931808816
22639,0.560,0.635,193.06578388557006
22640,0.560,0.640,190.9959280375573
22641,0.560,0.645,188.93848194155814
22642,0.560,0.650,186.89359808415844
22643,0.560,0.655,184.86142503146135
22644,0.560,0.660,182.8421073307629
22645,0.560,0.665,180.83578541645383
22646,0.560,0.670,178.84259552033555
22647,0.560,0.675,176.86266958652868
22648,0.560,0.680,174.89613519114042
22649,0.560,0.685,172.94311546684642
22650,0.560,0.690,171.00372903253057
22651,0.560,0.695,169.07808992811317
22652,0.560,0.700,167.1663075546848
22653,0.560,0.705,165.26848662004969
22654,0.560,0.710,163.38472708976823
22655,0.560,0.715,161.51512414377464
22656,0.560,0.720,159.65976813862954
22657,0.560,0.725,157.81874457545467
22658,0.560,0.730,155.99213407358044
22659,0.560,0.735,154.18001234992295
22660,0.560,0.740,152.3824502040916
22661,0.560,0.745,150.599513509215
22662,0.560,0.750,148.8312632084561
22663,0.560,0.755,147.07775531717527
22664,0.560,0.760,145.3390409306848
22665,0.560,0.765,143.61516623752456
22666,0.560,0.770,141.9061725381756
22667,0.560,0.775,140.21209626911545
22668,0.560,0.780,138.5329690321066
22669,0.560,0.785,136.8688176285975
22670,0.560,0.790,135.2196640991049
22671,0.560,0.795,133.58552576743463
22672,0.560,0.800,131.96641528958978
22673,0.560,0.805,130.36234070720388
22674,0.560,0.810,128.77330550533048
22675,0.560,0.815,127.19930867441077
22676,0.560,0.820,125.6403447762355
22677,0.560,0.825,124.09640401371013
22678,0.560,0.830,122.56747230422762
22679,0.560,0.835,121.05353135644825
22680,0.560,0.840,119.55455875028123
22681,0.560,0.845,118.07052801986184
22682,0.560,0.850,116.60140873931292
22683,0.560,0.855,115.14716661107983
22684,0.560,0.860,113.70776355662635
22685,0.560,0.865,112.28315780927868
22686,0.560,0.870,110.87330400900547
22687,0.560,0.875,109.47815329892295
22688,0.560,0.880,108.09765342331515
22689,0.560,0.885,106.7317488269626
22690,0.560,0.890,105.38038075557465
22691,0.560,0.895,104.04348735712433
22692,0.560,0.900,102.72100378388794
22693,0.560,0.905,101.41286229499597
22694,0.560,0.910,100.11899235930564
22695,0.560,0.915,98.83932075841088
22696,0.560,0.920,97.57377168960892
22697,0.560,0.925,96.32226686864914
22698,0.560,0.930,95.08472563209277
22699,0.560,0.935,93.86106503911903
22700,0.560,0.940,92.65119997261546
22701,0.560,0.945,91.45504323939626
22702,0.560,0.950,90.27250566939517
22703,0.560,0.955,89.10349621368248
22704,0.560,0.960,87.94792204115772
22705,0.560,0.965,86.8056886337703
22706,0.560,0.970,85.67669988011858
22707,0.560,0.975,84.56085816727455
22708,0.560,0.980,83.45806447067393
22709,0.560,0.985,82.3682184419008
22710,0.560,0.990,81.29121849417808
22711,0.560,0.995,80.22696188535123
22712,0.560,1.000,79.17534479811718
22713,0.565,0.000,489.83071753533704
22714,0.565,0.005,487.59132158472573
22715,0.565,0.010,485.3458119699904
22716,0.565,0.015,483.09422635856913
22717,0.565,0.020,480.836603827146
22718,0.565,0.025,478.57298488579795
22719,0.565,0.030,476.30341150231317
22720,0.565,0.035,474.0279271266726
22721,0.565,0.040,471.74657671568417
22722,0.565,0.045,469.4594067577616
22723,0.565,0.050,467.1664652978359
22724,0.565,0.055,464.86780196238874
22725,0.565,0.060,462.56346798459714
22726,0.565,0.065,460.25351622957504
22727,0.565,0.070,457.93800121969895
22728,0.565,0.075,455.6169791600055
22729,0.565,0.080,453.2905079636423
22730,0.565,0.085,450.9586472773599
22731,0.565,0.090,448.621458507026
22732,0.565,0.095,446.279004843145
22733,0.565,0.100,443.93135128636425
22734,0.565,0.105,441.57856467294806
22735,0.565,0.110,439.2207137001977
22736,0.565,0.115,436.8578689517972
22737,0.565,0.120,434.49010292306104
22738,0.565,0.125,432.11749004606105
22739,0.565,0.130,429.7401067146068
22740,0.565,0.135,427.35803130905316
22741,0.565,0.140,424.97134422090926
22742,0.565,0.145,422.58012787721765
22743,0.565,0.150,420.1844667646765
22744,0.565,0.155,417.7844474534714
22745,0.565,0.160,415.38015862078555
22746,0.565,0.165,412.971691073954
22747,0.565,0.170,410.5591377732257
22748,0.565,0.175,408.14259385409855
22749,0.565,0.180,405.72215664918673
22750,0.565,0.185,403.2979257095819
22751,0.565,0.190,400.8700028256675
22752,0.565,0.195,398.43849204734084
22753,0.565,0.200,396.0034997036019
22754,0.565,0.205,393.56513442145916
22755,0.565,0.210,391.1235071441082
22756,0.565,0.215,388.6787311483312
22757,0.565,0.220,386.23092206106816
22758,0.565,0.225,383.78019787510635
22759,0.565,0.230,381.3266789638343
22760,0.565,0.235,378.8704880950048
22761,0.565,0.240,376.4117504434494
22762,0.565,0.245,373.95059360268505
22763,0.565,0.250,371.4871475953535
22764,0.565,0.255,369.021544882431
22765,0.565,0.260,366.553920371144
22766,0.565,0.265,364.0844114215279
22767,0.565,0.270,361.6131578515606
22768,0.565,0.275,359.1403019408052
22769,0.565,0.280,356.66598843249113
22770,0.565,0.285,354.1903645339647
22771,0.565,0.290,351.7135799154395
22772,0.565,0.295,349.2357867069704
22773,0.565,0.300,346.7571394935837
22774,0.565,0.305,344.27779530848574
22775,0.565,0.310,341.7979136242766
22776,0.565,0.315,339.31765634209654
22777,0.565,0.320,336.8371877786261
22778,0.565,0.325,334.35667465086885
22779,0.565,0.330,331.87628605863847
22780,0.565,0.335,329.3961934646783
22781,0.565,0.340,326.9165706723353
22782,0.565,0.345,324.4375938007198
22783,0.565,0.350,321.9594412572728
22784,0.565,0.355,319.4822937076735
22785,0.565,0.360,317.0063340430149
22786,0.565,0.365,314.53174734417973
22787,0.565,0.370,312.05872084335033
22788,0.565,0.375,309.5874438825878
22789,0.565,0.380,307.11810786942
22790,0.565,0.385,304.6509062293791
22791,0.565,0.390,302.1860343554339
22792,0.565,0.395,299.72368955426515
22793,0.565,0.400,297.2640709893363
22794,0.565,0.405,294.807379620717
22795,0.565,0.410,292.35381814161934
22796,0.565,0.415,289.90359091161594
22797,0.565,0.420,287.45690388650905
22798,0.565,0.425,285.0139645448304
22799,0.565,0.430,282.57498181095656
22800,0.565,0.435,280.1401659748273
22801,0.565,0.440,277.7097286082694
22802,0.565,0.445,275.2838824779259
22803,0.565,0.450,272.862841454808
22804,0.565,0.455,270.44682042048714
22805,0.565,0.460,268.0360351699586
22806,0.565,0.465,265.6307023112126
22807,0.565,0.470,263.2310391615619
22808,0.565,0.475,260.83726364077984
22809,0.565,0.480,258.4495941611161
22810,0.565,0.485,256.0682495142649
22811,0.565,0.490,253.69344875537053
22812,0.565,0.495,251.32541108416726
22813,0.565,0.500,248.96435572335693
22814,0.565,0.505,246.61050179434264
22815,0.565,0.510,244.26406819044314
22816,0.565,0.515,241.92527344772563
22817,0.565,0.520,239.59433561360348
22818,0.565,0.525,237.27147211335702
22819,0.565,0.530,234.95689961474383
22820,0.565,0.535,232.65083389087675
22821,0.565,0.540,230.3534896815563
22822,0.565,0.545,228.06508055325415
22823,0.565,0.550,225.785818757953
22824,0.565,0.555,223.51591509105725
22825,0.565,0.560,221.25557874859678
22826,0.565,0.565,219.00501718395398
22827,0.565,0.570,216.76443596435107
22828,0.565,0.575,214.5340386273416
22829,0.565,0.580,212.3140265375557
22830,0.565,0.585,210.10459874395366
22831,0.565,0.590,207.90595183784743
22832,0.565,0.595,205.71827981195182
22833,0.565,0.600,203.5417739207318
22834,0.565,0.605,201.37662254231282
22835,0.565,0.610,199.2230110422221
22836,0.565,0.615,197.08112163922962
22837,0.565,0.620,194.95113327355642
22838,0.565,0.625,192.83322147771455
22839,0.565,0.630,190.72755825024268
22840,0.565,0.635,188.6343119325951
22841,0.565,0.640,186.55364708943813
22842,0.565,0.645,184.48572439260198
22843,0.565,0.650,182.43070050892914
22844,0.565,0.655,180.38872799225283
22845,0.565,0.660,178.35995517972924
22846,0.565,0.665,176.34452609273964
22847,0.565,0.670,174.34258034256618
22848,0.565,0.675,172.35425304103399
22849,0.565,0.680,170.37967471630142
22850,0.565,0.685,168.41897123396612
22851,0.565,0.690,166.4722637236411
22852,0.565,0.695,164.53966851114177
22853,0.565,0.700,162.62129705640936
22854,0.565,0.705,160.71725589728115
22855,0.565,0.710,158.82764659920244
22856,0.565,0.715,156.95256571095942
22857,0.565,0.720,155.09210472649548
22858,0.565,0.725,153.2463500528572
22859,0.565,0.730,151.41538298430038
22860,0.565,0.735,149.59927968256875
22861,0.565,0.740,147.7981111633431
22862,0.565,0.745,146.01194328884043
22863,0.565,0.750,144.24083676652813
22864,0.565,0.755,142.48484715390154
22865,0.565,0.760,140.74402486925746
22866,0.565,0.765,139.01841520838218
22867,0.565,0.770,137.30805836705622
22868,0.565,0.775,135.61298946926573
22869,0.565,0.780,133.93323860099574
22870,0.565,0.785,132.2688308494676
22871,0.565,0.790,130.61978634767183
22872,0.565,0.795,128.9861203240347
22873,0.565,0.800,127.36784315704733
22874,0.565,0.805,125.76496043467577
22875,0.565,0.810,124.17747301836116
22876,0.565,0.815,122.6053771114117
22877,0.565,0.820,121.04866433158006
22878,0.565,0.825,119.50732178761356
22879,0.565,0.830,117.9813321595592
22880,0.565,0.835,116.47067378260056
22881,0.565,0.840,114.97532073419973
22882,0.565,0.845,113.49524292431481
22883,0.565,0.850,112.03040618846089
22884,0.565,0.855,110.58077238338097
22885,0.565,0.860,109.14629948509388
22886,0.565,0.865,107.72694168908463
22887,0.565,0.870,106.32264951240516
22888,0.565,0.875,104.93336989745413
22889,0.565,0.880,103.55904631720715
22890,0.565,0.885,102.19961888167114
22891,0.565,0.890,100.85502444534082
22892,0.565,0.895,99.52519671543803
22893,0.565,0.900,98.21006636071994
22894,0.565,0.905,96.90956112064646
22895,0.565,0.910,95.6236059147019
22896,0.565,0.915,94.35212295167159
22897,0.565,0.920,93.09503183867945
22898,0.565,0.925,91.85224968979733
22899,0.565,0.930,90.62369123404304
22900,0.565,0.935,89.40926892258834
22901,0.565,0.940,88.20889303500341
22902,0.565,0.945,87.0224717843683
22903,0.565,0.950,85.84991142108493
22904,0.565,0.955,84.69111633522621
22905,0.565,0.960,83.54598915725904
22906,0.565,0.965,82.41443085697699
22907,0.565,0.970,81.29634084047564
22908,0.565,0.975,80.19161704499477
22909,0.565,0.980,79.10015603144211
22910,0.565,0.985,78.0218530743941
22911,0.565,0.990,76.95660224934474
22912,0.565,0.995,75.90429651693665
22913,0.565,1.000,74.86482780385788
22914,0.570,0.000,487.60713967590806
22915,0.570,0.005,485.352969957686
22916,0.570,0.010,483.0925814022597
22917,0.570,0.015,480.8260114120437
22918,0.570,0.020,478.5532988191374
22919,0.570,0.025,476.274483910348
22920,0.570,0.030,473.989608452409
22921,0.570,0.035,471.6987157173879
22922,0.570,0.040,469.4018505082729
22923,0.570,0.045,467.09905918473044
22924,0.570,0.050,464.79038968902245
22925,0.570,0.055,462.4758915720736
22926,0.570,0.060,460.1556160196757
22927,0.570,0.065,457.8296158788189
22928,0.570,0.070,455.49794568413483
22929,0.570,0.075,453.16066168443956
22930,0.570,0.080,450.8178218693597
22931,0.570,0.085,448.469485996028
22932,0.570,0.090,446.1157156158319
22933,0.570,0.095,443.7565741011948
22934,0.570,0.100,441.39212667237643
22935,0.570,0.105,439.02244042426804
22936,0.570,0.110,436.647584353165
22937,0.570,0.115,434.26762938349447
22938,0.570,0.120,431.88264839447515
22939,0.570,0.125,429.49271624668404
22940,0.570,0.130,427.09790980850806
22941,0.570,0.135,424.6983079824512
22942,0.570,0.140,422.29399173127007
22943,0.570,0.145,419.88504410391135
22944,0.570,0.150,417.4715502612158
22945,0.570,0.155,415.05359750136233
22946,0.570,0.160,412.6312752850153
22947,0.570,0.165,410.2046752601409
22948,0.570,0.170,407.7738912864576
22949,0.570,0.175,405.3390194594816
22950,0.570,0.180,402.9001581341275
22951,0.570,0.185,400.4574079478243
22952,0.570,0.190,398.0108718431041
22953,0.570,0.195,395.56065508961547
22954,0.570,0.200,393.1068653055221
22955,0.570,0.205,390.6496124782312
22956,0.570,0.210,388.18900898440836
22957,0.570,0.215,385.72516960922223
22958,0.570,0.220,383.2582115647709
22959,0.570,0.225,380.78825450762963
22960,0.570,0.230,378.315420555468
22961,0.570,0.235,375.8398343026741
22962,0.570,0.240,373.3616228349277
22963,0.570,0.245,370.8809157426587
22964,0.570,0.250,368.39784513332864
22965,0.570,0.255,365.91254564246685
22966,0.570,0.260,363.4251544433972
22967,0.570,0.265,360.935811255584
22968,0.570,0.270,358.4446583515266
22969,0.570,0.275,355.95184056213196
22970,0.570,0.280,353.4575052804902
22971,0.570,0.285,350.96180246397836
22972,0.570,0.290,348.4648846346159
22973,0.570,0.295,345.96690687759525
22974,0.570,0.300,343.4680268379075
22975,0.570,0.305,340.96840471498444
22976,0.570,0.310,338.46820325527557
22977,0.570,0.315,335.96758774268113
22978,0.570,0.320,333.4667259867558
22979,0.570,0.325,330.9657883086055
22980,0.570,0.330,328.46494752439145
22981,0.570,0.335,325.9643789263619
22982,0.570,0.340,323.46426026132815
22983,0.570,0.345,320.9647717065057
22984,0.570,0.350,318.4660958426373
22985,0.570,0.355,315.96841762432183
22986,0.570,0.360,313.4719243474678
22987,0.570,0.365,310.9768056137985
22988,0.570,0.370,308.48325329233097
22989,0.570,0.375,305.99146147776
22990,0.570,0.380,303.50162644567484
22991,0.570,0.385,301.01394660454474
22992,0.570,0.390,298.52862244440814
22993,0.570,0.395,296.0458564822078
22994,0.570,0.400,293.56585320371585
22995,0.570,0.405,291.0888190019979
22996,0.570,0.410,288.6149621123717
22997,0.570,0.415,286.14449254381884
22998,0.570,0.420,283.6776220068152
22999,0.570,0.425,281.2145638375527
23000,0.570,0.430,278.75553291852987
23001,0.570,0.435,276.3007455954959
23002,0.570,0.440,273.8504195907442
23003,0.570,0.445,271.40477391275135
23004,0.570,0.450,268.9640287621759
23005,0.570,0.455,266.52840543422997
23006,0.570,0.460,264.09812621745516
23007,0.570,0.465,261.67341428893474
23008,0.570,0.470,259.25449360599237
23009,0.570,0.475,256.8415887944302
23010,0.570,0.480,254.43492503337612
23011,0.570,0.485,252.03472793681522
23012,0.570,0.490,249.64122343189564
23013,0.570,0.495,247.2546376341077
23014,0.570,0.500,244.87519671944622
23015,0.570,0.505,242.50312679368054
23016,0.570,0.510,240.1386537588638
23017,0.570,0.515,237.782003177228
23018,0.570,0.520,235.43340013262144
23019,0.570,0.525,233.09306908965618
23020,0.570,0.530,230.76123375074616
23021,0.570,0.535,228.4381169112251
23022,0.570,0.540,226.1239403127469
23023,0.570,0.545,223.81892449517952
23024,0.570,0.550,221.52328864721542
23025,0.570,0.555,219.23725045592914
23026,0.570,0.560,216.96102595552443
23027,0.570,0.565,214.69482937551996
23028,0.570,0.570,212.43887298863118
23029,0.570,0.575,210.1933669586143
23030,0.570,0.580,207.95851918834356
23031,0.570,0.585,205.7345351683997
23032,0.570,0.590,203.52161782645268
23033,0.570,0.595,201.31996737772477
23034,0.570,0.600,199.12978117682437
23035,0.570,0.605,196.95125357124326
23036,0.570,0.610,194.7845757568095
23037,0.570,0.615,192.6299356353906
23038,0.570,0.620,190.487517675139
23039,0.570,0.625,188.35750277357013
23040,0.570,0.630,186.24006812376106
23041,0.570,0.635,184.13538708395237
23042,0.570,0.640,182.04362905083076
23043,0.570,0.645,179.96495933676448
23044,0.570,0.650,177.89953905125367
23045,0.570,0.655,175.8475249868523
23046,0.570,0.660,173.80906950980508
23047,0.570,0.665,171.78432045563517
23048,0.570,0.670,169.7734210299044
23049,0.570,0.675,167.77650971435625
23050,0.570,0.680,165.79372017863807
23051,0.570,0.685,163.82518119778453
23052,0.570,0.690,161.87101657562891
23053,0.570,0.695,159.93134507429355
23054,0.570,0.700,158.00628034989373
23055,0.570,0.705,156.09593089457314
23056,0.570,0.710,154.20039998497043
23057,0.570,0.715,152.31978563719966
23058,0.570,0.720,150.45418056840896
23059,0.570,0.725,148.60367216496286
23060,0.570,0.730,146.76834245727665
23061,0.570,0.735,144.94826810131164
23062,0.570,0.740,143.1435203667218
23063,0.570,0.745,141.35416513162548
23064,0.570,0.750,139.58026288395598
23065,0.570,0.755,137.82186872932888
23066,0.570,0.760,136.07903240534563
23067,0.570,0.765,134.3517983022373
23068,0.570,0.770,132.64020548973517
23069,0.570,0.775,130.9442877500401
23070,0.570,0.780,129.2640736167473
23071,0.570,0.785,127.59958641956966
23072,0.570,0.790,125.95084433468888
23073,0.570,0.795,124.31786044055123
23074,0.570,0.800,122.70064277891436
23075,0.570,0.805,121.09919442093877
23076,0.570,0.810,119.5135135381106
23077,0.570,0.815,117.94359347777103
23078,0.570,0.820,116.38942284302189
23079,0.570,0.825,114.85098557676925
23080,0.570,0.830,113.32826104966118
23081,0.570,0.835,111.82122415167164
23082,0.570,0.840,110.32984538707765
23083,0.570,0.845,108.85409097257522
23084,0.570,0.850,107.39392293827682
23085,0.570,0.855,105.94929923133239
23086,0.570,0.860,104.52017382191572
23087,0.570,0.865,103.10649681131936
23088,0.570,0.870,101.70821454190165
23089,0.570,0.875,100.32526970863252
23090,0.570,0.880,98.9576014719876
23091,0.570,0.885,97.60514557194371
23092,0.570,0.890,96.26783444283242
23093,0.570,0.895,94.94559732881444
23094,0.570,0.900,93.6383603997411
23095,0.570,0.905,92.34604686717591
23096,0.570,0.910,91.06857710035446
23097,0.570,0.915,89.80586874186672
23098,0.570,0.920,88.55783682285224
23099,0.570,0.925,87.32439387750456
23100,0.570,0.930,86.10545005668641
23101,0.570,0.935,84.90091324046358
23102,0.570,0.940,83.71068914936947
23103,0.570,0.945,82.53468145421647
23104,0.570,0.950,81.37279188427333
23105,0.570,0.955,80.22492033362892
23106,0.570,0.960,79.09096496556216
23107,0.570,0.965,77.97082231473419
23108,0.570,0.970,76.86438738701237
23109,0.570,0.975,75.77155375672362
23110,0.570,0.980,74.69221366111672
23111,0.570,0.985,73.62625809178712
23112,0.570,0.990,72.57357688278003
23113,0.570,0.995,71.53405879503539
23114,0.570,1.000,70.50759159676574
23115,0.575,0.000,485.36937449021303
23116,0.575,0.005,483.1002133222732
23117,0.575,0.010,480.82472469114856
23118,0.575,0.015,478.5429456843677
23119,0.575,0.020,476.2549148392788
23120,0.575,0.025,473.9606721689712
23121,0.575,0.030,471.6602591884206
23122,0.575,0.035,469.3537189408499
23123,0.575,0.040,467.04109602429844
23124,0.575,0.045,464.72243661838917
23125,0.575,0.050,462.3977885112852
23126,0.575,0.055,460.0672011268257
23127,0.575,0.060,457.73072555182927
23128,0.575,0.065,455.3884145635535
23129,0.575,0.070,453.0403226572981
23130,0.575,0.075,450.68650607413855
23131,0.575,0.080,448.3270228287748
23132,0.575,0.085,445.96193273748094
23133,0.575,0.090,443.5912974461396
23134,0.575,0.095,441.2151804583429
23135,0.575,0.100,438.83364716354305
23136,0.575,0.105,436.4467648652322
23137,0.575,0.110,434.05460280913235
23138,0.575,0.115,431.6572322113723
23139,0.575,0.120,429.25472628663005
23140,0.575,0.125,426.84716027621675
23141,0.575,0.130,424.43461147607593
23142,0.575,0.135,422.01715926467176
23143,0.575,0.140,419.59488513073927
23144,0.575,0.145,417.16787270086604
23145,0.575,0.150,414.7362077668746
23146,0.575,0.155,412.29997831297385
23147,0.575,0.160,409.85927454264504
23148,0.575,0.165,407.41418890522687
23149,0.575,0.170,404.96481612216195
23150,0.575,0.175,402.5112532128674
23151,0.575,0.180,400.0535995201872
23152,0.575,0.185,397.5919567353844
23153,0.575,0.190,395.12642892263045
23154,0.575,0.195,392.657122542943
23155,0.575,0.200,390.18414647752735
23156,0.575,0.205,387.70761205046847
23157,0.575,0.210,385.2276330507257
23158,0.575,0.215,382.7443257533723
23159,0.575,0.220,380.2578089400282
23160,0.575,0.225,377.76820391842483
23161,0.575,0.230,375.2756345410456
23162,0.575,0.235,372.7802272227775
23163,0.575,0.240,370.28211095751203
23164,0.575,0.245,367.78141733363003
23165,0.575,0.250,365.2782805483004
23166,0.575,0.255,362.77283742052657
23167,0.575,0.260,360.2652274028659
23168,0.575,0.265,357.7555925917512
23169,0.575,0.270,355.2440777363373
23170,0.575,0.275,352.73083024579626
23171,0.575,0.280,350.2160001949823
23172,0.575,0.285,347.6997403283868
23173,0.575,0.290,345.1822060622991
23174,0.575,0.295,342.66355548509256
23175,0.575,0.300,340.14394935554793
23176,0.575,0.305,337.6235510991315
23177,0.575,0.310,335.10252680213625
23178,0.575,0.315,332.5810452036035
23179,0.575,0.320,330.0592776849305
23180,0.575,0.325,327.5373982570793
23181,0.575,0.330,325.0155835452939
23182,0.575,0.335,322.4940127712381
23183,0.575,0.340,319.97286773246196
23184,0.575,0.345,317.45233277911
23185,0.575,0.350,314.9325947877797
23186,0.575,0.355,312.4138431324448
23187,0.575,0.360,309.8962696523548
23188,0.575,0.365,307.38006861682663
23189,0.575,0.370,304.86543668684544
23190,0.575,0.375,302.35257287339226
23191,0.575,0.380,299.8416784924214
23192,0.575,0.385,297.3329571164121
23193,0.575,0.390,294.82661452242195
23194,0.575,0.395,292.3228586365743
23195,0.575,0.400,289.8218994749164
23196,0.575,0.405,287.3239490805881
23197,0.575,0.410,284.82922145724865
23198,0.575,0.415,282.33793249871206
23199,0.575,0.420,279.8502999147499
23200,0.575,0.425,277.36654315302513
23201,0.575,0.430,274.8868833171305
23202,0.575,0.435,272.4115430807072
23203,0.575,0.440,269.9407465976351
23204,0.575,0.445,267.47471940828643
23205,0.575,0.450,265.0136883418516
23206,0.575,0.455,262.55788141474665
23207,0.575,0.460,260.107527725131
23208,0.575,0.465,257.66285734356626
23209,0.575,0.470,255.22410119986395
23210,0.575,0.475,252.79149096617513
23211,0.575,0.480,250.3652589363934
23212,0.575,0.485,247.94563790194655
23213,0.575,0.490,245.53286102407222
23214,0.575,0.495,243.1271617026777
23215,0.575,0.500,240.72877344190263
23216,0.575,0.505,238.33792971251228
23217,0.575,0.510,235.95486381126312
23218,0.575,0.515,233.57980871739557
23219,0.575,0.520,231.21299694642025
23220,0.575,0.525,228.8546604013788
23221,0.575,0.530,226.50503022177102
23222,0.575,0.535,224.1643366303533
23223,0.575,0.540,221.83280877802622
23224,0.575,0.545,219.51067458703938
23225,0.575,0.550,217.1981605927545
23226,0.575,0.555,214.89549178421763
23227,0.575,0.560,212.60289144380286
23228,0.575,0.565,210.32058098619848
23229,0.575,0.570,208.04877979701678
23230,0.575,0.575,205.78770507131617
23231,0.575,0.580,203.53757165233299
23232,0.575,0.585,201.29859187072492
23233,0.575,0.590,199.07097538463728
23234,0.575,0.595,196.8549290209037
23235,0.575,0.600,194.65065661770024
23236,0.575,0.605,192.45835886897228
23237,0.575,0.610,190.2782331709564
23238,0.575,0.615,188.1104734711181
23239,0.575,0.620,185.95527011982674
23240,0.575,0.625,183.8128097250867
23241,0.575,0.630,181.68327501063905
23242,0.575,0.635,179.56684467774468
23243,0.575,0.640,177.46369327095374
23244,0.575,0.645,175.3739910481574
23245,0.575,0.650,173.29790385521247
23246,0.575,0.655,171.23559300541612
23247,0.575,0.660,169.1872151641001
23248,0.575,0.665,167.1529222385997
23249,0.575,0.670,165.1328612738408
23250,0.575,0.675,163.12717435377363
23251,0.575,0.680,161.13599850886635
23252,0.575,0.685,159.1594656298559
23253,0.575,0.690,157.19770238793677
23254,0.575,0.695,155.25083016154923
23255,0.575,0.700,153.31896496991223
23256,0.575,0.705,151.40221741342512
23257,0.575,0.710,149.5006926210435
23258,0.575,0.715,147.61449020471588
23259,0.575,0.720,145.7437042209445
23260,0.575,0.725,143.88842313951656
23261,0.575,0.730,142.0487298194294
23262,0.575,0.735,140.22470149201294
23263,0.575,0.740,138.41640975123283
23264,0.575,0.745,136.62392055113762
23265,0.575,0.750,134.8472942103914
23266,0.575,0.755,133.08658542381704
23267,0.575,0.760,131.34184328085274
23268,0.575,0.765,129.6131112908087
23269,0.575,0.770,127.90042741479111
23270,0.575,0.775,126.20382410414503
23271,0.575,0.780,124.52332834524967
23272,0.575,0.785,122.85896171048614
23273,0.575,0.790,121.2107404151818
23274,0.575,0.795,119.57867538032215
23275,0.575,0.800,117.96277230080939
23276,0.575,0.805,116.363031719034
23277,0.575,0.810,114.77944910351711
23278,0.575,0.815,113.2120149323703
23279,0.575,0.820,111.66071478131282
23280,0.575,0.825,110.12552941597859
23281,0.575,0.830,108.60643488823943
23282,0.575,0.835,107.1034026362665
23283,0.575,0.840,105.61639958804791
23284,0.575,0.845,104.14538826807866
23285,0.575,0.850,102.69032690693633
23286,0.575,0.855,101.25116955345663
23287,0.575,0.860,99.82786618922287
23288,0.575,0.865,98.42036284508471
23289,0.575,0.870,97.02860171942415
23290,0.575,0.875,95.65252129788952
23291,0.575,0.880,94.29205647432285
23292,0.575,0.885,92.94713867260889
23293,0.575,0.890,91.6176959691815
23294,0.575,0.895,90.303653215927
23295,0.575,0.900,89.00493216323072
23296,0.575,0.905,87.72145158292034
23297,0.575,0.910,86.45312739086474
23298,0.575,0.915,85.19987276899548
23299,0.575,0.920,83.96159828652381
23300,0.575,0.925,82.73821202013329
23301,0.575,0.930,81.529619672934
23302,0.575,0.935,80.33572469197041
23303,0.575,0.940,79.15642838407949
23304,0.575,0.945,77.99163002989941
23305,0.575,0.950,76.84122699583132
23306,0.575,0.955,75.70511484375623
23307,0.575,0.960,74.58318743830678
23308,0.575,0.965,73.47533705148595
23309,0.575,0.970,72.3814544644146
23310,0.575,0.975,71.30142906596993
23311,0.575,0.980,70.23514894805162
23312,0.575,0.985,69.18250099717308
23313,0.575,0.990,68.14337098202202
23314,0.575,0.995,67.11764363655935
23315,0.575,1.000,66.1052027381233
23316,0.580,0.000,483.1174551316395
23317,0.580,0.005,480.83308166335166
23318,0.580,0.010,478.5422685340721
23319,0.580,0.015,476.2450524631277
23320,0.580,0.020,473.941471639413
23321,0.580,0.025,471.6315657482342
23322,0.580,0.030,469.3153759984052
23323,0.580,0.035,466.9929451495895
23324,0.580,0.040,464.6643175398792
23325,0.580,0.045,462.3295391136036
23326,0.580,0.050,459.98865744935745
23327,0.580,0.055,457.6417217882415
23328,0.580,0.060,455.2887830623007
23329,0.580,0.065,452.92989392315366
23330,0.580,0.070,450.5651087707972
23331,0.580,0.075,448.1944837825763
23332,0.580,0.080,445.81807694230224
23333,0.580,0.085,443.4359480695079
23334,0.580,0.090,441.0481588488211
23335,0.580,0.095,438.65477285944166
23336,0.580,0.100,436.25585560470205
23337,0.580,0.105,433.85147454169515
23338,0.580,0.110,431.4416991109468
23339,0.580,0.115,429.0266007661128
23340,0.580,0.120,426.60625300367764
23341,0.580,0.125,424.1807313926311
23342,0.580,0.130,421.7501136040971
23343,0.580,0.135,419.3144794408883
23344,0.580,0.140,416.8739108669581
23345,0.580,0.145,414.4284920367214
23346,0.580,0.150,411.9783093242111
23347,0.580,0.155,409.5234513520392
23348,0.580,0.160,407.06400902012683
23349,0.580,0.165,404.600075534168
23350,0.580,0.170,402.1317464337883
23351,0.580,0.175,399.6591196203593
23352,0.580,0.180,397.1822953844268
23353,0.580,0.185,394.70137643270886
23354,0.580,0.190,392.21646791461995
23355,0.580,0.195,389.72767744827115
23356,0.580,0.200,387.23511514589904
23357,0.580,0.205,384.73889363867016
23358,0.580,0.210,382.23912810080867
23359,0.580,0.215,379.7359362729897
23360,0.580,0.220,377.22943848494276
23361,0.580,0.225,374.71975767720164
23362,0.580,0.230,372.2070194219415
23363,0.580,0.235,369.69135194283655
23364,0.580,0.240,367.1728861338723
23365,0.580,0.245,364.6517555770423
23366,0.580,0.250,362.128096558859
23367,0.580,0.255,359.6020480856036
23368,0.580,0.260,357.0737518972416
23369,0.580,0.265,354.54335247992236
23370,0.580,0.270,352.0109970769857
23371,0.580,0.275,349.47683569839205
23372,0.580,0.280,346.9410211284914
23373,0.580,0.285,344.40370893204516
23374,0.580,0.290,341.8650574584137
23375,0.580,0.295,339.32522784381837
23376,0.580,0.300,336.7843840115871
23377,0.580,0.305,334.24269267029115
23378,0.580,0.310,331.7003233096769
23379,0.580,0.315,329.15744819429995
23380,0.580,0.320,326.614242354761
23381,0.580,0.325,324.0708835764503
23382,0.580,0.330,321.5275523856986
23383,0.580,0.335,318.9844320332398
23384,0.580,0.340,316.44170847488266
23385,0.580,0.345,313.89957034929773
23386,0.580,0.350,311.3582089528164
23387,0.580,0.355,308.81781821114964
23388,0.580,0.360,306.2785946479253
23389,0.580,0.365,303.74073734995386
23390,0.580,0.370,301.20444792912554
23391,0.580,0.375,298.6699304808504
23392,0.580,0.380,296.1373915389517
23393,0.580,0.385,293.6070400269282
23394,0.580,0.390,291.07908720550296
23395,0.580,0.395,288.5537466163805
23396,0.580,0.400,286.0312340221399
23397,0.580,0.405,283.51176734219376
23398,0.580,0.410,280.99556658475086
23399,0.580,0.415,278.4828537747254
23400,0.580,0.420,275.9738528775411
23401,0.580,0.425,273.4687897187866
23402,0.580,0.430,270.9678918996877
23403,0.580,0.435,268.4713887083646
23404,0.580,0.440,265.9795110268591
23405,0.580,0.445,263.49249123391695
23406,0.580,0.450,261.0105631035291
23407,0.580,0.455,258.533961699237
23408,0.580,0.460,256.0629232642271
23409,0.580,0.465,253.5976851072404
23410,0.580,0.470,251.13848548434714
23411,0.580,0.475,248.68556347663525
23412,0.580,0.480,246.23915886388596
23413,0.580,0.485,243.799511994314
23414,0.580,0.490,241.36686365046887
23415,0.580,0.495,238.94145491140358
23416,0.580,0.500,236.5235270112334
23417,0.580,0.505,234.11332119421982
23418,0.580,0.510,231.71107856652992
23419,0.580,0.515,229.31703994483524
23420,0.580,0.520,226.9314457019287
23421,0.580,0.525,224.554535609552
23422,0.580,0.530,222.18654867864038
23423,0.580,0.535,219.82772299720608
23424,0.580,0.540,217.4782955660939
23425,0.580,0.545,215.1385021328575
23426,0.580,0.550,212.80857702401633
23427,0.580,0.555,210.48875297596686
23428,0.580,0.560,208.17926096483237
23429,0.580,0.565,205.88033003554733
23430,0.580,0.570,203.59218713048293
23431,0.580,0.575,201.31505691792918
23432,0.580,0.580,199.0491616207584
23433,0.580,0.585,196.79472084560155
23434,0.580,0.590,194.55195141287706
23435,0.580,0.595,192.3210671880154
23436,0.580,0.600,190.10227891422826
23437,0.580,0.605,187.8957940471737
23438,0.580,0.610,185.7018165918704
23439,0.580,0.615,183.52054694221485
23440,0.580,0.620,181.35218172345384
23441,0.580,0.625,179.19691363796278
23442,0.580,0.630,177.05493131467597
23443,0.580,0.635,174.92641916251094
23444,0.580,0.640,172.81155722811982
23445,0.580,0.645,170.71052105829648
23446,0.580,0.650,168.6234815673538
23447,0.580,0.655,166.55060490977974
23448,0.580,0.660,164.49205235846395
23449,0.580,0.665,162.44798018877592
23450,0.580,0.670,160.41853956876054
23451,0.580,0.675,158.4038764556991
23452,0.580,0.680,156.4041314992692
23453,0.580,0.685,154.41943995151647
23454,0.580,0.690,152.44993158383355
23455,0.580,0.695,150.49573061112048
23456,0.580,0.700,148.55695562328071
23457,0.580,0.705,146.63371952418487
23458,0.580,0.710,144.72612947821264
23459,0.580,0.715,142.83428686446086
23460,0.580,0.720,140.95828723868237
23461,0.580,0.725,139.09822030299776
23462,0.580,0.730,137.25416988339902
23463,0.580,0.735,135.42621391504065
23464,0.580,0.740,133.61442443529094
23465,0.580,0.745,131.81886758449377
23466,0.580,0.750,130.0396036143683
23467,0.580,0.755,128.2766869039528
23468,0.580,0.760,126.53016598297708
23469,0.580,0.765,124.80008356252763
23470,0.580,0.770,123.08647657284966
23471,0.580,0.775,121.38937620811161
23472,0.580,0.780,119.70880797793937
23473,0.580,0.785,118.04479176551028
23474,0.580,0.790,116.39734189198242
23475,0.580,0.795,114.76646718701767
23476,0.580,0.800,113.15217106514598
23477,0.580,0.805,111.55445160770407
23478,0.580,0.810,109.97330165007169
23479,0.580,0.815,108.40870887391866
23480,0.580,0.820,106.86065590416703
23481,0.580,0.825,105.32912041036607
23482,0.580,0.830,103.81407521217149
23483,0.580,0.835,102.31548838861568
23484,0.580,0.840,100.83332339085281
23485,0.580,0.845,99.3675391580601
23486,0.580,0.850,97.91809023617564
23487,0.580,0.855,96.48492689915338
23488,0.580,0.860,95.06799527241766
23489,0.580,0.865,93.66723745820128
23490,0.580,0.870,92.28259166245483
23491,0.580,0.875,90.91399232301936
23492,0.580,0.880,89.56137023875904
23493,0.580,0.885,88.22465269935695
23494,0.580,0.890,86.90376361548283
23495,0.580,0.895,85.59862364904923
23496,0.580,0.900,84.30915034327968
23497,0.580,0.905,83.03525825232012
23498,0.580,0.910,81.77685907013323
23499,0.580,0.915,80.53386175842286
23500,0.580,0.920,79.30617267334353
23501,0.580,0.925,78.09369569075803
23502,0.580,0.930,76.89633232981242
23503,0.580,0.935,75.71398187460404
23504,0.580,0.940,74.54654149372296
23505,0.580,0.945,73.39390635745026
23506,0.580,0.950,72.25596975239775
23507,0.580,0.955,71.13262319337088
23508,0.580,0.960,70.02375653223176
23509,0.580,0.965,68.92925806352693
23510,0.580,0.970,67.8490146266275
23511,0.580,0.975,66.78291170410175
23512,0.580,0.980,65.73083351600195
23513,0.580,0.985,64.69266310969215
23514,0.580,0.990,63.668282444767605
23515,0.580,0.995,62.657572472511774
23516,0.580,1.000,61.66041320919313
23517,0.585,0.000,480.8514295933858
23518,0.585,0.005,478.55161989748404
23519,0.585,0.010,476.24525464966746
23520,0.585,0.015,473.93237014411113
23521,0.585,0.020,471.61300416383057
23522,0.585,0.025,469.2871960084694
23523,0.585,0.030,466.9549865223707
23524,0.585,0.035,464.6164181229249
23525,0.585,0.040,462.2715348291874
23526,0.585,0.045,459.9203822907571
23527,0.585,0.050,457.56300781691056
23528,0.585,0.055,455.1994604059789
23529,0.585,0.060,452.82979077496077
23530,0.585,0.065,450.4540513893587
23531,0.585,0.070,448.07229649322875
23532,0.585,0.075,445.68458213943063
23533,0.585,0.080,443.29096622006415
23534,0.585,0.085,440.8915084970796
23535,0.585,0.090,438.4862706330453
23536,0.585,0.095,436.0753162220561
23537,0.585,0.100,433.6587108207667
23538,0.585,0.105,431.2365219795292
23539,0.585,0.110,428.80881927361713
23540,0.585,0.115,426.3756743345133
23541,0.585,0.120,423.93716088124
23542,0.585,0.125,421.4933547517072
23543,0.585,0.130,419.0443339340548
23544,0.585,0.135,416.5901785979597
23545,0.585,0.140,414.1309711258834
23546,0.585,0.145,411.6667961442258
23547,0.585,0.150,409.19774055435846
23548,0.585,0.155,406.7238935634996
23549,0.585,0.160,404.2453467153996
23550,0.585,0.165,401.7621939207984
23551,0.585,0.170,399.27453148761657
23552,0.585,0.175,396.7824581508393
23553,0.585,0.180,394.28607510205103
23554,0.585,0.185,391.78548601857585
23555,0.585,0.190,389.280797092178
23556,0.585,0.195,386.77211705727035
23557,0.585,0.200,384.25955721858475
23558,0.585,0.205,381.7432314782457
23559,0.585,0.210,379.2232563621958
23560,0.585,0.215,376.6997510459115
23561,0.585,0.220,374.1728373793518
23562,0.585,0.225,371.6426399110744
23563,0.585,0.230,369.10928591145574
23564,0.585,0.235,366.5729053949456
23565,0.585,0.240,364.0336311412882
23566,0.585,0.245,361.4915987156335
23567,0.585,0.250,358.9469464874672
23568,0.585,0.255,356.3998156482786
23569,0.585,0.260,353.85035022788725
23570,0.585,0.265,351.29869710934537
23571,0.585,0.270,348.7450060423311
23572,0.585,0.275,346.1894296549435
23573,0.585,0.280,343.63212346381124
23574,0.585,0.285,341.0732458824209
23575,0.585,0.290,338.5129582275719
23576,0.585,0.295,335.9514247238596
23577,0.585,0.300,333.38881250608983
23578,0.585,0.305,330.8252916195239
23579,0.585,0.310,328.26103501785013
23580,0.585,0.315,325.6962185587818
23581,0.585,0.320,323.1310209971721
23582,0.585,0.325,320.56562397554455
23583,0.585,0.330,318.0002120119265
23584,0.585,0.335,315.43497248488376
23585,0.585,0.340,312.8700956156418
23586,0.585,0.345,310.3057744471907
23587,0.585,0.350,307.7422048202617
23588,0.585,0.355,305.17958534606976
23589,0.585,0.360,302.6181173757137
23590,0.585,0.365,300.0580049661303
23591,0.585,0.370,297.499454842495
23592,0.585,0.375,294.9426763569717
23593,0.585,0.380,292.3878814437077
23594,0.585,0.385,289.8352845699808
23595,0.585,0.390,287.285102683403
23596,0.585,0.395,284.7375551550939
23597,0.585,0.400,282.19286371873727
23598,0.585,0.405,279.6512524054436
23599,0.585,0.410,277.1129474743422
23600,0.585,0.415,274.57817733883803
23601,0.585,0.420,272.04717248847027
23602,0.585,0.425,269.52016540631985
23603,0.585,0.430,266.9973904819225
23604,0.585,0.435,264.47908391964665
23605,0.585,0.440,261.9654836425136
23606,0.585,0.445,259.4568291914382
23607,0.585,0.450,256.95336161988547
23608,0.585,0.455,254.45532338394642
23609,0.585,0.460,251.96295822784933
23610,0.585,0.465,249.47651106493325
23611,0.585,0.470,246.9962278541263
23612,0.585,0.475,244.5223554719808
23613,0.585,0.480,242.05514158033614
23614,0.585,0.485,239.59483448968774
23615,0.585,0.490,237.14168301836273
23616,0.585,0.495,234.6959363476119
23617,0.585,0.500,232.25784387274638
23618,0.585,0.505,229.82765505046126
23619,0.585,0.510,227.40561924250557
23620,0.585,0.515,224.9919855558728
23621,0.585,0.520,222.5870026797025
23622,0.585,0.525,220.19091871910038
23623,0.585,0.530,217.80398102609817
23624,0.585,0.535,215.42643602799203
23625,0.585,0.540,213.05852905331315
23626,0.585,0.545,210.7005041556987
23627,0.585,0.550,208.35260393594604
23628,0.585,0.555,206.01506936254805
23629,0.585,0.560,203.68813959101925
23630,0.585,0.565,201.37205178233637
23631,0.585,0.570,199.0670409208281
23632,0.585,0.575,196.77333963185956
23633,0.585,0.580,194.49117799966808
23634,0.585,0.585,192.22078338571347
23635,0.585,0.590,189.96238024791583
23636,0.585,0.595,187.71618996115896
23637,0.585,0.600,185.48243063944204
23638,0.585,0.605,183.26131696006786
23639,0.585,0.610,181.05305999025484
23640,0.585,0.615,178.85786701656406
23641,0.585,0.620,176.67594137752891
23642,0.585,0.625,174.50748229987332
23643,0.585,0.630,172.35268473870133
23644,0.585,0.635,170.2117392220328
23645,0.585,0.640,168.08483170005442
23646,0.585,0.645,165.97214339944574
23647,0.585,0.650,163.87385068312742
23648,0.585,0.655,161.79012491577018
23649,0.585,0.660,159.72113233538465
23650,0.585,0.665,157.66703393130086
23651,0.585,0.670,155.6279853288263
23652,0.585,0.675,153.60413668085553
23653,0.585,0.680,151.59563256668352
23654,0.585,0.685,149.60261189825397
23655,0.585,0.690,147.62520783405378
23656,0.585,0.695,145.66354770084018
23657,0.585,0.700,143.71775292336434
23658,0.585,0.705,141.78793896223084
23659,0.585,0.710,139.8742152600073
23660,0.585,0.715,137.97668519567307
23661,0.585,0.720,136.09544604746944
23662,0.585,0.725,134.23058896418883
23663,0.585,0.730,132.38219894491317
23664,0.585,0.735,130.5503548271865
23665,0.585,0.740,128.73512928358022
23666,0.585,0.745,126.93658882658411
23667,0.585,0.750,125.15479382173143
23668,0.585,0.755,123.38979850884138
23669,0.585,0.760,121.64165103123858
23670,0.585,0.765,119.91039347278618
23671,0.585,0.770,118.19606190254771
23672,0.585,0.775,116.49868642687055
23673,0.585,0.780,114.81829124866515
23674,0.585,0.785,113.15489473363479
23675,0.585,0.790,111.50850948319356
23676,0.585,0.795,109.87914241379386
23677,0.585,0.800,108.26679484237003
23678,0.585,0.805,106.67146257759231
23679,0.585,0.810,105.09313601661177
23680,0.585,0.815,103.53180024696876
23681,0.585,0.820,101.98743515332683
23682,0.585,0.825,100.46001552868766
23683,0.585,0.830,98.94951118973697
23684,0.585,0.835,97.45588709596606
23685,0.585,0.840,95.97910347221213
23686,0.585,0.845,94.51911593425807
23687,0.585,0.850,93.07587561713255
23688,0.585,0.855,91.64932930575311
23689,0.585,0.860,90.23941956755641
23690,0.585,0.865,88.84608488676446
23691,0.585,0.870,87.46925979993978
23692,0.585,0.875,86.10887503248851
23693,0.585,0.880,84.76485763577715
23694,0.585,0.885,83.43713112453604
23695,0.585,0.890,82.12561561423102
23696,0.585,0.895,80.83022795809346
23697,0.585,0.900,79.55088188350808
23698,0.585,0.905,78.28748812746724
23699,0.585,0.910,77.03995457081061
23700,0.585,0.915,75.80818637097798
23701,0.585,0.920,74.59208609301248
23702,0.585,0.925,73.39155383856041
23703,0.585,0.930,72.20648737262114
23704,0.585,0.935,71.03678224780752
23705,0.585,0.940,69.88233192588164
23706,0.585,0.945,68.7430278963336
23707,0.585,0.950,67.61875979177005
23708,0.585,0.955,66.50941549987465
23709,0.585,0.960,65.41488127169299
23710,0.585,0.965,64.33504182597626
23711,0.585,0.970,63.26978044929398
23712,0.585,0.975,62.21897909158463
23713,0.585,0.980,61.18251845676093
23714,0.585,0.985,60.160278087908104
23715,0.585,0.990,59.15213644650822
23716,0.585,0.995,58.157970984978455
23717,0.585,1.000,57.177658211611714
23718,0.590,0.000,478.57136187234585
23719,0.590,0.005,476.25588905495323
23720,0.590,0.010,473.9337409781807
23721,0.590,0.015,471.6049534502849
23722,0.590,0.020,469.2695637870607
23723,0.590,0.025,466.9276108405951
23724,0.590,0.030,464.5791350283357
23725,0.590,0.035,462.2241783624689
23726,0.590,0.040,459.86278447960245
23727,0.590,0.045,457.49499867074394
23728,0.590,0.050,455.12086791156975
23729,0.590,0.055,452.74044089297433
23730,0.590,0.060,450.35376805189173
23731,0.590,0.065,447.96090160237935
23732,0.590,0.070,445.5618955669527
23733,0.590,0.075,443.15680580816155
23734,0.590,0.080,440.74569006039076
23735,0.590,0.085,438.32860796187737
23736,0.590,0.090,435.9056210869254
23737,0.590,0.095,433.4767929783044
23738,0.590,0.100,431.04218917981433
23739,0.590,0.105,428.6018772689995
23740,0.590,0.110,426.1559268899916
23741,0.590,0.115,423.7044097864605
23742,0.590,0.120,421.24739983465275
23743,0.590,0.125,418.78497307649303
23744,0.590,0.130,416.3172077527233
23745,0.590,0.135,413.8441843360542
23746,0.590,0.140,411.3659855643006
23747,0.590,0.145,408.88269647347005
23748,0.590,0.150,406.39440443077496
23749,0.590,0.155,403.90119916753304
23750,0.590,0.160,401.40317281192154
23751,0.590,0.165,398.9004199215494
23752,0.590,0.170,396.3930375158058
23753,0.590,0.175,393.8811251079453
23754,0.590,0.180,391.3647847368668
23755,0.590,0.185,388.84412099853824
23756,0.590,0.190,386.31924107702264
23757,0.590,0.195,383.7902547750513
23758,0.590,0.200,381.25727454409565
23759,0.590,0.205,378.720415513878
23760,0.590,0.210,376.17979552126883
23761,0.590,0.215,373.63553513850513
23762,0.590,0.220,371.0877577006712
23763,0.590,0.225,368.5365893323739
23764,0.590,0.230,365.9821589735445
23765,0.590,0.235,363.4245984042973
23766,0.590,0.240,360.86404226876994
23767,0.590,0.245,358.3006280978693
23768,0.590,0.250,355.73449633084374
23769,0.590,0.255,353.16579033559924
23770,0.590,0.260,350.5946564276748
23771,0.590,0.265,348.02124388778867
23772,0.590,0.270,345.44570497786464
23773,0.590,0.275,342.8681949554464
23774,0.590,0.280,340.2888720864021
23775,0.590,0.285,337.7078976558208
23776,0.590,0.290,335.12543597700113
23777,0.590,0.295,332.5416543984254
23778,0.590,0.300,329.95672330861606
23779,0.590,0.305,327.37081613876416
23780,0.590,0.310,324.78410936301907
23781,0.590,0.315,322.1967824963296
23782,0.590,0.320,319.60901808971903
23783,0.590,0.325,317.02100172288067
23784,0.590,0.330,314.432921993976
23785,0.590,0.335,311.84497050651794
23786,0.590,0.340,309.25734185321926
23787,0.590,0.345,306.6702335966886
23788,0.590,0.350,304.08384624685266
23789,0.590,0.355,301.4983832349878
23790,0.590,0.360,298.9140508842391
23791,0.590,0.365,296.3310583765133
23792,0.590,0.370,293.74961771562573
23793,0.590,0.375,291.16994368658936
23794,0.590,0.380,288.5922538109332
23795,0.590,0.385,286.0167682979413
23796,0.590,0.390,283.4437099917063
23797,0.590,0.395,280.87330431389694
23798,0.590,0.400,278.3057792021419
23799,0.590,0.405,275.7413650439385
23800,0.590,0.410,273.1802946060006
23801,0.590,0.415,270.62280295896585
23802,0.590,0.420,268.0691273973907
23803,0.590,0.425,265.519507354968
23804,0.590,0.430,262.97418431491315
23805,0.590,0.435,260.43340171546885
23806,0.590,0.440,257.8974048504962
23807,0.590,0.445,255.36644076512175
23808,0.590,0.450,252.84075814643023
23809,0.590,0.455,250.32060720919537
23810,0.590,0.460,247.80623957666427
23811,0.590,0.465,245.29790815641374
23812,0.590,0.470,242.79586701132092
23813,0.590,0.475,240.30037122569544
23814,0.590,0.480,237.8116767666452
23815,0.590,0.485,235.33004034075498
23816,0.590,0.490,232.8557192461799
23817,0.590,0.495,230.38897122026856
23818,0.590,0.500,227.93005428284903
23819,0.590,0.505,225.4792265753287
23820,0.590,0.510,223.03674619577566
23821,0.590,0.515,220.60287103016788
23822,0.590,0.520,218.1778585800141
23823,0.590,0.525,215.7619657865679
23824,0.590,0.530,213.35544885187528
23825,0.590,0.535,210.9585630569121
23826,0.590,0.540,208.57156257708726
23827,0.590,0.545,206.19470029540201
23828,0.590,0.550,203.8282276135749
23829,0.590,0.555,201.4723942614556
23830,0.590,0.560,199.12744810506715
23831,0.590,0.565,196.79363495363046
23832,0.590,0.570,194.4711983659389
23833,0.590,0.575,192.16037945646107
23834,0.590,0.580,189.86141670156465
23835,0.590,0.585,187.57454574626072
23836,0.590,0.590,185.2999992118799
23837,0.590,0.595,183.03800650509612
23838,0.590,0.600,180.78879362872118
23839,0.590,0.605,178.55258299469799
23840,0.590,0.610,176.3295932397212
23841,0.590,0.615,174.1200390439155
23842,0.590,0.620,171.92413095300174
23843,0.590,0.625,169.7420752043765
23844,0.590,0.630,167.5740735575277
23845,0.590,0.635,165.4203231292004
23846,0.590,0.640,163.2810162337207
23847,0.590,0.645,161.1563402288735
23848,0.590,0.650,159.04647736771796
23849,0.590,0.655,156.95160465671162
23850,0.590,0.660,154.87189372049667
23851,0.590,0.665,152.80751067368544
23852,0.590,0.670,150.75861599996253
23853,0.590,0.675,148.72536443880006
23854,0.590,0.680,146.70790488006068
23855,0.590,0.685,144.7063802667389
23856,0.590,0.690,142.72092750606652
23857,0.590,0.695,140.75167738918213
23858,0.590,0.700,138.79875451953725
23859,0.590,0.705,136.86227725018406
23860,0.590,0.710,134.94235763006094
23861,0.590,0.715,133.03910135936326
23862,0.590,0.720,131.15260775405685
23863,0.590,0.725,129.28296971956192
23864,0.590,0.730,127.43027373360624
23865,0.590,0.735,125.59459983821523
23866,0.590,0.740,123.77602164077867
23867,0.590,0.745,121.97460632410342
23868,0.590,0.750,120.19041466533456
23869,0.590,0.755,118.42350106359773
23870,0.590,0.760,116.67391357619073
23871,0.590,0.765,114.94169396312469
23872,0.590,0.770,113.2268777397919
23873,0.590,0.775,111.52949423751265
23874,0.590,0.780,109.84956667169233
23875,0.590,0.785,108.1871122172986
23876,0.590,0.790,106.54214209134975
23877,0.590,0.795,104.91466164208738
23878,0.590,0.800,103.3046704444912
23879,0.590,0.805,101.71216240177888
23880,0.590,0.810,100.13712585252202
23881,0.590,0.815,98.57954368299826
23882,0.590,0.820,97.03939344439094
23883,0.590,0.825,95.51664747444012
23884,0.590,0.830,94.01127302314435
23885,0.590,0.835,92.52323238210758
23886,0.590,0.840,91.0524830171252
23887,0.590,0.845,89.59897770360186
23888,0.590,0.850,88.16266466439556
23889,0.590,0.855,86.74348770968508
23890,0.590,0.860,85.3413863784626
23891,0.590,0.865,83.95629608125853
23892,0.590,0.870,82.58814824371302
23893,0.590,0.875,81.23687045061602
23894,0.590,0.880,79.90238659004793
23895,0.590,0.885,78.58461699726168
23896,0.590,0.890,77.28347859795917
23897,0.590,0.895,75.99888505062512
23898,0.590,0.900,74.73074688759434
23899,0.590,0.905,73.47897165453975
23900,0.590,0.910,72.2434640480809
23901,0.590,0.915,71.02412605122437
23902,0.590,0.920,69.8208570663591
23903,0.590,0.925,68.63355404553984
23904,0.590,0.930,67.46211161780123
23905,0.590,0.935,66.30642221325243
23906,0.590,0.940,65.16637618370736
23907,0.590,0.945,64.04186191960716
23908,0.590,0.950,62.93276596298941
23909,0.590,0.955,61.838973116250735
23910,0.590,0.960,60.76036654643414
23911,0.590,0.965,59.69682788474804
23912,0.590,0.970,58.64823732098698
23913,0.590,0.975,57.614473692469936
23914,0.590,0.980,56.59541456703676
23915,0.590,0.985,55.5909363195375
23916,0.590,0.990,54.60091420110447
23917,0.590,0.995,53.62522240029806
23918,0.590,1.000,52.66373409494513
23919,0.595,0.000,476.2773332030496
23920,0.595,0.005,473.94596753354824
23921,0.595,0.010,471.60780295537467
23922,0.595,0.015,469.2628747260947
23923,0.595,0.020,466.91121962883113
23924,0.595,0.025,464.5528760020012
23925,0.595,0.030,462.1878837694022
23926,0.595,0.035,459.8162844706439
23927,0.595,0.040,457.4381212919204
23928,0.595,0.045,455.0534390971158
23929,0.595,0.050,452.66228445923815
23930,0.595,0.055,450.2647056921721
23931,0.595,0.060,447.8607528827449
23932,0.595,0.065,445.45047792309475
23933,0.595,0.070,443.03393454333144
23934,0.595,0.075,440.6111783444812
23935,0.595,0.080,438.1822668316994
23936,0.595,0.085,435.7472594477447
23937,0.595,0.090,433.3062176066935
23938,0.595,0.095,430.85920472788655
23939,0.595,0.100,428.4062862700866
23940,0.595,0.105,425.9475297658326
23941,0.595,0.110,423.4830048559707
23942,0.595,0.115,421.0127833243428
23943,0.595,0.120,418.53693913260923
23944,0.595,0.125,416.055548455186
23945,0.595,0.130,413.5686897142685
23946,0.595,0.135,411.07644361491845
23947,0.595,0.140,408.5788931801844
23948,0.595,0.145,406.07612378622736
23949,0.595,0.150,403.56822319741923
23950,0.595,0.155,401.0552816013816
23951,0.595,0.160,398.53739164392846
23952,0.595,0.165,396.01464846387717
23953,0.595,0.170,393.48714972768556
23954,0.595,0.175,390.95499566387605
23955,0.595,0.180,388.41828909720124
23956,0.595,0.185,385.87713548250383
23957,0.595,0.190,383.3316429382247
23958,0.595,0.195,380.7819222795039
23959,0.595,0.200,378.22808705082406
23960,0.595,0.205,375.6702535581368
23961,0.595,0.210,373.10854090041454
23962,0.595,0.215,370.54307100056405
23963,0.595,0.220,367.9739686356378
23964,0.595,0.225,365.40136146627344
23965,0.595,0.230,362.8253800652922
23966,0.595,0.235,360.24615794538056
23967,0.595,0.240,357.6638315857784
23968,0.595,0.245,355.07854045789355
23969,0.595,0.250,352.49042704975943
23970,0.595,0.255,349.899636889248
23971,0.595,0.260,347.3063185659493
23972,0.595,0.265,344.71062375162455
23973,0.595,0.270,342.11270721913536
23974,0.595,0.275,339.51272685975135
23975,0.595,0.280,336.91084369873283
23976,0.595,0.285,334.30722190908256
23977,0.595,0.290,331.70202882335985
23978,0.595,0.295,329.09543494344297
23979,0.595,0.300,326.48761394812857
23980,0.595,0.305,323.87874269844957
23981,0.595,0.310,321.26900124059114
23982,0.595,0.315,318.6585728062864
23983,0.595,0.320,316.0476438105635
23984,0.595,0.325,313.4364038467227
23985,0.595,0.330,310.8250456784115
23986,0.595,0.335,308.21376522867246
23987,0.595,0.340,305.60276156583006
23988,0.595,0.345,302.992236886089
23989,0.595,0.350,300.38239649270855
23990,0.595,0.355,297.77344877162494
23991,0.595,0.360,295.1656051633864
23992,0.595,0.365,292.55908013127384
23993,0.595,0.370,289.95409112547486
23994,0.595,0.375,287.3508585431841
23995,0.595,0.380,284.74960568450473
23996,0.595,0.385,282.15055870402733
23997,0.595,0.390,279.55394655796704
23998,0.595,0.395,276.9600009467437
23999,0.595,0.400,274.3689562528936
24000,0.595,0.405,271.78104947420724
24001,0.595,0.410,269.1965201519945
24002,0.595,0.415,266.6156102943833
24003,0.595,0.420,264.0385642945676
24004,0.595,0.425,261.465628843926
24005,0.595,0.430,258.8970528399468
24006,0.595,0.435,256.33308728889534
24007,0.595,0.440,253.77398520318386
24008,0.595,0.445,251.22000149340053
24009,0.595,0.450,248.67139285498004
24010,0.595,0.455,246.12841764950073
24011,0.595,0.460,243.5913357806149
24012,0.595,0.465,241.06040856462755
24013,0.595,0.470,238.53589859575908
24014,0.595,0.475,236.01806960613908
24015,0.595,0.480,233.50718632060014
24016,0.595,0.485,231.00351430635206
24017,0.595,0.490,228.5073198176411
24018,0.595,0.495,226.01886963551243
24019,0.595,0.500,223.5384309028156
24020,0.595,0.505,221.06627095461198
24021,0.595,0.510,218.6026571441618
24022,0.595,0.515,216.1478566646899
24023,0.595,0.520,213.70213636714797
24024,0.595,0.525,211.26576257421274
24025,0.595,0.530,208.83900089077784
24026,0.595,0.535,206.4221160112192
24027,0.595,0.540,204.01537152373177
24028,0.595,0.545,201.61902971205544
24029,0.595,0.550,199.23335135492673
24030,0.595,0.555,196.85859552361094
24031,0.595,0.560,194.49501937788673
24032,0.595,0.565,192.14287796087137
24033,0.595,0.570,189.8024239930909
24034,0.595,0.575,187.47390766621317
24035,0.595,0.580,185.15757643687496
24036,0.595,0.585,182.8536748210458
24037,0.595,0.590,180.56244418938152
24038,0.595,0.595,178.28412256402873
24039,0.595,0.600,176.01894441734794
24040,0.595,0.605,173.76714047302843
24041,0.595,0.610,171.52893751007073
24042,0.595,0.615,169.30455817011313
24043,0.595,0.620,167.0942207685781
24044,0.595,0.625,164.89813911011115
24045,0.595,0.630,162.71652230877888
24046,0.595,0.635,160.54957461348636
24047,0.595,0.640,158.39749523906275
24048,0.595,0.645,156.2604782034542
24049,0.595,0.650,154.1387121714469
24050,0.595,0.655,152.03238030532845
24051,0.595,0.660,149.94166012287687
24052,0.595,0.665,147.86672336304633
24053,0.595,0.670,145.80773585969627
24054,0.595,0.675,143.76485742368715
24055,0.595,0.680,141.73824173363968
24056,0.595,0.685,139.7280362356275
24057,0.595,0.690,137.7343820520442
24058,0.595,0.695,135.75741389985552
24059,0.595,0.700,133.79726001841672
24060,0.595,0.705,131.85404210700258
24061,0.595,0.710,129.9278752721639
24062,0.595,0.715,128.01886798499282
24063,0.595,0.720,126.12712204834259
24064,0.595,0.725,124.252732574015
24065,0.595,0.730,122.39578796989436
24066,0.595,0.735,120.5563699369716
24067,0.595,0.740,118.73455347616996
24068,0.595,0.745,116.93040690484898
24069,0.595,0.750,115.1439918828321
24070,0.595,0.755,113.37536344777152
24071,0.595,0.760,111.6245700596327
24072,0.595,0.765,109.89165365405259
24073,0.595,0.770,108.1766497042971
24074,0.595,0.775,106.47958729151739
24075,0.595,0.780,104.80048918297993
24076,0.595,0.785,103.13937191792158
24077,0.595,0.790,101.49624590066125
24078,0.595,0.795,99.87111550057897
24079,0.595,0.800,98.2639791585576
24080,0.595,0.805,96.67482949946644
24081,0.595,0.810,95.10365345025339
24082,0.595,0.815,93.55043236320165
24083,0.595,0.820,92.01514214389843
24084,0.595,0.825,90.49775338345636
24085,0.595,0.830,88.99823149452416
24086,0.595,0.835,87.5165368506215
24087,0.595,0.840,86.05262492833128
24088,0.595,0.845,84.60644645188671
24089,0.595,0.850,83.17794753969171
24090,0.595,0.855,81.76706985232103
24091,0.595,0.860,80.37375074155229
24092,0.595,0.865,78.99792339999156
24093,0.595,0.870,77.63951701086505
24094,0.595,0.875,76.29845689755977
24095,0.595,0.880,74.974664672511
24096,0.595,0.885,73.6680583850462
24097,0.595,0.890,72.37855266781196
24098,0.595,0.895,71.10605888142425
24099,0.595,0.900,69.85048525699915
24100,0.595,0.905,68.61173703623723
24101,0.595,0.910,67.38971660875028
24102,0.595,0.915,66.1843236463348
24103,0.595,0.920,64.99545523391176
24104,0.595,0.925,63.82300599686463
24105,0.595,0.930,62.6668682245203
24106,0.595,0.935,61.526931989526226
24107,0.595,0.940,60.40308526288258
24108,0.595,0.945,59.29521402439064
24109,0.595,0.950,58.20320236827375
24110,0.595,0.955,57.12693260371577
24111,0.595,0.960,56.06628535004097
24112,0.595,0.965,55.021139626224816
24113,0.595,0.970,53.991372934374816
24114,0.595,0.975,52.97686133674669
24115,0.595,0.980,51.97747952575917
24116,0.595,0.985,50.99310088632745
24117,0.595,0.990,50.023597549639675
24118,0.595,0.995,49.068840437232566
24119,0.595,1.000,48.128699293855995
24120,0.600,0.000,473.96944336415663
24121,0.600,0.005,471.6219524267254
24122,0.600,0.010,469.26753486267796
24123,0.600,0.015,466.9062253099272
24124,0.600,0.020,464.53805994916485
24125,0.600,0.025,462.1630765345982
24126,0.600,0.030,459.78131442507333
24127,0.600,0.035,457.3928146155812
24128,0.600,0.040,454.9976197691419
24129,0.600,0.045,452.5957742490633
24130,0.600,0.050,450.1873241515669
24131,0.600,0.055,447.77231733877545
24132,0.600,0.060,445.3508034720557
24133,0.600,0.065,442.922834045707
24134,0.600,0.070,440.48846242098796
24135,0.600,0.075,438.04774386047126
24136,0.600,0.080,435.6007355627153
24137,0.600,0.085,433.14749669724137
24138,0.600,0.090,430.68808843980463
24139,0.600,0.095,428.22257400794143
24140,0.600,0.100,425.7510186967826
24141,0.600,0.105,423.27348991511155
24142,0.600,0.110,420.7900572216535
24143,0.600,0.115,418.3007923615729
24144,0.600,0.120,415.80576930316096
24145,0.600,0.125,413.30506427469044
24146,0.600,0.130,410.7987558014128
24147,0.600,0.135,408.28692474267365
24148,0.600,0.140,405.7696543291176
24149,0.600,0.145,403.2470301999548
24150,0.600,0.150,400.7191404402578
24151,0.600,0.155,398.18607561825314
24152,0.600,0.160,395.64792882257706
24153,0.600,0.165,393.1047956994531
24154,0.600,0.170,390.55677448975473
24155,0.600,0.175,388.0039660659103
24156,0.600,0.180,385.4464739686048
24157,0.600,0.185,382.88440444323254
24158,0.600,0.190,380.3178664760508
24159,0.600,0.195,377.74697182998005
24160,0.600,0.200,375.171835079999
24161,0.600,0.205,372.5925736480725
24162,0.600,0.210,370.00930783755393
24163,0.600,0.215,367.4221608669961
24164,0.600,0.220,364.83125890330433
24165,0.600,0.225,362.2367310941602
24166,0.600,0.230,359.63870959964294
24167,0.600,0.235,357.0373296229703
24168,0.600,0.240,354.43272944027876
24169,0.600,0.245,351.8250504293593
24170,0.600,0.250,349.21443709726026
24171,0.600,0.255,346.6010371066663
24172,0.600,0.260,343.9850013009593
24173,0.600,0.265,341.36648372786226
24174,0.600,0.270,338.745641661564
24175,0.600,0.275,336.1226356232208
24176,0.600,0.280,333.49762939972294
24177,0.600,0.285,330.8707900606171
24178,0.600,0.290,328.2422879730654
24179,0.600,0.295,325.6122968147241
24180,0.600,0.300,322.9809935844173
24181,0.600,0.305,320.3485586104821
24182,0.600,0.310,317.7151755566527
24183,0.600,0.315,315.0810314253572
24184,0.600,0.320,312.4463165582854
24185,0.600,0.325,309.8112246340987
24186,0.600,0.330,307.1759526631354
24187,0.600,0.335,304.5407009789767
24188,0.600,0.340,301.90567322672575
24189,0.600,0.345,299.2710763478593
24190,0.600,0.350,296.6371205615043
24191,0.600,0.355,294.0040193419956
24192,0.600,0.360,291.37198939256876
24193,0.600,0.365,288.7412506150418
24194,0.600,0.370,286.112026075343
24195,0.600,0.375,283.48454196473955
24196,0.600,0.380,280.8590275566289
24197,0.600,0.385,278.2357151587516
24198,0.600,0.390,275.6148400606921
24199,0.600,0.395,272.9966404765356
24200,0.600,0.400,270.3813574825555
24201,0.600,0.405,267.7692349498078
24202,0.600,0.410,265.16051947152096
24203,0.600,0.415,262.55546028517
24204,0.600,0.420,259.9543091891373
24205,0.600,0.425,257.35732045386675
24206,0.600,0.430,254.764750727432
24207,0.600,0.435,252.17685893544405
24208,0.600,0.440,249.59390617524275
24209,0.600,0.445,247.01615560432026
24210,0.600,0.450,244.44387232294667
24211,0.600,0.455,241.8773232509741
24212,0.600,0.460,239.31677699881723
24213,0.600,0.465,236.7625037326194
24214,0.600,0.470,234.21477503363445
24215,0.600,0.475,231.67386375186743
24216,0.600,0.480,229.14004385404198
24217,0.600,0.485,226.61359026597398
24218,0.600,0.490,224.0947787094594
24219,0.600,0.495,221.58388553379717
24220,0.600,0.500,219.08118754209514
24221,0.600,0.505,216.5869618125249
24222,0.600,0.510,214.10148551471596
24223,0.600,0.515,211.62503572150115
24224,0.600,0.520,209.15788921624747
24225,0.600,0.525,206.70032229603058
24226,0.600,0.530,204.2526105709328
24227,0.600,0.535,201.8150287597676
24228,0.600,0.540,199.38785048255644
24229,0.600,0.545,196.97134805010435
24230,0.600,0.550,194.5657922510439
24231,0.600,0.555,192.17145213673615
24232,0.600,0.560,189.78859480443873
24233,0.600,0.565,187.41748517916787
24234,0.600,0.570,185.05838579470193
24235,0.600,0.575,182.7115565741871
24236,0.600,0.580,180.37725461082317
24237,0.600,0.585,178.05573394912
24238,0.600,0.590,175.74724536722633
24239,0.600,0.595,173.45203616084345
24240,0.600,0.600,171.17034992924238
24241,0.600,0.605,168.90242636391127
24242,0.600,0.610,166.64850104035966
24243,0.600,0.615,164.40880521361169
24244,0.600,0.620,162.18356561791444
24245,0.600,0.625,159.97300427118788
24246,0.600,0.630,157.7773382847336
24247,0.600,0.635,155.5967796787128
24248,0.600,0.640,153.43153520389103
24249,0.600,0.645,151.28180617013462
24250,0.600,0.650,149.14778828212602
24251,0.600,0.655,147.0296714827476
24252,0.600,0.660,144.92763980456076
24253,0.600,0.665,142.84187122978452
24254,0.600,0.670,140.77253755915117
24255,0.600,0.675,138.7198042899883
24256,0.600,0.680,136.68383050384745
24257,0.600,0.685,134.6647687639654
24258,0.600,0.690,132.66276502281363
24259,0.600,0.695,130.6779585399525
24260,0.600,0.700,128.71048181037358
24261,0.600,0.705,126.76046050347377
24262,0.600,0.710,124.82801341276686
24263,0.600,0.715,122.91325241639943
24264,0.600,0.720,121.01628244849789
24265,0.600,0.725,119.13720148133324
24266,0.600,0.730,117.27610051825116
24267,0.600,0.735,115.43306359727487
24268,0.600,0.740,113.60816780524898
24269,0.600,0.745,111.80148330235471
24270,0.600,0.750,110.01307335678904
24271,0.600,0.755,108.24299438936397
24272,0.600,0.760,106.49129602774795
24273,0.600,0.765,104.75802117003707
24274,0.600,0.770,103.04320605731324
24275,0.600,0.775,101.34688035481605
24276,0.600,0.780,99.66906724132798
24277,0.600,0.785,98.00978350634716
24278,0.600,0.790,96.36903965459895
24279,0.600,0.795,94.74684001741689
24280,0.600,0.800,93.14318287050595
24281,0.600,0.805,91.5580605575854
24282,0.600,0.810,89.99145961939584
24283,0.600,0.815,88.44336092754523
24284,0.600,0.820,86.91373982266093
24285,0.600,0.825,85.40256625631072
24286,0.600,0.830,83.90980493615307
24287,0.600,0.835,82.43541547377848
24288,0.600,0.840,80.97935253470571
24289,0.600,0.845,79.54156599000396
24290,0.600,0.850,78.12200106901814
24291,0.600,0.855,76.72059851268662
24292,0.600,0.860,75.33729472695197
24293,0.600,0.865,73.97202193577992
24294,0.600,0.870,72.62470833331848
24295,0.600,0.875,71.29527823474608
24296,0.600,0.880,69.98365222537774
24297,0.600,0.885,68.68974730761822
24298,0.600,0.890,67.41347704537249
24299,0.600,0.895,66.15475170554633
24300,0.600,0.900,64.91347839629194
24301,0.600,0.905,63.689561201676064
24302,0.600,0.910,62.48290131247076
24303,0.600,0.915,61.29339715278742
24304,0.600,0.920,60.12094450229596
24305,0.600,0.925,58.965436613788484
24306,0.600,0.930,57.826764325862996
24307,0.600,0.935,56.70481617051477
24308,0.600,0.940,55.59947847543073
24309,0.600,0.945,54.510635460784236
24310,0.600,0.950,53.438169330321415
24311,0.600,0.955,52.381960356514746
24312,0.600,0.960,51.341886959530285
24313,0.600,0.965,50.317825779709395
24314,0.600,0.970,49.30965174319748
24315,0.600,0.975,48.31723812025394
24316,0.600,0.980,47.34045657564081
24317,0.600,0.985,46.37917721029685
24318,0.600,0.990,45.43326859324365
24319,0.600,0.995,44.50259778231286
24320,0.600,1.000,43.587030331798225
24321,0.605,0.000,471.6478120598205
24322,0.605,0.005,469.28396092856434
24323,0.605,0.010,466.9130512561157
24324,0.605,0.015,464.5351169873941
24325,0.605,0.020,462.1501936263957
24326,0.605,0.025,459.7583182679449
24327,0.605,0.030,457.35952962986994
24328,0.605,0.035,454.9538680856009
24329,0.605,0.040,452.54137569718847
24330,0.605,0.045,450.1220962487362
24331,0.605,0.050,447.69607528024517
24332,0.605,0.055,445.26336012186465
24333,0.605,0.060,442.82399992854187
24334,0.605,0.065,440.37804571506575
24335,0.605,0.070,437.9255503914954
24336,0.605,0.075,435.46656879896693
24337,0.605,0.080,433.00115774586595
24338,0.605,0.085,430.52937604435806
24339,0.605,0.090,428.05128454726383
24340,0.605,0.095,425.5669461852662
24341,0.605,0.100,423.07642600443563
24342,0.605,0.105,420.57979120405895
24343,0.605,0.110,418.0771111747522
24344,0.605,0.115,415.56845753684297
24345,0.605,0.120,413.0539041789997
24346,0.605,0.125,410.5335272970878
24347,0.605,0.130,408.0074054332292
24348,0.605,0.135,405.4756195150403
24349,0.605,0.140,402.93825289502286
24350,0.605,0.145,400.39539139007724
24351,0.605,0.150,397.8471233211097
24352,0.605,0.155,395.29353955269823
24353,0.605,0.160,392.7347335327849
24354,0.605,0.165,390.1708013323553
24355,0.605,0.170,387.6018416850659
24356,0.605,0.175,385.0279560267778
24357,0.605,0.180,382.44924853495064
24358,0.605,0.185,379.86582616785034
24359,0.605,0.190,377.2777987035203
24360,0.605,0.195,374.68527877846066
24361,0.605,0.200,372.08838192596227
24362,0.605,0.205,369.4872266140337
24363,0.605,0.210,366.88193428285933
24364,0.605,0.215,364.27262938172214
24365,0.605,0.220,361.6594394053221
24366,0.605,0.225,359.04249492941705
24367,0.605,0.230,356.4219296457092
24368,0.605,0.235,353.7978803958969
24369,0.605,0.240,351.1704872048082
24370,0.605,0.245,348.5398933125274
24371,0.605,0.250,345.90624520542406
24372,0.605,0.255,343.2696926459872
24373,0.605,0.260,340.63038870136603
24374,0.605,0.265,337.98848977051296
24375,0.605,0.270,335.3441556098214
24376,0.605,0.275,332.69754935714616
24377,0.605,0.280,330.0488375540908
24378,0.605,0.285,327.39819016644145
24379,0.605,0.290,324.7457806026242
24380,0.605,0.295,322.09178573005704
24381,0.605,0.300,319.436385889265
24382,0.605,0.305,316.77976490562503
24383,0.605,0.310,314.12211009859726
24384,0.605,0.315,311.4636122883056
24385,0.605,0.320,308.80446579931726
24386,0.605,0.325,306.14486846147594
24387,0.605,0.330,303.4850216076346
24388,0.605,0.335,300.8251300681367
24389,0.605,0.340,298.1654021618854
24390,0.605,0.345,295.5060496838485
24391,0.605,0.350,292.8472878888331
24392,0.605,0.355,290.1893354713751
24393,0.605,0.360,287.53241454157813
24394,0.605,0.365,284.8767505967439
24395,0.605,0.370,282.22257248863053
24396,0.605,0.375,279.5701123861813
24397,0.605,0.380,276.91960573356397
24398,0.605,0.385,274.2712912033668
24399,0.605,0.390,271.6254106447968
24400,0.605,0.395,268.9822090267332
24401,0.605,0.400,266.34193437549095
24402,0.605,0.405,263.7048377071558
24403,0.605,0.410,261.0711729543584
24404,0.605,0.415,258.4411968873638
24405,0.605,0.420,255.81516902935658
24406,0.605,0.425,253.19335156581772
24407,0.605,0.430,250.57600924789256
24408,0.605,0.435,247.96340928966484
24409,0.605,0.440,245.35582125926362
24410,0.605,0.445,242.75351696374034
24411,0.605,0.450,240.15677032767277
24412,0.605,0.455,237.56585726546098
24413,0.605,0.460,234.98105554730554
24414,0.605,0.465,232.4026446588671
24415,0.605,0.470,229.83090565463255
24416,0.605,0.475,227.26612100502618
24417,0.605,0.480,224.70857443733118
24418,0.605,0.485,222.158550770501
24419,0.605,0.490,219.61633574397027
24420,0.605,0.495,217.08221584059112
24421,0.605,0.500,214.55647810384954
24422,0.605,0.505,212.03940994953754
24423,0.605,0.510,209.53129897208447
24424,0.605,0.515,207.03243274577366
24425,0.605,0.520,204.54309862109878
24426,0.605,0.525,202.06358351653816
24427,0.605,0.530,199.59417370605203
24428,0.605,0.535,197.13515460263375
24429,0.605,0.540,194.68681053827078
24430,0.605,0.545,192.2494245406969
24431,0.605,0.550,189.82327810734154
24432,0.605,0.555,187.4086509769051
24433,0.605,0.560,185.00582089901363
24434,0.605,0.565,182.61506340242565
24435,0.605,0.570,180.23665156228594
24436,0.605,0.575,177.8708557669396
24437,0.605,0.580,175.51794348483648
24438,0.605,0.585,173.17817903207145
24439,0.605,0.590,170.8518233411204
24440,0.605,0.595,168.5391337313413
24441,0.605,0.600,166.2403636818201
24442,0.605,0.605,163.95576260714662
24443,0.605,0.610,161.68557563671004
24444,0.605,0.615,159.4300433981041
24445,0.605,0.620,157.18940180523066
24446,0.605,0.625,154.9638818516861
24447,0.605,0.630,152.7537094100059
24448,0.605,0.635,150.55910503733458
24449,0.605,0.640,148.38028378807138
24450,0.605,0.645,146.21745503402903
24451,0.605,0.650,144.0708222926196
24452,0.605,0.655,141.94058306356152
24453,0.605,0.660,139.82692867457502
24454,0.605,0.665,137.73004413650486
24455,0.605,0.670,135.65010800827886
24456,0.605,0.675,133.58729227207647
24457,0.605,0.680,131.54176221904598
24458,0.605,0.685,129.5136763458707
24459,0.605,0.690,127.50318626244413
24460,0.605,0.695,125.51043661087301
24461,0.605,0.700,123.53556499598176
24462,0.605,0.705,121.57870192744977
24463,0.605,0.710,119.63997077366432
24464,0.605,0.715,117.719487727328
24465,0.605,0.720,115.81736178281028
24466,0.605,0.725,113.93369472518756
24467,0.605,0.730,112.06858113086771
24468,0.605,0.735,110.22210837964927
24469,0.605,0.740,108.39435667801943
24470,0.605,0.745,106.58539909344981
24471,0.605,0.750,104.79530159940586
24472,0.605,0.755,103.02412313074382
24473,0.605,0.760,101.27191564912813
24474,0.605,0.765,99.53872421806572
24475,0.605,0.770,97.8245870871161
24476,0.605,0.775,96.12953578480453
24477,0.605,0.780,94.45359521973396
24478,0.605,0.785,92.7967837893646
24479,0.605,0.790,91.15911349590522
24480,0.605,0.795,89.54059006873908
24481,0.605,0.800,87.94121309278975
24482,0.605,0.805,86.36097614221688
24483,0.605,0.810,84.79986691882196
24484,0.605,0.815,83.2578673945357
24485,0.605,0.820,81.73495395735516
24486,0.605,0.825,80.23109756009819
24487,0.605,0.830,78.7462638713455
24488,0.605,0.835,77.28041342794744
24489,0.605,0.840,75.83350178848188
24490,0.605,0.845,74.40547968706308
24491,0.605,0.850,72.99629318691625
24492,0.605,0.855,71.6058838331528
24493,0.605,0.860,70.23418880420164
24494,0.605,0.865,68.88114106137652
24495,0.605,0.870,67.54666949608554
24496,0.605,0.875,66.230699074217
24497,0.605,0.880,64.93315097726631
24498,0.605,0.885,63.65394273979899
24499,0.605,0.890,62.3929883828786
24500,0.605,0.895,61.15019854311951
24501,0.605,0.900,59.925480597059874
24502,0.605,0.905,58.71873878058105
24503,0.605,0.910,57.52987430313338
24504,0.605,0.915,56.3587854565583
24505,0.605,0.920,55.205367718325775
24506,0.605,0.925,54.06951384903204
24507,0.605,0.930,52.95111398402434
24508,0.605,0.935,51.85005571903704
24509,0.605,0.940,50.76622418973361
24510,0.605,0.945,49.69950214505184
24511,0.605,0.950,48.64977001424133
24512,0.605,0.955,47.616905967460916
24513,0.605,0.960,46.600785969764544
24514,0.605,0.965,45.60128382824227
24515,0.605,0.970,44.61827123199236
24516,0.605,0.975,43.651617784469195
24517,0.605,0.980,42.70119102757096
24518,0.605,0.985,41.76685645657904
24519,0.605,0.990,40.84847752471903
24520,0.605,0.995,39.94591563564444
24521,0.605,1.000,39.059030121508734
24522,0.610,0.000,469.3125803779909
24523,0.610,0.005,466.93213181770057
24524,0.610,0.010,464.5444884763124
24525,0.610,0.015,462.1496835278477
24526,0.610,0.020,459.7477517206427
24527,0.610,0.025,457.33872941012453
24528,0.610,0.030,454.922654592053
24529,0.610,0.035,452.49956693622676
24530,0.610,0.040,450.0695078206516
24531,0.610,0.045,447.6325203661689
24532,0.610,0.050,445.1886494715407
24533,0.610,0.055,442.73794184898804
24534,0.610,0.060,440.28044606017716
24535,0.610,0.065,437.8162125526492
24536,0.610,0.070,435.34529369668536
24537,0.610,0.075,432.86774382260313
24538,0.610,0.080,430.3836192584718
24539,0.610,0.085,427.89297836824085
24540,0.610,0.090,425.39588159026965
24541,0.610,0.095,422.8923914762471
24542,0.610,0.100,420.38257273048805
24543,0.610,0.105,417.8664922495927
24544,0.610,0.110,415.34421916245407
24545,0.610,0.115,412.8158248705954
24546,0.610,0.120,410.28138308881887
24547,0.610,0.125,407.7409698861474
24548,0.610,0.130,405.19466372703454
24549,0.610,0.135,402.64254551282124
24550,0.610,0.140,400.08469862341263
24551,0.610,0.145,397.52120895914686
24552,0.610,0.150,394.95216498282656
24553,0.610,0.155,392.3776577618813
24554,0.610,0.160,389.7977810106255
24555,0.610,0.165,387.2126311325753
24556,0.610,0.170,384.6223072627864
24557,0.610,0.175,382.0269113101675
24558,0.610,0.180,379.4265479997282
24559,0.610,0.185,376.82132491471094
24560,0.610,0.190,374.2113525385578
24561,0.610,0.195,371.5967442966559
24562,0.610,0.200,368.9776165978083
24563,0.610,0.205,366.35408887536454
24564,0.610,0.210,363.7262836279516
24565,0.610,0.215,361.094326459734
24566,0.610,0.220,358.45834612013505
24567,0.610,0.225,355.8184745429394
24568,0.610,0.230,353.1748468847034
24569,0.610,0.235,350.527601562385
24570,0.610,0.240,347.8768802901083
24571,0.610,0.245,345.2228281149721
24572,0.610,0.250,342.56559345180347
24573,0.610,0.255,339.90532811675837
24574,0.610,0.260,337.2421873596653
24575,0.610,0.265,334.57632989499916
24576,0.610,0.270,331.90791793137583
24577,0.610,0.275,329.23711719944544
24578,0.610,0.280,326.56409697806413
24579,0.610,0.285,323.88903011861487
24580,0.610,0.290,321.21209306734585
24581,0.610,0.295,318.5334658855904
24582,0.610,0.300,315.8533322677257
24583,0.610,0.305,313.17187955672784
24584,0.610,0.310,310.4892987571692
24585,0.610,0.315,307.8057845455093
24586,0.610,0.320,305.1215352775176
24587,0.610,0.325,302.43675299266914
24588,0.610,0.330,299.7516434153469
24589,0.610,0.335,297.0664159526848
24590,0.610,0.340,294.38128368887743
24591,0.610,0.345,291.6964633757878
24592,0.610,0.350,289.0121754196725
24593,0.610,0.355,286.3286438638521
24594,0.610,0.360,283.6460963671453
24595,0.610,0.365,280.9647641778897
24596,0.610,0.370,278.28488210337116
24597,0.610,0.375,275.60668847448085
24598,0.610,0.380,272.9304251054268
24599,0.610,0.385,270.25633724832255
24600,0.610,0.390,267.58467354248154
24601,0.610,0.395,264.9156859582503
24602,0.610,0.400,262.2496297352153
24603,0.610,0.405,259.58676331462505
24604,0.610,0.410,256.9273482658772
24605,0.610,0.415,254.27164920692496
24606,0.610,0.420,251.61993371846762
24607,0.610,0.425,248.97247225179893
24608,0.610,0.430,246.329538030199
24609,0.610,0.435,243.69140694376372
24610,0.610,0.440,241.05835743758584
24611,0.610,0.445,238.43067039320718
24612,0.610,0.450,235.8086290032863
24613,0.610,0.455,233.19251863943407
24614,0.610,0.460,230.5826267131963
24615,0.610,0.465,227.97924253017322
24616,0.610,0.470,225.38265713729464
24617,0.610,0.475,222.7931631632831
24618,0.610,0.480,220.21105465236832
24619,0.610,0.485,217.6366268913317
24620,0.610,0.490,215.07017622999373
24621,0.610,0.495,212.51199989527396
24622,0.610,0.500,209.9623957989876
24623,0.610,0.505,207.421662339565
24624,0.610,0.510,204.89009819791244
24625,0.610,0.515,202.36800212765806
24626,0.610,0.520,199.8556727400584
24627,0.610,0.525,197.35340828386956
24628,0.610,0.530,194.86150642051615
24629,0.610,0.535,192.380263994921
24630,0.610,0.540,189.90997680238866
24631,0.610,0.545,187.45093935196223
24632,0.610,0.550,185.00344462670424
24633,0.610,0.555,182.56778384137624
24634,0.610,0.560,180.14424619802108
24635,0.610,0.565,177.7331186399748
24636,0.610,0.570,175.33468560485852
24637,0.610,0.575,172.94922877712395
24638,0.610,0.580,170.57702684074434
24639,0.610,0.585,168.2183552326609
24640,0.610,0.590,165.87348589761066
24641,0.610,0.595,163.54268704497292
24642,0.610,0.600,161.2262229082828
24643,0.610,0.605,158.92435350806753
24644,0.610,0.610,156.6373344186633
24645,0.610,0.615,154.36541653967345
24646,0.610,0.620,152.10884587272466
24647,0.610,0.625,149.8678633041719
24648,0.610,0.630,147.64270439439395
24649,0.610,0.635,145.4335991743066
24650,0.610,0.640,143.24077194970533
24651,0.610,0.645,141.0644411140269
24652,0.610,0.650,138.9048189700965
24653,0.610,0.655,136.76211156139846
24654,0.610,0.660,134.63651851337696
24655,0.610,0.665,132.5282328852391
24656,0.610,0.670,130.43744103269455
24657,0.610,0.675,128.36432248202402
24658,0.610,0.680,126.30904981582647
24659,0.610,0.685,124.27178857074672
24660,0.610,0.690,122.25269714743754
24661,0.610,0.695,120.2519267329582
24662,0.610,0.700,118.26962123575919
24663,0.610,0.705,116.30591723334857
24664,0.610,0.710,114.3609439326788
24665,0.610,0.715,112.43482314323882
24666,0.610,0.720,110.52766926277717
24667,0.610,0.725,108.6395892755262
24668,0.610,0.730,106.77068276274213
24669,0.610,0.735,104.92104192531802
24670,0.610,0.740,103.09075161817397
24671,0.610,0.745,101.27988939607503
24672,0.610,0.750,99.48852557047672
24673,0.610,0.755,97.71672327694868
24674,0.610,0.760,95.96453855268128
24675,0.610,0.765,94.23202042353654
24676,0.610,0.770,92.51921100006447
24677,0.610,0.775,90.82614558186994
24678,0.610,0.780,89.15285276968169
24679,0.610,0.785,87.49935458444779
24680,0.610,0.790,85.86566659275599
24681,0.610,0.795,84.25179803785848
24682,0.610,0.800,82.65775197556529
24683,0.610,0.805,81.08352541425916
24684,0.610,0.810,79.5291094582798
24685,0.610,0.815,77.994489453924
24686,0.610,0.820,76.47964513731186
24687,0.610,0.825,74.98455078337837
24688,0.610,0.830,73.50917535526244
24689,0.610,0.835,72.05348265338424
24690,0.610,0.840,70.61743146352283
24691,0.610,0.845,69.20097570323475
24692,0.610,0.850,67.80406456598263
24693,0.610,0.855,66.42664266237948
24694,0.610,0.860,65.06865015799099
24695,0.610,0.865,63.73002290717999
24696,0.610,0.870,62.41069258252079
24697,0.610,0.875,61.110586799357314
24698,0.610,0.880,59.82962923512744
24699,0.610,0.885,58.56773974312451
24700,0.610,0.890,57.32483446041856
24701,0.610,0.895,56.10082590970893
24702,0.610,0.900,54.89562309493116
24703,0.610,0.905,53.70913159048957
24704,0.610,0.910,52.54125362403408
24705,0.610,0.915,51.391888152744734
24706,0.610,0.920,50.26093093312757
24707,0.610,0.925,49.14827458436197
24708,0.610,0.930,48.05380864526956
24709,0.610,0.935,46.97741962499656
24710,0.610,0.940,45.91899104751509
24711,0.610,0.945,44.878403490049514
24712,0.610,0.950,43.85553461552013
24713,0.610,0.955,42.85025919906483
24714,0.610,0.960,41.86244914864294
24715,0.610,0.965,40.89197351963988
24716,0.610,0.970,39.93869852326698
24717,0.610,0.975,39.002487528374495
24718,0.610,0.980,38.08320105605485
24719,0.610,0.985,37.1806967660822
24720,0.610,0.990,36.29482943378634
24721,0.610,0.995,35.4254509153521
24722,0.610,1.000,34.57241009871514
24723,0.615,0.000,466.96391232741274
24724,0.615,0.005,464.56662702209644
24725,0.615,0.010,462.1620062415417
24726,0.615,0.015,459.75008230622205
24727,0.615,0.020,457.3308891249552
24728,0.615,0.025,454.9044622287122
24729,0.615,0.030,452.4708388049343
24730,0.615,0.035,450.03005773235867
24731,0.615,0.040,447.5821596163512
24732,0.615,0.045,445.12718682474696
24733,0.615,0.050,442.66518352419524
24734,0.615,0.055,440.19619571700747
24735,0.615,0.060,437.72027127850475
24736,0.615,0.065,435.2374599948616
24737,0.615,0.070,432.7478136014391
24738,0.615,0.075,430.2513858216057
24739,0.615,0.080,427.748232406034
24740,0.615,0.085,425.2384111724701
24741,0.615,0.090,422.7219820459643
24742,0.615,0.095,420.19900709955357
24743,0.615,0.100,417.6695505953857
24744,0.615,0.105,415.1336790262699
24745,0.615,0.110,412.591461157643
24746,0.615,0.115,410.0429680699335
24747,0.615,0.120,407.48827320130704
24748,0.615,0.125,404.9274523907742
24749,0.615,0.130,402.3605839216406
24750,0.615,0.135,399.7877485652766
24751,0.615,0.140,397.2090296251812
24752,0.615,0.145,394.62451298131487
24753,0.615,0.150,392.0342871346717
24754,0.615,0.155,389.4384432520601
24755,0.615,0.160,386.8370752110583
24756,0.615,0.165,384.23027964510817
24757,0.615,0.170,381.6181559887093
24758,0.615,0.175,379.0008065226713
24759,0.615,0.180,376.3783364193792
24760,0.615,0.185,373.75085378802487
24761,0.615,0.190,371.11846971975456
24762,0.615,0.195,368.4812983326747
24763,0.615,0.200,365.83945681666415
24764,0.615,0.205,363.19306547792416
24765,0.615,0.210,360.5422477832088
24766,0.615,0.215,357.8871304036594
24767,0.615,0.220,355.22784325817645
24768,0.615,0.225,352.56451955624647
24769,0.615,0.230,349.89729584014583
24770,0.615,0.235,347.2263120264342
24771,0.615,0.240,344.55171144664683
24772,0.615,0.245,341.87364088709194
24773,0.615,0.250,339.1922506276513
24774,0.615,0.255,336.5076944794811
24775,0.615,0.260,333.82012982150263
24776,0.615,0.265,331.1297176355676
24777,0.615,0.270,328.43662254017875
24778,0.615,0.275,325.74101282264076
24779,0.615,0.280,323.0430604695112
24780,0.615,0.285,320.34294119521604
24781,0.615,0.290,317.6408344686891
24782,0.615,0.295,314.9369235378896
24783,0.615,0.300,312.2313954520473
24784,0.615,0.305,309.5244410814794
24785,0.615,0.310,306.81625513481686
24786,0.615,0.315,304.1070361734773
24787,0.615,0.320,301.39698662321047
24788,0.615,0.325,298.6863127825458
24789,0.615,0.330,295.9752248279586
24790,0.615,0.335,293.26393681557596
24791,0.615,0.340,290.5526666792335
24792,0.615,0.345,287.84163622469487
24793,0.615,0.350,285.1310711198394
24794,0.615,0.355,282.421200880627
24795,0.615,0.360,279.71225885263857
24796,0.615,0.365,277.0044821879998
24797,0.615,0.370,274.2981118174855
24798,0.615,0.375,271.59339241760824
24799,0.615,0.380,268.89057237249455
24800,0.615,0.385,266.1899037303506
24801,0.615,0.390,263.4916421543267
24802,0.615,0.395,260.79604686758887
24803,0.615,0.400,258.1033805924125
24804,0.615,0.405,255.41390948311962
24805,0.615,0.410,252.72790305268293
24806,0.615,0.415,250.045634092835
24807,0.615,0.420,247.36737858752258
24808,0.615,0.425,244.69341561956034
24809,0.615,0.430,242.02402727035044
24810,0.615,0.435,239.35949851254122
24811,0.615,0.440,236.7001170955227
24812,0.615,0.445,234.0461734236603
24813,0.615,0.450,231.3979604271955
24814,0.615,0.455,228.75577342575343
24815,0.615,0.460,226.1199099844221
24816,0.615,0.465,223.49066976238467
24817,0.615,0.470,220.8683543541153
24818,0.615,0.475,218.25326712316468
24819,0.615,0.480,215.64571302859662
24820,0.615,0.485,213.04599844415463
24821,0.615,0.490,210.45443097027305
24822,0.615,0.495,207.87131923907117
24823,0.615,0.500,205.2969727125022
24824,0.615,0.505,202.73170147385875
24825,0.615,0.510,200.17581601286957
24826,0.615,0.515,197.62962700465337
24827,0.615,0.520,195.0934450828312
24828,0.615,0.525,192.56758060713074
24829,0.615,0.530,190.05234342584973
24830,0.615,0.535,187.5480426335813
24831,0.615,0.540,185.0549863246356
24832,0.615,0.545,182.5734813426254
24833,0.615,0.550,180.1038330267181
24834,0.615,0.555,177.64634495508406
24835,0.615,0.560,175.20131868610522
24836,0.615,0.565,172.76905349793407
24837,0.615,0.570,170.3498461270214
24838,0.615,0.575,167.9439905062557
24839,0.615,0.580,165.55177750337975
24840,0.615,0.585,163.17349466037007
24841,0.615,0.590,160.80942593448276
24842,0.615,0.595,158.45985144168222
24843,0.615,0.600,156.12504720318142
24844,0.615,0.605,153.80528489582875
24845,0.615,0.610,151.5008316070808
24846,0.615,0.615,149.21194959529984
24847,0.615,0.620,146.93889605610923
24848,0.615,0.625,144.6819228955335
24849,0.615,0.630,142.44127651063422
24850,0.615,0.635,140.2171975783371
24851,0.615,0.640,138.00992085312228
24852,0.615,0.645,135.8196749742245
24853,0.615,0.650,133.6466822829577
24854,0.615,0.655,131.4911586507433
24855,0.615,0.660,129.35331331838225
24856,0.615,0.665,127.23334874706612
24857,0.615,0.670,125.13146048157499
24858,0.615,0.675,123.04783702605783
24859,0.615,0.680,120.98265973273612
24860,0.615,0.685,118.93610270381268
24861,0.615,0.690,116.90833270680653
24862,0.615,0.695,114.89950910347065
24863,0.615,0.700,112.90978379238365
24864,0.615,0.705,110.93930116523863
24865,0.615,0.710,108.98819807678396
24866,0.615,0.715,107.05660382830105
24867,0.615,0.720,105.14464016443434
24868,0.615,0.725,103.25242128311969
24869,0.615,0.730,101.38005385828848
24870,0.615,0.735,99.52763707495771
24871,0.615,0.740,97.69526267625068
24872,0.615,0.745,95.88301502183099
24873,0.615,0.750,94.09097115717113
24874,0.615,0.755,92.31920089302206
24875,0.615,0.760,90.5677668943968
24876,0.615,0.765,88.83672477833302
24877,0.615,0.770,87.12612321965705
24878,0.615,0.775,85.43600406393321
24879,0.615,0.780,83.76640244675094
24880,0.615,0.785,82.11734691847471
24881,0.615,0.790,80.48885957356369
24882,0.615,0.795,78.88095618355293
24883,0.615,0.800,77.29364633278259
24884,0.615,0.805,75.72693355596107
24885,0.615,0.810,74.18081547665581
24886,0.615,0.815,72.65528394581918
24887,0.615,0.820,71.15032517947833
24888,0.615,0.825,69.6659198947456
24889,0.615,0.830,68.20204344334111
24890,0.615,0.835,66.75866594185938
24891,0.615,0.840,65.33575239805974
24892,0.615,0.845,63.933262832513336
24893,0.615,0.850,62.55115239499639
24894,0.615,0.855,61.18937147508455
24895,0.615,0.860,59.8478658064683
24896,0.615,0.865,58.526576564582335
24897,0.615,0.870,57.22544045721402
24898,0.615,0.875,55.94438980783346
24899,0.615,0.880,54.68335263146447
24900,0.615,0.885,53.44225270299417
24901,0.615,0.890,52.22100961789651
24902,0.615,0.895,51.019538845421756
24903,0.615,0.900,49.83775177437737
24904,0.615,0.905,48.675555751697345
24905,0.615,0.910,47.53285411406212
24906,0.615,0.915,46.40954621289215
24907,0.615,0.920,45.30552743309085
24908,0.615,0.925,44.220689205957015
24909,0.615,0.930,43.154919016720825
24910,0.615,0.935,42.10810040717892
24911,0.615,0.940,41.08011297391076
24912,0.615,0.945,40.07083236254798
24913,0.615,0.950,39.08013025853562
24914,0.615,0.955,38.107874374767206
24915,0.615,0.960,37.15392843638518
24916,0.615,0.965,36.218152162908986
24917,0.615,0.970,35.30040124767383
24918,0.615,0.975,34.40052733431791
24919,0.615,0.980,33.51837798972858
24920,0.615,0.985,32.65379667241886
24921,0.615,0.990,31.806622694720907
24922,0.615,0.995,30.976691176402845
24923,0.615,1.000,30.163832986272276
24924,0.620,0.000,464.6019964546933
24925,0.620,0.005,462.1876332661212
24926,0.620,0.010,459.7657893254005
24927,0.620,0.015,457.3364960118859
24928,0.620,0.020,454.89978630593805
24929,0.620,0.025,452.45569482376885
24930,0.620,0.030,450.00425785283926
24931,0.620,0.035,447.54551338781164
24932,0.620,0.040,445.07950116705825
24933,0.620,0.045,442.6062627097249
24934,0.620,0.050,440.125841353352
24935,0.620,0.055,437.63828229204944
24936,0.620,0.060,435.1436326152269
24937,0.620,0.065,432.6419413468751
24938,0.620,0.070,430.1332594853953
24939,0.620,0.075,427.6176400439748
24940,0.620,0.080,425.09513809150053
24941,0.620,0.085,422.5658107940083
24942,0.620,0.090,420.02971745665747
24943,0.620,0.095,417.4869195662243
24944,0.620,0.100,414.93748083410514
24945,0.620,0.105,412.38146723981737
24946,0.620,0.110,409.8189470749861
24947,0.620,0.115,407.24999098780324
24948,0.620,0.120,404.6746720279437
24949,0.620,0.125,402.09306569192006
24950,0.620,0.130,399.5052499688595
24951,0.620,0.135,396.9113053866791
24952,0.620,0.140,394.31131505863846
24953,0.620,0.145,391.70536473024407
24954,0.620,0.150,389.0935428264777
24955,0.620,0.155,386.4759404993196
24956,0.620,0.160,383.852651675533
24957,0.620,0.165,381.22377310467664
24958,0.620,0.170,378.58940440730527
24959,0.620,0.175,375.94964812331904
24960,0.620,0.180,373.3046097604175
24961,0.620,0.185,370.65439784260957
24962,0.620,0.190,367.9991239587316
24963,0.620,0.195,365.3389028109153
24964,0.620,0.200,362.6738522629529
24965,0.620,0.205,360.0040933884922
24966,0.620,0.210,357.3297505190006
24967,0.620,0.215,354.65095129142327
24968,0.620,0.220,351.9678266954665
24969,0.620,0.225,349.2805111204222
24970,0.620,0.230,346.5891424014531
24971,0.620,0.235,343.89386186524956
24972,0.620,0.240,341.19481437496415
24973,0.620,0.245,338.4921483743257
24974,0.620,0.250,335.7860159308298
24975,0.620,0.255,333.0765727778959
24976,0.620,0.260,330.3639783558759
24977,0.620,0.265,327.64839585179664
24978,0.620,0.270,324.9299922377064
24979,0.620,0.275,322.2089383074976
24980,0.620,0.280,319.48540871206575
24981,0.620,0.285,316.75958199266233
24982,0.620,0.290,314.03164061229245
24983,0.620,0.295,311.301770985001
24984,0.620,0.300,308.57016350288774
24985,0.620,0.305,305.83701256068406
24986,0.620,0.310,303.102516577717
24987,0.620,0.315,300.36687801708626
24988,0.620,0.320,297.63030340186555
24989,0.620,0.325,294.893003328144
24990,0.620,0.330,292.1551924747101
24991,0.620,0.335,289.417089609182
24992,0.620,0.340,286.6789175903794
24993,0.620,0.345,283.9409033667302
24994,0.620,0.350,281.20327797050174
24995,0.620,0.355,278.46627650764265
24996,0.620,0.360,275.7301381430172
24997,0.620,0.365,272.99510608081687
24998,0.620,0.370,270.26142753992633
24999,0.620,0.375,267.5293537240251
25000,0.620,0.380,264.7991397862055
25001,0.620,0.385,262.0710447878865
25002,0.620,0.390,259.34533165180807
25003,0.620,0.395,256.622267108892
25004,0.620,0.400,253.90212163875958
25005,0.620,0.405,251.18516940370262
25006,0.620,0.410,248.4716881759102
25007,0.620,0.415,245.76195925776148
25008,0.620,0.420,243.05626739500488
25009,0.620,0.425,240.35490068265312
25010,0.620,0.430,237.65815046343877
25011,0.620,0.435,234.96631121868361
25012,0.620,0.440,232.27968045145738
25013,0.620,0.445,229.5985585619104
25014,0.620,0.450,226.92324871469168
25015,0.620,0.455,224.25405669837582
25016,0.620,0.460,221.59129077685228
25017,0.620,0.465,218.93526153264608
25018,0.620,0.470,216.28628170217348
25019,0.620,0.475,213.6446660029527
25020,0.620,0.480,211.0107309528295
25021,0.620,0.485,208.38479468129736
25022,0.620,0.490,205.76717673303256
25023,0.620,0.495,203.15819786379083
25024,0.620,0.500,200.558179828851
25025,0.620,0.505,197.96744516422453
25026,0.620,0.510,195.38631696088777
25027,0.620,0.515,192.81511863233035
25028,0.620,0.520,190.25417367575176
25029,0.620,0.525,187.70380542727736
25030,0.620,0.530,185.16433681160336
25031,0.620,0.535,182.63609008651954
25032,0.620,0.540,180.1193865827975
25033,0.620,0.545,177.6145464399701
25034,0.620,0.550,175.12188833856595
25035,0.620,0.555,172.64172922939744
25036,0.620,0.560,170.1743840605382
25037,0.620,0.565,167.7201655026565
25038,0.620,0.570,165.27938367340374
25039,0.620,0.575,162.85234586158484
25040,0.620,0.580,160.4393562518638
25041,0.620,0.585,158.04071565077916
25042,0.620,0.590,155.65672121486472
25043,0.620,0.595,153.28766618168498
25044,0.620,0.600,150.9338396046062
25045,0.620,0.605,148.59552609213125
25046,0.620,0.610,146.2730055526278
25047,0.620,0.615,143.96655294527739
25048,0.620,0.620,141.67643803806325
25049,0.620,0.625,139.4029251736039
25050,0.620,0.630,137.1462730436176
25051,0.620,0.635,134.90673447278084
25052,0.620,0.640,132.68455621271187
25053,0.620,0.645,130.47997874677583
25054,0.620,0.650,128.29323610636476
25055,0.620,0.655,126.12455569926054
25056,0.620,0.660,123.97415815063414
25057,0.620,0.665,121.84225715717808
25058,0.620,0.670,119.72905935480532
25059,0.620,0.675,117.63476420028034
25060,0.620,0.680,115.55956386707633
25061,0.620,0.685,113.50364315567614
25062,0.620,0.690,111.4671794184558
25063,0.620,0.695,109.45034249920666
25064,0.620,0.700,107.45329468726823
25065,0.620,0.705,105.47619068615676
25066,0.620,0.710,103.51917759648752
25067,0.620,0.715,101.58239491290207
25068,0.620,0.720,99.66597453462215
25069,0.620,0.725,97.77004078916791
25070,0.620,0.730,95.89471046869275
25071,0.620,0.735,94.04009287830539
25072,0.620,0.740,92.20628989567199
25073,0.620,0.745,90.39339604111719
25074,0.620,0.750,88.60149855737357
25075,0.620,0.755,86.83067749806683
25076,0.620,0.760,85.08100582396663
25077,0.620,0.765,83.35254950598414
25078,0.620,0.770,81.64536763385594
25079,0.620,0.775,79.95951252942028
25080,0.620,0.780,78.29502986336905
25081,0.620,0.785,76.65195877434246
25082,0.620,0.790,75.03033198923067
25083,0.620,0.795,73.43017594355061
25084,0.620,0.800,71.85151090078313
25085,0.620,0.805,70.29435106958161
25086,0.620,0.810,68.75870471779973
25087,0.620,0.815,67.2445742823344
25088,0.620,0.820,65.75195647383606
25089,0.620,0.825,64.2808423754071
25090,0.620,0.830,62.83121753448497
25091,0.620,0.835,61.4030620471929
25092,0.620,0.840,59.99635063453389
25093,0.620,0.845,58.61105270990623
25094,0.620,0.850,57.24713243752426
25095,0.620,0.855,55.90454878144245
25096,0.620,0.860,54.58325554499736
25097,0.620,0.865,53.28320140060156
25098,0.620,0.870,52.00432990994591
25099,0.620,0.875,50.74657953478771
25100,0.620,0.880,49.50988363862339
25101,0.620,0.885,48.29417047966163
25102,0.620,0.890,47.099363195626395
25103,0.620,0.895,45.925379781026635
25104,0.620,0.900,44.77213305762908
25105,0.620,0.905,43.639530638960665
25106,0.620,0.910,42.52747488974655
25107,0.620,0.915,41.4358628812558
25108,0.620,0.920,40.36458634357862
25109,0.620,0.925,39.31353161589417
25110,0.620,0.930,38.282579595804364
25111,0.620,0.935,37.27160568880497
25112,0.620,0.940,36.28047975893697
25113,0.620,0.945,35.309066081607114
25114,0.620,0.950,34.35722329948101
25115,0.620,0.955,33.42480438223149
25116,0.620,0.960,32.51165659076218
25117,0.620,0.965,31.617621446311862
25118,0.620,0.970,30.742534704569053
25119,0.620,0.975,29.886226334569617
25120,0.620,0.980,29.048520501693623
25121,0.620,0.985,28.22923555348866
25122,0.620,0.990,27.42818400628475
25123,0.620,0.995,26.645172529573177
25124,0.620,1.000,25.88000192381937
25125,0.625,0.000,462.22704754233155
25126,0.625,0.005,459.79536380092753
25127,0.625,0.010,457.3560493201911
25128,0.625,0.015,454.9091344456995
25129,0.625,0.020,452.4546511351578
25130,0.625,0.025,449.9926329942802
25131,0.625,0.030,447.52311531326956
25132,0.625,0.035,445.04613510389964
25133,0.625,0.040,442.5617311372034
25134,0.625,0.045,440.06994398176926
25135,0.625,0.050,437.5708160426468
25136,0.625,0.055,435.0643916008632
25137,0.625,0.060,432.5507168535516
25138,0.625,0.065,430.0298399546896
25139,0.625,0.070,427.50181105644776
25140,0.625,0.075,424.9666823511465
25141,0.625,0.080,422.4245081138172
25142,0.625,0.085,419.87534474536426
25143,0.625,0.090,417.3192508163239
25144,0.625,0.095,414.756287111212
25145,0.625,0.100,412.1865166734541
25146,0.625,0.105,409.61000485088977
25147,0.625,0.110,407.02681934183977
25148,0.625,0.115,404.4370302417244
25149,0.625,0.120,401.8407100902215
25150,0.625,0.125,399.2379339189454
25151,0.625,0.130,396.6287792996341
25152,0.625,0.135,394.0133263928224
25153,0.625,0.140,391.3916579969814
25154,0.625,0.145,388.7638595981006
25155,0.625,0.150,386.13001941968804
25156,0.625,0.155,383.4902284731581
25157,0.625,0.160,380.84458060857884
25158,0.625,0.165,378.1931725657434
25159,0.625,0.170,375.53610402552965
25160,0.625,0.175,372.8734776615081
25161,0.625,0.180,370.2053991917559
25162,0.625,0.185,367.53197743082995
25163,0.625,0.190,364.8533243418496
25164,0.625,0.195,362.169555088634
25165,0.625,0.200,359.48078808783924
25166,0.625,0.205,356.78714506102966
25167,0.625,0.210,354.0887510866208
25168,0.625,0.215,351.3857346516208
25169,0.625,0.220,348.6782277030964
25170,0.625,0.225,345.96636569928256
25171,0.625,0.230,343.2502876602509
25172,0.625,0.235,340.5301362180461
25173,0.625,0.240,337.8060576661947
25174,0.625,0.245,335.0782020084848
25175,0.625,0.250,332.34672300690903
25176,0.625,0.255,329.61177822865795
25177,0.625,0.260,326.87352909204463
25178,0.625,0.265,324.13214091123507
25179,0.625,0.270,321.38778293965225
25180,0.625,0.275,318.6406284119162
25181,0.625,0.280,315.8908545841749
25182,0.625,0.285,313.13864277267464
25183,0.625,0.290,310.3841783904122
25184,0.625,0.295,307.62765098170394
25185,0.625,0.300,304.86925425449937
25186,0.625,0.305,302.10918611026364
25187,0.625,0.310,299.3476486712402
25188,0.625,0.315,296.5848483049071
25189,0.625,0.320,293.82099564542455
25190,0.625,0.325,291.05630561187445
25191,0.625,0.330,288.2909974230776
25192,0.625,0.335,285.52529460877724
25193,0.625,0.340,282.7594250169638
25194,0.625,0.345,279.9936208171201
25195,0.625,0.350,277.2281184991505
25196,0.625,0.355,274.4631588677655
25197,0.625,0.360,271.698987032079
25198,0.625,0.365,268.93585239018114
25199,0.625,0.370,266.1740086084418
25200,0.625,0.375,263.41371359530143
25201,0.625,0.380,260.65522946930525
25202,0.625,0.385,257.8988225211361
25203,0.625,0.390,255.1447631694043
25204,0.625,0.395,252.39332590995556
25205,0.625,0.400,249.6447892584599
25206,0.625,0.405,246.89943568605344
25207,0.625,0.410,244.1575515478075
25208,0.625,0.415,241.41942700381162
25209,0.625,0.420,238.6853559326632
25210,0.625,0.425,235.9556358371701
25211,0.625,0.430,233.23056774208544
25212,0.625,0.435,230.51045608370637
25213,0.625,0.440,227.79560859118993
25214,0.625,0.445,225.08633615945078
25215,0.625,0.450,222.3829527135345
25216,0.625,0.455,219.68577506437387
25217,0.625,0.460,216.99512275586852
25218,0.625,0.465,214.31131790324636
25219,0.625,0.470,211.63468502270248
25220,0.625,0.475,208.96555085233325
25221,0.625,0.480,206.30424416442355
25222,0.625,0.485,203.6510955691719
25223,0.625,0.490,201.0064373099823
25224,0.625,0.495,198.3706030504824
25225,0.625,0.500,195.74392765347162
25226,0.625,0.505,193.1267469520427
25227,0.625,0.510,190.51939751316135
25228,0.625,0.515,187.92221639403363
25229,0.625,0.520,185.33554089163349
25230,0.625,0.525,182.75970828580978
25231,0.625,0.530,180.1950555764337
25232,0.625,0.535,177.6419192150977
25233,0.625,0.540,175.1006348319175
25234,0.625,0.545,172.57153695803567
25235,0.625,0.550,170.05495874446822
25236,0.625,0.555,167.55123167797697
25237,0.625,0.560,165.06068529469138
25238,0.625,0.565,162.5836468922411
25239,0.625,0.570,160.12044124119623
25240,0.625,0.575,157.67139029664406
25241,0.625,0.580,155.2368129107597
25242,0.625,0.585,152.81702454725323
25243,0.625,0.590,150.41233699859634
25244,0.625,0.595,148.02305810694543
25245,0.625,0.600,145.6494914896896
25246,0.625,0.605,143.29193627055625
25247,0.625,0.610,140.9506868172041
25248,0.625,0.615,138.62603248622634
25249,0.625,0.620,136.31825737647193
25250,0.625,0.625,134.02764009156974
25251,0.625,0.630,131.75445351251304
25252,0.625,0.635,129.49896458112428
25253,0.625,0.640,127.26143409517654
25254,0.625,0.645,125.04211651589709
25255,0.625,0.650,122.84125978851955
25256,0.625,0.655,120.65910517648555
25257,0.625,0.660,118.4958871098237
25258,0.625,0.665,116.35183304815378
25259,0.625,0.670,114.22716335867887
25260,0.625,0.675,112.12209120943474
25261,0.625,0.680,110.03682247797012
25262,0.625,0.685,107.97155567552815
25263,0.625,0.690,105.9264818866938
25264,0.625,0.695,103.90178472436313
25265,0.625,0.700,101.89764029977766
25266,0.625,0.705,99.91421720725585
25267,0.625,0.710,97.95167652313823
25268,0.625,0.715,96.01017181835338
25269,0.625,0.720,94.0898491838975
25270,0.625,0.725,92.19084726841659
25271,0.625,0.730,90.31329732697446
25272,0.625,0.735,88.45732327999313
25273,0.625,0.740,86.62304178126153
25274,0.625,0.745,84.81056229382452
25275,0.625,0.750,83.0199871724914
25276,0.625,0.755,81.2514117516392
25277,0.625,0.760,79.5049244369344
25278,0.625,0.765,77.78060679955699
25279,0.625,0.770,76.07853367148536
25280,0.625,0.775,74.3987732403886
25281,0.625,0.780,72.7413871426764
25282,0.625,0.785,71.106430553276
25283,0.625,0.790,69.49395227074078
25284,0.625,0.795,67.9039947963467
25285,0.625,0.800,66.33659440590085
25286,0.625,0.805,64.79178121307092
25287,0.625,0.810,63.26957922314387
25288,0.625,0.815,61.770006376239245
25289,0.625,0.820,60.293074579130966
25290,0.625,0.825,58.83878972497724
25291,0.625,0.830,57.40715170041285
25292,0.625,0.835,55.9981543796264
25293,0.625,0.840,54.611785605220646
25294,0.625,0.845,53.24802715583829
25295,0.625,0.850,51.90685470072378
25296,0.625,0.855,50.58823774158408
25297,0.625,0.860,49.292139542303374
25298,0.625,0.865,48.01851704725712
25299,0.625,0.870,46.767320789156564
25300,0.625,0.875,45.53849478753345
25301,0.625,0.880,44.33197643914299
25302,0.625,0.885,43.147696401719166
25303,0.625,0.890,41.98557847265675
25304,0.625,0.895,40.845539464317454
25305,0.625,0.900,39.7274890777597
25306,0.625,0.905,38.63132977677123
25307,0.625,0.910,37.55695666413943
25308,0.625,0.915,36.50425736212149
25309,0.625,0.920,35.473111899077225
25310,0.625,0.925,34.46339260419592
25311,0.625,0.930,33.47496401218611
25312,0.625,0.935,32.507682779700794
25313,0.625,0.940,31.561397615137746
25314,0.625,0.945,30.635949223284584
25315,0.625,0.950,29.73117026606627
25316,0.625,0.955,28.8468853403956
25317,0.625,0.960,27.982910973818985
25318,0.625,0.965,27.139055638281494
25319,0.625,0.970,26.315119781896044
25320,0.625,0.975,25.510895878073388
25321,0.625,0.980,24.726168490730775
25322,0.625,0.985,23.960714353512778
25323,0.625,0.990,23.214302459983625
25324,0.625,0.995,22.486694160521818
25325,0.625,1.000,21.77764326007808
25326,0.630,0.000,459.83930838803417
25327,0.630,0.005,457.3900602185298
25328,0.630,0.010,454.9330264865073
25329,0.630,0.015,452.468236405862
25330,0.630,0.020,449.9957208120182
25331,0.630,0.025,447.51551219883794
25332,0.630,0.030,445.0276447561782
25333,0.630,0.035,442.5321544081007
25334,0.630,0.040,440.0290788517404
25335,0.630,0.045,437.5184575968354
25336,0.630,0.050,435.00033200592327
25337,0.630,0.055,432.4747453352059
25338,0.630,0.060,429.9417427760868
25339,0.630,0.065,427.4013714973808
25340,0.630,0.070,424.8536806881983
25341,0.630,0.075,422.29872160150535
25342,0.630,0.080,419.7365475983553
25343,0.630,0.085,417.16721419279526
25344,0.630,0.090,414.59077909744053
25345,0.630,0.095,412.007302269715
25346,0.630,0.100,409.41684595875256
25347,0.630,0.105,406.81947475295215
25348,0.630,0.110,404.21525562818
25349,0.630,0.115,401.60425799660766
25350,0.630,0.120,398.9865537561774
25351,0.630,0.125,396.3622173406796
25352,0.630,0.130,393.73132577043003
25353,0.630,0.135,391.09395870352813
25354,0.630,0.140,388.4501984876792
25355,0.630,0.145,385.8001302125581
25356,0.630,0.150,383.1438417626929
25357,0.630,0.155,380.4814238708403
25358,0.630,0.160,377.81297017182516
25359,0.630,0.165,375.13857725681305
25360,0.630,0.170,372.45834472798003
25361,0.630,0.175,369.7723752535417
25362,0.630,0.180,367.08077462310206
25363,0.630,0.185,364.3836518032738
25364,0.630,0.190,361.6811189935259
25365,0.630,0.195,358.97329168220034
25366,0.630,0.200,356.26028870264616
25367,0.630,0.205,353.5422322894057
25368,0.630,0.210,350.8192481343902
25369,0.630,0.215,348.0914654429702
25370,0.630,0.220,345.35901698990983
25371,0.630,0.225,342.6220391750594
25372,0.630,0.230,339.8806720787227
25373,0.630,0.235,337.13505951660574
25374,0.630,0.240,334.3853490942496
25375,0.630,0.245,331.63169226084193
25376,0.630,0.250,328.8742443622985
25377,0.630,0.255,326.1131646934968
25378,0.630,0.260,323.3486165495381
25379,0.630,0.265,320.58076727590833
25380,0.630,0.270,317.80978831739924
25381,0.630,0.275,315.0358552656466
25382,0.630,0.280,312.2591479051325
25383,0.630,0.285,309.4798502574925
25384,0.630,0.290,306.6981506239612
25385,0.630,0.295,303.91424162578244
25386,0.630,0.300,301.1283202423998
25387,0.630,0.305,298.34058784724124
25388,0.630,0.310,295.5512502408968
25389,0.630,0.315,292.76051768148875
25390,0.630,0.320,289.96860491201767
25391,0.630,0.325,287.17573118446927
25392,0.630,0.330,284.3821202804521
25393,0.630,0.335,281.5880005281358
25394,0.630,0.340,278.79360481524736
25395,0.630,0.345,275.9991705978834
25396,0.630,0.350,273.2049399048827
25397,0.630,0.355,270.4111593375075
25398,0.630,0.360,267.61808006416874
25399,0.630,0.365,264.8259578099337
25400,0.630,0.370,262.0350528405465
25401,0.630,0.375,259.2456299406938
25402,0.630,0.380,256.4579583862433
25403,0.630,0.385,253.6723119101858
25404,0.630,0.390,250.88896866200997
25405,0.630,0.395,248.10821116024357
25406,0.630,0.400,245.33032623789703
25407,0.630,0.405,242.55560498055098
25408,0.630,0.410,239.78434265683651
25409,0.630,0.415,237.01683864106474
25410,0.630,0.420,234.25339632777292
25411,0.630,0.425,231.49432303796615
25412,0.630,0.430,228.73992991684898
25413,0.630,0.435,225.99053182285388
25414,0.630,0.440,223.2464472077984
25415,0.630,0.445,220.50799798801506
25416,0.630,0.450,217.77550940632898
25417,0.630,0.455,215.04930988477648
25418,0.630,0.460,212.32973086799177
25419,0.630,0.465,209.61710665721253
25420,0.630,0.470,206.9117742348942
25421,0.630,0.475,204.2140730799504
25422,0.630,0.480,201.524344973682
25423,0.630,0.485,198.84293379648892
25424,0.630,0.490,196.17018531550724
25425,0.630,0.495,193.50644696335294
25426,0.630,0.500,190.8520676082029
25427,0.630,0.505,188.2073973154888
25428,0.630,0.510,185.57278710153102
25429,0.630,0.515,182.94858867948784
25430,0.630,0.520,180.335154198049
25431,0.630,0.525,177.73283597335333
25432,0.630,0.530,175.14198621466392
25433,0.630,0.535,172.56295674438687
25434,0.630,0.540,169.99609871307203
25435,0.630,0.545,167.44176231008564
25436,0.630,0.550,164.90029647069525
25437,0.630,0.555,162.37204858035585
25438,0.630,0.560,159.85736417703185
25439,0.630,0.565,157.35658665243326
25440,0.630,0.570,154.87005695308326
25441,0.630,0.575,152.39811328217104
25442,0.630,0.580,149.9410908031733
25443,0.630,0.585,147.49932134625408
25444,0.630,0.590,145.07313311847255
25445,0.630,0.595,142.6628504188393
25446,0.630,0.600,140.26879335927026
25447,0.630,0.605,137.89127759248348
25448,0.630,0.610,135.53061404787496
25449,0.630,0.615,133.1871086763903
25450,0.630,0.620,130.86106220538215
25451,0.630,0.625,128.55276990440518
25452,0.630,0.630,126.2625213628538
25453,0.630,0.635,123.99060028029118
25454,0.630,0.640,121.7372842702509
25455,0.630,0.645,119.50284467821612
25456,0.630,0.650,117.28754641439393
25457,0.630,0.655,115.09164780180662
25458,0.630,0.660,112.91540044011585
25459,0.630,0.665,110.75904908548117
25460,0.630,0.670,108.62283154663169
25461,0.630,0.675,106.50697859720037
25462,0.630,0.680,104.41171390423284
25463,0.630,0.685,102.3372539726423
25464,0.630,0.690,100.28380810523495
25465,0.630,0.695,98.25157837778211
25466,0.630,0.700,96.2407596284652
25467,0.630,0.705,94.2515394608693
25468,0.630,0.710,92.28409825955332
25469,0.630,0.715,90.33860921708117
25470,0.630,0.720,88.41523837125862
25471,0.630,0.725,86.51414465119022
25472,0.630,0.730,84.63547993065025
25473,0.630,0.735,82.77938908715026
25474,0.630,0.740,80.94601006499134
25475,0.630,0.745,79.13547394050845
25476,0.630,0.750,77.34790498765155
25477,0.630,0.755,75.583420742005
25478,0.630,0.760,73.84213206132499
25479,0.630,0.765,72.1241431806745
25480,0.630,0.770,70.42955176026098
25481,0.630,0.775,68.75844892413018
25482,0.630,0.780,67.11091928794578
25483,0.630,0.785,65.48704097418532
25484,0.630,0.790,63.88688561321166
25485,0.630,0.795,62.310518328832224
25486,0.630,0.800,60.757997707138685
25487,0.630,0.805,59.22937574762308
25488,0.630,0.810,57.72469779579315
25489,0.630,0.815,56.244002456757315
25490,0.630,0.820,54.7873214895156
25491,0.630,0.825,53.354679681974446
25492,0.630,0.830,51.94609470699718
25493,0.630,0.835,50.561576960104496
25494,0.630,0.840,49.20112937974646
25495,0.630,0.845,47.86474725137544
25496,0.630,0.850,46.552417996852
25497,0.630,0.855,45.26412095101118
25498,0.630,0.860,43.999827127496836
25499,0.630,0.865,42.759498976234234
25500,0.630,0.870,41.54309013515014
25501,0.630,0.875,40.350545178960964
25502,0.630,0.880,39.18179936802873
25503,0.630,0.885,38.03677840042785
25504,0.630,0.890,36.915398170468926
25505,0.630,0.895,35.81756453698731
25506,0.630,0.900,34.74317310471928
25507,0.630,0.905,33.69210902205813
25508,0.630,0.910,32.664246798402814
25509,0.630,0.915,31.659450144183726
25510,0.630,0.920,30.677571836473163
25511,0.630,0.925,29.71845361286291
25512,0.630,0.930,28.7819260960182
25513,0.630,0.935,27.867808750999014
25514,0.630,0.940,26.9759098770751
25515,0.630,0.945,26.106026635353434
25516,0.630,0.950,25.257945113084762
25517,0.630,0.955,24.431440425019137
25518,0.630,0.960,23.626276851635858
25519,0.630,0.965,22.842208013475297
25520,0.630,0.970,22.07897708013926
25521,0.630,0.975,21.336317011786168
25522,0.630,0.980,20.613950830106614
25523,0.630,0.985,19.91159191478739
25524,0.630,0.990,19.22894432031145
25525,0.630,0.995,18.56570310652939
25526,0.630,1.000,17.921554674680124
25527,0.635,0.000,457.439051664959
25528,0.635,0.005,454.97199434929513
25529,0.635,0.010,452.4969916888046
25530,0.635,0.015,450.0140716624125
25531,0.635,0.020,447.5232638780555
25532,0.635,0.025,445.0245996106068
25533,0.635,0.030,442.51811184049996
25534,0.635,0.035,440.00383529305805
25535,0.635,0.040,437.4818064785356
25536,0.635,0.045,434.95206373287823
25537,0.635,0.050,432.41464725920815
25538,0.635,0.055,429.8695991700388
25539,0.635,0.060,427.3169635302244
25540,0.635,0.065,424.75678640064893
25541,0.635,0.070,422.18911588265684
25542,0.635,0.075,419.6140021632293
25543,0.635,0.080,417.0314975609072
25544,0.635,0.085,414.4416565724617
25545,0.635,0.090,411.84453592031264
25546,0.635,0.095,409.24019460069366
25547,0.635,0.100,406.6286939325603
25548,0.635,0.105,404.0100976072395
25549,0.635,0.110,401.3844717388139
25550,0.635,0.115,398.7518849152341
25551,0.635,0.120,396.1124082501525
25552,0.635,0.125,393.4661154354661
25553,0.635,0.130,390.8130827945593
25554,0.635,0.135,388.15338933622974
25555,0.635,0.140,385.4871168092839
25556,0.635,0.145,382.8143497577829
25557,0.635,0.150,380.1351755769171
25558,0.635,0.155,377.4496845694877
25559,0.635,0.160,374.7579700029675
25560,0.635,0.165,372.0601281671124
25561,0.635,0.170,369.3562584320923
25562,0.635,0.175,366.6464633071033
25563,0.635,0.180,363.9308484994237
25564,0.635,0.185,361.2095229738711
25565,0.635,0.190,358.4825990126122
25566,0.635,0.195,355.7501922752747
25567,0.635,0.200,353.01242185930727
25568,0.635,0.205,350.2694103605232
25569,0.635,0.210,347.52128393376876
25570,0.635,0.215,344.7681723536392
25571,0.635,0.220,342.0102090751732
25572,0.635,0.225,339.2475312944392
25573,0.635,0.230,336.48028000893004
25574,0.635,0.235,333.7086000776711
25575,0.635,0.240,330.93264028094273
25576,0.635,0.245,328.1525533795108
25577,0.635,0.250,325.36849617325294
25578,0.635,0.255,322.58062955905876
25579,0.635,0.260,319.78911858787814
25580,0.635,0.265,316.9941325207827
25581,0.635,0.270,314.19584488389626
25582,0.635,0.275,311.39443352204523
25583,0.635,0.280,308.590080650969
25584,0.635,0.285,305.78297290792443
25585,0.635,0.290,302.9733014005079
25586,0.635,0.295,300.16126175351167
25587,0.635,0.300,297.3470541536215
25588,0.635,0.305,294.5308833917555
25589,0.635,0.310,291.71295890283136
25590,0.635,0.315,288.893494802749
25591,0.635,0.320,286.0727099223547
25592,0.635,0.325,283.25082783815793
25593,0.635,0.330,280.4280768995522
25594,0.635,0.335,277.60469025229236
25595,0.635,0.340,274.78090585796616
25596,0.635,0.345,271.9569665091965
25597,0.635,0.350,269.1331198402981
25598,0.635,0.355,266.30961833311375
25599,0.635,0.360,263.4867193177405
25600,0.635,0.365,260.6646849678598
25601,0.635,0.370,257.84378229037685
25602,0.635,0.375,255.024283109072
25603,0.635,0.380,252.2064640419675
25604,0.635,0.385,249.39060647210815
25605,0.635,0.390,246.57699651145944
25606,0.635,0.395,243.7659249576249
25607,0.635,0.400,240.95768724309
25608,0.635,0.405,238.15258337670517
25609,0.635,0.410,235.35091787712582
25610,0.635,0.415,232.55299969793825
25611,0.635,0.420,229.7591421442102
25612,0.635,0.425,226.96966278021696
25613,0.635,0.430,224.18488332811387
25614,0.635,0.435,221.4051295573356
25615,0.635,0.440,218.6307311645342
25616,0.635,0.445,215.86202164387967
25617,0.635,0.450,213.09933814758276
25618,0.635,0.455,210.34302133651923
25619,0.635,0.460,207.59341522087533
25620,0.635,0.465,204.8508669907598
25621,0.635,0.470,202.1157268367735
25622,0.635,0.475,199.38834776056012
25623,0.635,0.480,196.66908537541235
25624,0.635,0.485,193.95829769704608
25625,0.635,0.490,191.2563449247115
25626,0.635,0.495,188.5635892128546
25627,0.635,0.500,185.88039443360123
25628,0.635,0.505,183.20712593038874
25629,0.635,0.510,180.54415026312935
25630,0.635,0.515,177.89183494534907
25631,0.635,0.520,175.25054817380567
25632,0.635,0.525,172.62065855115154
25633,0.635,0.530,170.00253480226965
25634,0.635,0.535,167.39654548497165
25635,0.635,0.540,164.80305869580943
25636,0.635,0.545,162.22244177181108
25637,0.635,0.550,159.65506098901008
25638,0.635,0.555,157.10128125869255
25639,0.635,0.560,154.56146582233907
25640,0.635,0.565,152.03597594628582
25641,0.635,0.570,149.5251706171726
25642,0.635,0.575,147.0294062392826
25643,0.635,0.580,144.54903633490983
25644,0.635,0.585,142.0844112489115
25645,0.635,0.590,139.63587785862043
25646,0.635,0.595,137.2037792902941
25647,0.635,0.600,134.7884546432753
25648,0.635,0.605,132.39023872302286
25649,0.635,0.610,130.00946178414378
25650,0.635,0.615,127.6464492845181
25651,0.635,0.620,125.30152165155799
25652,0.635,0.625,122.97499406157444
25653,0.635,0.630,120.66717623314763
25654,0.635,0.635,118.37837223530398
25655,0.635,0.640,116.10888031119559
25656,0.635,0.645,113.85899271785757
25657,0.635,0.650,111.62899558248472
25658,0.635,0.655,109.41916877552191
25659,0.635,0.660,107.2297858007032
25660,0.635,0.665,105.0611137020039
25661,0.635,0.670,102.91341298728916
25662,0.635,0.675,100.78693756825336
25663,0.635,0.680,98.68193471604735
25664,0.635,0.685,96.59864503178962
25665,0.635,0.690,94.53730243095272
25666,0.635,0.695,92.498134140411
25667,0.635,0.700,90.48136070673299
25668,0.635,0.705,88.48719601410413
25669,0.635,0.710,86.51584731007505
25670,0.635,0.715,84.5675152371533
25671,0.635,0.720,82.64239386809108
25672,0.635,0.725,80.74067074257653
25673,0.635,0.730,78.86252690291194
25674,0.635,0.735,77.00813692616167
25675,0.635,0.740,75.17766895018218
25676,0.635,0.745,73.37128469090612
25677,0.635,0.750,71.58913944824697
25678,0.635,0.755,69.8313820980222
25679,0.635,0.760,68.09815506736354
25680,0.635,0.765,66.38959429119497
25681,0.635,0.770,64.70582914751354
25682,0.635,0.775,63.0469823694053
25683,0.635,0.780,61.413169931970124
25684,0.635,0.785,59.80450091261203
25685,0.635,0.790,58.22107732347584
25686,0.635,0.795,56.66299391517491
25687,0.635,0.800,55.13033795135204
25688,0.635,0.805,53.62318895404655
25689,0.635,0.810,52.1416184202964
25690,0.635,0.815,50.68568951088168
25691,0.635,0.820,49.25545671260659
25692,0.635,0.825,47.85096547601592
25693,0.635,0.830,46.47225183093865
25694,0.635,0.835,45.119341982739485
25695,0.635,0.840,43.79225189262913
25696,0.635,0.845,42.49098684582789
25697,0.635,0.850,41.215541011783685
25698,0.635,0.855,39.96589700101061
25699,0.635,0.860,38.74202542342447
25700,0.635,0.865,37.5438844533034
25701,0.635,0.870,36.371419406186746
25702,0.635,0.875,35.224562333137214
25703,0.635,0.880,34.10323163782738
25704,0.635,0.885,33.0073317218666
25705,0.635,0.890,31.936752663657693
25706,0.635,0.895,30.8913699358637
25707,0.635,0.900,29.871044166274693
25708,0.635,0.905,28.875620946495864
25709,0.635,0.910,27.904930692434938
25710,0.635,0.915,26.958788560055233
25711,0.635,0.920,26.036994419286422
25712,0.635,0.925,25.13933288835641
25713,0.635,0.930,24.26557343013272
25714,0.635,0.935,23.41547051134868
25715,0.635,0.940,22.588763824847234
25716,0.635,0.945,21.785178574210736
25717,0.635,0.950,21.004425819365114
25718,0.635,0.955,20.246202880956194
25719,0.635,0.960,19.510193800495596
25720,0.635,0.965,18.79606985246202
25721,0.635,0.970,18.103490103713227
25722,0.635,0.975,17.432102014699506
25723,0.635,0.980,16.78154207604861
25724,0.635,0.985,16.151436473078615
25725,0.635,0.990,15.541401769637416
25726,0.635,0.995,14.951045601294144
25727,0.635,1.000,14.379967366217407
25728,0.640,0.000,455.0265818617318
25729,0.640,0.005,452.54147024173716
25730,0.640,0.010,450.04824841590516
25731,0.640,0.015,447.5469430193939
25732,0.640,0.020,445.03758232172964
25733,0.640,0.025,442.52019626572945
25734,0.640,0.030,439.9948165071741
25735,0.640,0.035,437.46147645524167
25736,0.640,0.040,434.9202113137082
25737,0.640,0.045,432.3710581229275
25738,0.640,0.050,429.81405580259576
25739,0.640,0.055,427.24924519530987
25740,0.640,0.060,424.6766691109268
25741,0.640,0.065,422.09637237173075
25742,0.640,0.070,419.5084018584129
25743,0.640,0.075,416.9128065568726
25744,0.640,0.080,414.3096376058393
25745,0.640,0.085,411.6989483453244
25746,0.640,0.090,409.0807943659016
25747,0.640,0.095,406.45523355882057
25748,0.640,0.100,403.8223261669516
25749,0.640,0.105,401.18213483656353
25750,0.640,0.110,398.534724669931
25751,0.640,0.115,395.88016327876744
25752,0.640,0.120,393.21852083848086
25753,0.640,0.125,390.54987014324263
25754,0.640,0.130,387.8742866618632
25755,0.640,0.135,385.19184859446295
25756,0.640,0.140,382.5026369299249
25757,0.640,0.145,379.8067355041154
25758,0.640,0.150,377.1042310588546
25759,0.640,0.155,374.3952133016159
25760,0.640,0.160,371.67977496593187
25761,0.640,0.165,368.9580118724811
25762,0.640,0.170,366.2300229908249
25763,0.640,0.175,363.49591050176247
25764,0.640,0.180,360.7557798602678
25765,0.640,0.185,358.00973985896667
25766,0.640,0.190,355.25790269211154
25767,0.640,0.195,352.50038402000234
25768,0.640,0.200,349.73730303380245
25769,0.640,0.205,346.96878252068973
25770,0.640,0.210,344.19494892927946
25771,0.640,0.215,341.4159324352495
25772,0.640,0.220,338.63186700709446
25773,0.640,0.225,335.8428904719272
25774,0.640,0.230,333.04914458123915
25775,0.640,0.235,330.25077507652907
25776,0.640,0.240,327.44793175469727
25777,0.640,0.245,324.6407685330984
25778,0.640,0.250,321.8294435141387
25779,0.640,0.255,319.01411904929347
25780,0.640,0.260,316.19496180241555
25781,0.640,0.265,313.37214281219497
25782,0.640,0.270,310.545837553623
25783,0.640,0.275,307.71622599830334
25784,0.640,0.280,304.8834926734468
25785,0.640,0.285,302.04782671937437
25786,0.640,0.290,299.209421945344
25787,0.640,0.295,296.36847688351014
25788,0.640,0.300,293.5251948408106
25789,0.640,0.305,290.67978394857124
25790,0.640,0.310,287.8324572096012
25791,0.640,0.315,284.9834325425535
25792,0.640,0.320,282.132932823301
25793,0.640,0.325,279.2811859230843
25794,0.640,0.330,276.42842474316313
25795,0.640,0.335,273.5748872457072
25796,0.640,0.340,270.72081648064335
25797,0.640,0.345,267.8664606081739
25798,0.640,0.350,265.0120729166682
25799,0.640,0.355,262.15791183562794
25800,0.640,0.360,259.3042409434123
25801,0.640,0.365,256.45132896941146
25802,0.640,0.370,253.5994497903448
25803,0.640,0.375,250.74888242036093
25804,0.640,0.380,247.89991099461193
25805,0.640,0.385,245.05282474597297
25806,0.640,0.390,242.20791797457898
25807,0.640,0.395,239.3654900098511
25808,0.640,0.400,236.52584516468954
25809,0.640,0.405,233.68929268151493
25810,0.640,0.410,230.85614666984668
25811,0.640,0.415,228.02672603511851
25812,0.640,0.420,225.20135439844154
25813,0.640,0.425,222.38036000704057
25814,0.640,0.430,219.56407563510857
25815,0.640,0.435,216.75283847484053
25816,0.640,0.440,213.94699001743697
25817,0.640,0.445,211.14687592388788
25818,0.640,0.450,208.35284588538343
25819,0.640,0.455,205.56525347322628
25820,0.640,0.460,202.78445597816136
25821,0.640,0.465,200.01081423907473
25822,0.640,0.470,197.24469246106318
25823,0.640,0.475,194.48645802291537
25824,0.640,0.480,191.73648127410607
25825,0.640,0.485,188.99513532145062
25826,0.640,0.490,186.26279580563076
25827,0.640,0.495,183.53984066786091
25828,0.640,0.500,180.82664990702906
25829,0.640,0.505,178.12360532771217
25830,0.640,0.510,175.43109027953622
25831,0.640,0.515,172.7494893884208
25832,0.640,0.520,170.0791882803204
25833,0.640,0.525,167.42057329814807
25834,0.640,0.530,164.77403121264086
25835,0.640,0.535,162.13994892799752
25836,0.640,0.540,159.5187131831931
25837,0.640,0.545,156.9107102499418
25838,0.640,0.550,154.3163256283481
25839,0.640,0.555,151.73594374134734
25840,0.640,0.560,149.16994762909385
25841,0.640,0.565,146.6187186445066
25842,0.640,0.570,144.08263615122522
25843,0.640,0.575,141.56207722526352
25844,0.640,0.580,139.05741636167355
25845,0.640,0.585,136.5690251875459
25846,0.640,0.590,134.09727218267363
25847,0.640,0.595,131.64252240919416
25848,0.640,0.600,129.20513725149598
25849,0.640,0.605,126.78547416763428
25850,0.640,0.610,124.38388645343764
25851,0.640,0.615,122.00072302041008
25852,0.640,0.620,119.63632818843497
25853,0.640,0.625,117.29104149417036
25854,0.640,0.630,114.96519751588899
25855,0.640,0.635,112.65912571535857
25856,0.640,0.640,110.3731502971832
25857,0.640,0.645,108.10759008582939
25858,0.640,0.650,105.86275842034699
25859,0.640,0.655,103.63896306656322
25860,0.640,0.660,101.43650614628046
25861,0.640,0.665,99.25568408274722
25862,0.640,0.670,97.09678756139881
25863,0.640,0.675,94.96010150458288
25864,0.640,0.680,92.84590505869798
25865,0.640,0.685,90.75447159188529
25866,0.640,0.690,88.68606870012805
25867,0.640,0.695,86.64095821933502
25868,0.640,0.700,84.61939624071788
25869,0.640,0.705,82.62163312652518
25870,0.640,0.710,80.64791352296922
25871,0.640,0.715,78.69847636698739
25872,0.640,0.720,76.77355488331833
25873,0.640,0.725,74.87337656825284
25874,0.640,0.730,72.99816315634772
25875,0.640,0.735,71.14813056636851
25876,0.640,0.740,69.32348882276578
25877,0.640,0.745,67.5244419490871
25878,0.640,0.750,65.75118782989371
25879,0.640,0.755,64.00391803798472
25880,0.640,0.760,62.28281762403792
25881,0.640,0.765,60.58806486615462
25882,0.640,0.770,58.9198309772454
25883,0.640,0.775,57.27827976871351
25884,0.640,0.780,55.66356726947816
25885,0.640,0.785,54.0758413000264
25886,0.640,0.790,52.51524100188311
25887,0.640,0.795,50.98189632363437
25888,0.640,0.800,49.475927465420575
25889,0.640,0.805,47.9974442846199
25890,0.640,0.810,46.54654566625704
25891,0.640,0.815,45.123318862481625
25892,0.640,0.820,43.72783880625108
25893,0.640,0.825,42.36016740510583
25894,0.640,0.830,41.02035282162699
25895,0.640,0.835,39.70842874779942
25896,0.640,0.840,38.42441368105147
25897,0.640,0.845,37.16831021019378
25898,0.640,0.850,35.94010431981549
25899,0.640,0.855,34.73976472191115
25900,0.640,0.860,33.56724222359205
25901,0.640,0.865,32.42246913967604
25902,0.640,0.870,31.305358758747577
25903,0.640,0.875,30.215804870931613
25904,0.640,0.880,29.15368136513544
25905,0.640,0.885,28.118841902885627
25906,0.640,0.890,27.111119675132404
25907,0.640,0.895,26.130327247522455
25908,0.640,0.900,25.176256498667172
25909,0.640,0.905,24.248678654874144
25910,0.640,0.910,23.347344423682717
25911,0.640,0.915,22.471984227370523
25912,0.640,0.920,21.622308536396364
25913,0.640,0.925,20.79800830153768
25914,0.640,0.930,19.998755482286754
25915,0.640,0.935,19.22420366790863
25916,0.640,0.940,18.473988786452047
25917,0.640,0.945,17.74772989595589
25918,0.640,0.950,17.045030051119998
25919,0.640,0.955,16.365477237815437
25920,0.640,0.960,15.708645366998265
25921,0.640,0.965,15.074095318857019
25922,0.640,0.970,14.461376027356325
25923,0.640,0.975,13.870025594715697
25924,0.640,0.980,13.299572424754139
25925,0.640,0.985,12.749536363391812
25926,0.640,0.990,12.219429833870159
25927,0.640,0.995,11.708758953349234
25928,0.640,1.000,11.217024616356458
25929,0.645,0.000,452.6022373001447
25930,0.645,0.005,450.0988262225528
25931,0.645,0.010,447.5871348844051
25932,0.645,0.015,445.06718846268706
25933,0.645,0.020,442.5390137717633
25934,0.645,0.025,440.002639303271
25935,0.645,0.030,437.45809526681825
25936,0.645,0.035,434.9054136314966
25937,0.645,0.040,432.34462816822173
25938,0.645,0.045,429.7757744929123
25939,0.645,0.050,427.19889011051697
25940,0.645,0.055,424.6140144599024
25941,0.645,0.060,422.0211889596099
25942,0.645,0.065,419.42045705449186
25943,0.645,0.070,416.8118642632359
25944,0.645,0.075,414.1954582267868
25945,0.645,0.080,411.57128875767086
25946,0.645,0.085,408.9394078902333
25947,0.645,0.090,406.299869931792
25948,0.645,0.095,403.6527315147129
25949,0.645,0.100,400.99805164941245
25950,0.645,0.105,398.33589177828907
25951,0.645,0.110,395.6663158305839
25952,0.645,0.115,392.9893902781739
25953,0.645,0.120,390.3051841922919
25954,0.645,0.125,387.6137693011749
25955,0.645,0.130,384.9152200486312
25956,0.645,0.135,382.20961365352355
25957,0.645,0.140,379.49703017015605
25958,0.645,0.145,376.77755254955537
25959,0.645,0.150,374.05126670163156
25960,0.645,0.155,371.31826155820244
25961,0.645,0.160,368.57862913686176
25962,0.645,0.165,365.8324646056688
25963,0.645,0.170,363.079866348634
25964,0.645,0.175,360.32093603197063
25965,0.645,0.180,357.55577867107974
25966,0.645,0.185,354.7845026982312
25967,0.645,0.190,352.0072200309005
25968,0.645,0.195,349.2240461407128
25969,0.645,0.200,346.4351001229467
25970,0.645,0.205,343.6405047665386
25971,0.645,0.210,340.8403866245298
25972,0.645,0.215,338.03487608488547
25973,0.645,0.220,335.2241074416163
25974,0.645,0.225,332.4082189661204
25975,0.645,0.230,329.587352978661
25976,0.645,0.235,326.7616559198866
25977,0.645,0.240,323.9312784222922
25978,0.645,0.245,321.09637538151554
25979,0.645,0.250,318.2571060273498
25980,0.645,0.255,315.4136339943504
25981,0.645,0.260,312.56612739190155
25982,0.645,0.265,309.7147588736012
25983,0.645,0.270,306.8597057058121
25984,0.645,0.275,304.00114983521917
25985,0.645,0.280,301.1392779552219
25986,0.645,0.285,298.2742815709799
25987,0.645,0.290,295.4063570629217
25988,0.645,0.295,292.5357057485141
25989,0.645,0.300,289.66253394207865
25990,0.645,0.305,286.78705301243457
25991,0.645,0.310,283.90947943812813
25992,0.645,0.315,281.0300348600099
25993,0.645,0.320,278.14894613089615
25994,0.645,0.325,275.2664453620531
25995,0.645,0.330,272.3827699662204
25996,0.645,0.335,269.4981626968894
25997,0.645,0.340,266.61287168353306
25998,0.645,0.345,263.727150462483
25999,0.645,0.350,260.84125800312967
26000,0.645,0.355,257.9554587291255
26001,0.645,0.360,255.07002253425
26002,0.645,0.365,252.18522479259892
26003,0.645,0.370,249.30134636274806
26004,0.645,0.375,246.4186735855389
26005,0.645,0.380,243.53749827513073
26006,0.645,0.385,240.65811770295997
26007,0.645,0.390,237.78083457424952
26008,0.645,0.395,234.90595699671007
26009,0.645,0.400,232.03379844108133
26010,0.645,0.405,229.16467769316486
26011,0.645,0.410,226.2989187970108
26012,0.645,0.415,223.43685098892976
26013,0.645,0.420,220.5788086220171
26014,0.645,0.425,217.72513108089169
26015,0.645,0.430,214.87616268637512
26016,0.645,0.435,212.03225258985606
26017,0.645,0.440,209.19375465711838
26018,0.645,0.445,206.3610273414367
26019,0.645,0.450,203.53443354578502
26020,0.645,0.455,200.71434047403693
26021,0.645,0.460,197.90111947108755
26022,0.645,0.465,195.09514585186795
26023,0.645,0.470,192.29679871928286
26024,0.645,0.475,189.5064607711533
26025,0.645,0.480,186.72451809631386
26026,0.645,0.485,183.95135996007346
26027,0.645,0.490,181.18737857932507
26028,0.645,0.495,178.43296888765883
26029,0.645,0.500,175.6885282909132
26030,0.645,0.505,172.95445641367834
26031,0.645,0.510,170.23115483735012
26032,0.645,0.515,167.5190268304169
26033,0.645,0.520,164.8184770717504
26034,0.645,0.525,162.12991136775668
26035,0.645,0.530,159.453736364332
26036,0.645,0.535,156.7903592546535
26037,0.645,0.540,154.14018748391666
26038,0.645,0.545,151.50362845221196
26039,0.645,0.550,148.88108921680563
26040,0.645,0.555,146.27297619515795
26041,0.645,0.560,143.6796948700692
26042,0.645,0.565,141.10164949839367
26043,0.645,0.570,138.53924282479818
26044,0.645,0.575,135.99287580206368
26045,0.645,0.580,133.46294731943635
26046,0.645,0.585,130.949853940524
26047,0.645,0.590,128.4539896522037
26048,0.645,0.595,125.975745625954
26049,0.645,0.600,123.51550999295232
26050,0.645,0.605,121.07366763417713
26051,0.645,0.610,118.65059998662943
26052,0.645,0.615,116.24668486663458
26053,0.645,0.620,113.8622963110039
26054,0.645,0.625,111.49780443662408
26055,0.645,0.630,109.15357531880267
26056,0.645,0.635,106.82997088842832
26057,0.645,0.640,104.52734884770672
26058,0.645,0.645,102.24606260390901
26059,0.645,0.650,99.98646122022
26060,0.645,0.655,97.74888938240203
26061,0.645,0.660,95.5336873796008
26062,0.645,0.665,93.34119109721517
26063,0.645,0.670,91.17173201933944
26064,0.645,0.675,89.02563723787176
26065,0.645,0.680,86.90322946496792
26066,0.645,0.685,84.80482704512067
26067,0.645,0.690,82.730743962762
26068,0.645,0.695,80.68128984093454
26069,0.645,0.700,78.65676992626345
26070,0.645,0.705,76.65748505519592
26071,0.645,0.710,74.68373159626758
26072,0.645,0.715,72.73580136302054
26073,0.645,0.720,70.81398149213763
26074,0.645,0.725,68.9185542813921
26075,0.645,0.730,67.04979698214132
26076,0.645,0.735,65.20798154133088
26077,0.645,0.740,63.39337428832577
26078,0.645,0.745,61.606235562354286
26079,0.645,0.750,59.8468192769396
26080,0.645,0.755,58.115372418405116
26081,0.645,0.760,56.412134476369836
26082,0.645,0.765,54.73733680509394
26083,0.645,0.770,53.09120191558415
26084,0.645,0.775,51.47394269951145
26085,0.645,0.780,49.885761587215626
26086,0.645,0.785,48.32684964335301
26087,0.645,0.790,46.79738560506458
26088,0.645,0.795,45.29753486887695
26089,0.645,0.800,43.82744843387201
26090,0.645,0.805,42.38726180994305
26091,0.645,0.810,40.97709390116771
26092,0.645,0.815,39.597045875438404
26093,0.645,0.820,38.247200032471845
26094,0.645,0.825,36.927618683140295
26095,0.645,0.830,35.63834305370233
26096,0.645,0.835,34.37939222893753
26097,0.645,0.840,33.15076214838711
26098,0.645,0.845,31.95242466985808
26099,0.645,0.850,30.784326714050206
26100,0.645,0.855,29.64638950361374
26101,0.645,0.860,28.538507909140296
26102,0.645,0.865,27.4605499135423
26103,0.645,0.870,26.41235620500233
26104,0.645,0.875,25.39373990719463
26105,0.645,0.880,24.40448645382528
26106,0.645,0.885,23.4443536127359
26107,0.645,0.890,22.513071662905695
26108,0.645,0.895,21.61034372570638
26109,0.645,0.900,20.73584624975428
26110,0.645,0.905,19.889229646705367
26111,0.645,0.910,19.07011907339155
26112,0.645,0.915,18.278115353838412
26113,0.645,0.920,17.51279603297068
26114,0.645,0.925,16.773716552232223
26115,0.645,0.930,16.060411535948347
26116,0.645,0.935,15.372396176058306
26117,0.645,0.940,14.709167701859288
26118,0.645,0.945,14.070206920635144
26119,0.645,0.950,13.45497981449358
26120,0.645,0.955,12.862939178395406
26121,0.645,0.960,12.293526284213549
26122,0.645,0.965,11.746172555683438
26123,0.645,0.970,11.220301239269137
26124,0.645,0.975,10.715329056228969
26125,0.645,0.980,10.230667821471702
26126,0.645,0.985,9.765726015085445
26127,0.645,0.990,9.319910292621227
26128,0.645,0.995,8.892626920226745
26129,0.645,1.000,8.483283120435837
26130,0.650,0.000,450.1663922273735
26131,0.650,0.005,447.6444370337355
26132,0.650,0.010,445.1140262218239
26133,0.650,0.015,442.57518339036346
26134,0.650,0.020,440.02793377589165
26135,0.650,0.025,437.47230429358814
26136,0.650,0.030,434.9083235789643
26137,0.650,0.035,432.3360220304244
26138,0.650,0.040,429.75543185271465
26139,0.650,0.045,427.16658710127314
26140,0.650,0.050,424.56952372749356
26141,0.650,0.055,421.9642796249182
26142,0.650,0.060,419.3508946763701
26143,0.650,0.065,416.72941080204106
26144,0.650,0.070,414.09987200854306
26145,0.650,0.075,411.46232443893996
26146,0.650,0.080,408.8168164237643
26147,0.650,0.085,406.1633985330366
26148,0.650,0.090,403.50212362929005
26149,0.650,0.095,400.83304692161437
26150,0.650,0.100,398.1562260207234
26151,0.650,0.105,395.4717209950546
26152,0.650,0.110,392.77959442790575
26153,0.650,0.115,390.0799114756117
26154,0.650,0.120,387.37273992676586
26155,0.650,0.125,384.6581502624857
26156,0.650,0.130,381.9362157177224
26157,0.650,0.135,379.20701234361195
26158,0.650,0.140,376.4706190708625
26159,0.650,0.145,373.72711777417123
26160,0.650,0.150,370.97659333766234
26161,0.650,0.155,368.2191337213317
26162,0.650,0.160,365.4548300284851
26163,0.650,0.165,362.6837765741522
26164,0.650,0.170,359.9060709544525
26165,0.650,0.175,357.12181411689085
26166,0.650,0.180,354.33111043155264
26167,0.650,0.185,351.53406776316484
26168,0.650,0.190,348.73079754398793
26169,0.650,0.195,345.92141484749266
26170,0.650,0.200,343.10603846277996
26171,0.650,0.205,340.284790969686
26172,0.650,0.210,337.4577988145193
26173,0.650,0.215,334.6251923863617
26174,0.650,0.220,331.7871060938664
26175,0.650,0.225,328.94367844247336
26176,0.650,0.230,326.0950521119598
26177,0.650,0.235,323.2413740342323
26178,0.650,0.240,320.382795471264
26179,0.650,0.245,317.51947209306593
26180,0.650,0.250,314.65156405557923
26181,0.650,0.255,311.77923607836135
26182,0.650,0.260,308.90265752193267
26183,0.650,0.265,306.022002464639
26184,0.650,0.270,303.1374497788753
26185,0.650,0.275,300.24918320650715
26186,0.650,0.280,297.3573914333127
26187,0.650,0.285,294.46226816225993
26188,0.650,0.290,291.56401218541987
26189,0.650,0.295,288.6628274543076
26190,0.650,0.300,285.7589231484276
26191,0.650,0.305,282.85251374179114
26192,0.650,0.310,279.9438190671584
26193,0.650,0.315,277.03306437774904
26194,0.650,0.320,274.1204804061472
26195,0.650,0.325,271.2063034201224
26196,0.650,0.330,268.2907752750666
26197,0.650,0.335,265.37414346274437
26198,0.650,0.340,262.45666115603416
26199,0.650,0.345,259.53858724933434
26200,0.650,0.350,256.62018639428953
26201,0.650,0.355,253.7017290304911
26202,0.650,0.360,250.7834914107886
26203,0.650,0.365,247.86575562084784
26204,0.650,0.370,244.94880959257915
26205,0.650,0.375,242.0329471110566
26206,0.650,0.380,239.11846781454497
26207,0.650,0.385,236.20567718724703
26208,0.650,0.390,233.29488654438669
26209,0.650,0.395,230.38641300924198
26210,0.650,0.400,227.48057948174946
26211,0.650,0.405,224.5777145983071
26212,0.650,0.410,221.67815268241304
26213,0.650,0.415,218.7822336857922
26214,0.650,0.420,215.89030311967815
26215,0.650,0.425,213.00271197593958
26216,0.650,0.430,210.11981663776638
26217,0.650,0.435,207.24197877965545
26218,0.650,0.440,204.36956525647787
26219,0.650,0.445,201.50294798143804
26220,0.650,0.450,198.64250379278914
26221,0.650,0.455,195.7886143092089
26222,0.650,0.460,192.9416657738024
26223,0.650,0.465,190.10204888675074
26224,0.650,0.470,187.27015862669793
26225,0.650,0.475,184.44639406103065
26226,0.650,0.480,181.6311581452904
26227,0.650,0.485,178.82485751203265
26228,0.650,0.490,176.02790224953856
26229,0.650,0.495,173.24070567087463
26230,0.650,0.500,170.46368407389207
26231,0.650,0.505,167.6972564928559
26232,0.650,0.510,164.9418444424977
26233,0.650,0.515,162.1978716553889
26234,0.650,0.520,159.46576381363616
26235,0.650,0.525,156.7459482760064
26236,0.650,0.530,154.03885380168995
26237,0.650,0.535,151.34491027201102
26238,0.650,0.540,148.664548411488
26239,0.650,0.545,145.99819950973256
26240,0.650,0.550,143.34629514575425
26241,0.650,0.555,140.70926691630186
26242,0.650,0.560,138.08754616992456
26243,0.650,0.565,135.4815637484679
26244,0.650,0.570,132.89174973773504
26245,0.650,0.575,130.3185332290328
26246,0.650,0.580,127.76234209328771
26247,0.650,0.585,125.22360276935191
26248,0.650,0.590,122.70274006802417
26249,0.650,0.595,120.20017699317832
26250,0.650,0.600,117.71633458122486
26251,0.650,0.605,115.25163175992252
26252,0.650,0.610,112.80648522730758
26253,0.650,0.615,110.38130935121501
26254,0.650,0.620,107.97651608953004
26255,0.650,0.625,105.59251493092624
26256,0.650,0.630,103.229712855423
26257,0.650,0.635,100.88851431362743
26258,0.650,0.640,98.56932122302123
26259,0.650,0.645,96.27253297911138
26260,0.650,0.650,93.99854647869239
26261,0.650,0.655,91.74775615187413
26262,0.650,0.660,89.52055399891894
26263,0.650,0.665,87.31732962731715
26264,0.650,0.670,85.13847028392017
26265,0.650,0.675,82.98436087636045
26266,0.650,0.680,80.85538397742812
26267,0.650,0.685,78.75191980556593
26268,0.650,0.690,76.67434617419875
26269,0.650,0.695,74.62303840225218
26270,0.650,0.700,72.59836917795488
26271,0.650,0.705,70.60070836787717
26272,0.650,0.710,68.63042276315527
26273,0.650,0.715,66.68787575500198
26274,0.650,0.720,64.77342693192571
26275,0.650,0.725,62.88743159158621
26276,0.650,0.730,61.03024016091701
26277,0.650,0.735,59.20219751904771
26278,0.650,0.740,57.40364221866938
26279,0.650,0.745,55.63490560279934
26280,0.650,0.750,53.89631081541209
26281,0.650,0.755,52.18817170609614
26282,0.650,0.760,50.51079163075424
26283,0.650,0.765,48.86446215235929
26284,0.650,0.770,47.2494616478785
26285,0.650,0.775,45.66605382964543
26286,0.650,0.780,44.114486191648375
26287,0.650,0.785,42.59498839336611
26288,0.650,0.790,41.10777059586484
26289,0.650,0.795,39.65302176681862
26290,0.650,0.800,38.230907972873126
26291,0.650,0.805,36.841570679285994
26292,0.650,0.810,35.485125077992336
26293,0.650,0.815,34.16165846611639
26294,0.650,0.820,32.87122869743728
26295,0.650,0.825,31.613862729389112
26296,0.650,0.830,30.38955528780906
26297,0.650,0.835,29.198267670833317
26298,0.650,0.840,28.039926712080586
26299,0.650,0.845,26.914423921571924
26300,0.650,0.850,25.821614820739427
26301,0.650,0.855,24.761318485417185
26302,0.650,0.860,23.733317307933696
26303,0.650,0.865,22.737356986397323
26304,0.650,0.870,21.7731467460534
26305,0.650,0.875,20.840359794266046
26306,0.650,0.880,19.93863400731727
26307,0.650,0.885,19.067572843896635
26308,0.650,0.890,18.22674647695297
26309,0.650,0.895,17.415693132564783
26310,0.650,0.900,16.63392062172335
26311,0.650,0.905,15.880908048466132
26312,0.650,0.910,15.156107675694058
26313,0.650,0.915,14.458946928287704
26314,0.650,0.920,13.78883051182649
26315,0.650,0.925,13.145142624321084
26316,0.650,0.930,12.52724923789019
26317,0.650,0.935,11.934500427234834
26318,0.650,0.940,11.366232722062048
26319,0.650,0.945,10.82177146125211
26320,0.650,0.950,10.300433127507405
26321,0.650,0.955,9.801527642418495
26322,0.650,0.960,9.324360603279974
26323,0.650,0.965,8.868235444526734
26324,0.650,0.970,8.432455508278107
26325,0.650,0.975,8.016326010106248
26326,0.650,0.980,7.619155887716847
26327,0.650,0.985,7.240259521668139
26328,0.650,0.990,6.878958318476191
26329,0.650,0.995,6.534582147366383
26330,0.650,1.000,6.206470622423726
26331,0.655,0.000,447.71945897832114
26332,0.655,0.005,445.1787160423384
26333,0.655,0.010,442.62933672503794
26334,0.655,0.015,440.0713429210724
26335,0.655,0.020,437.504758160519
26336,0.655,0.025,434.9296076506019
26337,0.655,0.030,432.34591831833006
26338,0.655,0.035,429.7537188540658
26339,0.655,0.040,427.15303975604223
26340,0.655,0.045,424.5439133758455
26341,0.655,0.050,421.92637396487885
26342,0.655,0.055,419.3004577218254
26343,0.655,0.060,416.6662028411248
26344,0.655,0.065,414.02364956248095
26345,0.655,0.070,411.37284022141563
26346,0.655,0.075,408.7138193008841
26347,0.655,0.080,406.04663348396576
26348,0.655,0.085,403.37133170764645
26349,0.655,0.090,400.68796521770355
26350,0.655,0.095,397.99658762470824
26351,0.655,0.100,395.2972549611556
26352,0.655,0.105,392.5900257397347
26353,0.655,0.110,389.87496101274695
26354,0.655,0.115,387.15212443268325
26355,0.655,0.120,384.42158231396513
26356,0.655,0.125,381.6834036958568
26357,0.655,0.130,378.93766040655186
26358,0.655,0.135,376.18442712843733
26359,0.655,0.140,373.42378146453444
26360,0.655,0.145,370.6558040061141
26361,0.655,0.150,367.88057840148446
26362,0.655,0.155,365.0981914259407
26363,0.655,0.160,362.3087330528699
26364,0.655,0.165,359.5122965259965
26365,0.655,0.170,356.708978432752
26366,0.655,0.175,353.89887877875105
26367,0.655,0.180,351.08210106334695
26368,0.655,0.185,348.25875235624125
26369,0.655,0.190,345.4289433751151
26370,0.655,0.195,342.5927885642424
26371,0.655,0.200,339.7504061740465
26372,0.655,0.205,336.90191834154837
26373,0.655,0.210,334.04745117165737
26374,0.655,0.215,331.1871348192388
26375,0.655,0.220,328.3211035718984
26376,0.655,0.225,325.44949593340465
26377,0.655,0.230,322.5724547076711
26378,0.655,0.235,319.69012708320935
26379,0.655,0.240,316.8026647179546
26380,0.655,0.245,313.91022382435995
26381,0.655,0.250,311.0129652546423
26382,0.655,0.255,308.1110545860575
26383,0.655,0.260,305.20466220606835
26384,0.655,0.265,302.29396339726225
26385,0.655,0.270,299.3791384218611
26386,0.655,0.275,296.4603726056573
26387,0.655,0.280,293.5378564211967
26388,0.655,0.285,290.6117855700165
26389,0.655,0.290,287.6823610637371
26390,0.655,0.295,284.7497893037888
26391,0.655,0.300,281.8142821595456
26392,0.655,0.305,278.8760570446239
26393,0.655,0.310,275.93533699108826
26394,0.655,0.315,272.9923507212966
26395,0.655,0.320,270.04733271709927
26396,0.655,0.325,267.1005232860975
26397,0.655,0.330,264.15216862464735
26398,0.655,0.335,261.2025208772895
26399,0.655,0.340,258.2518381922633
26400,0.655,0.345,255.30038477276136
26401,0.655,0.350,252.34843092355828
26402,0.655,0.355,249.39625309264622
26403,0.655,0.360,246.444133907492
26404,0.655,0.365,243.4923622055272
26405,0.655,0.370,240.54123305847196
26406,0.655,0.375,237.59104779008842
26407,0.655,0.380,234.64211398695682
26408,0.655,0.385,231.6947455018632
26409,0.655,0.390,228.74926244939078
26410,0.655,0.395,225.80599119330856
26411,0.655,0.400,222.8652643253578
26412,0.655,0.405,219.92742063504724
26413,0.655,0.410,216.99280507008052
26414,0.655,0.415,214.06176868705725
26415,0.655,0.420,211.1346685921114
26416,0.655,0.425,208.21186787117696
26417,0.655,0.430,205.29373550960355
26418,0.655,0.435,202.38064630088013
26419,0.655,0.440,199.47298074427223
26420,0.655,0.445,196.57112493122185
26421,0.655,0.450,193.67547042042165
26422,0.655,0.455,190.78641410153094
26423,0.655,0.460,187.90435804757763
26424,0.655,0.465,185.02970935615886
26425,0.655,0.470,182.1628799796453
26426,0.655,0.475,179.3042865446765
26427,0.655,0.480,176.45435016133928
26428,0.655,0.485,173.61349622251922
26429,0.655,0.490,170.78215419403134
26430,0.655,0.495,167.96075739624644
26431,0.655,0.500,165.14974277805462
26432,0.655,0.505,162.3495506841292
26433,0.655,0.510,159.56062461658212
26434,0.655,0.515,156.78341099222993
26435,0.655,0.520,154.01835889681638
26436,0.655,0.525,151.26591983766215
26437,0.655,0.530,148.5265474963317
26438,0.655,0.535,145.8006974830188
26439,0.655,0.540,143.088827094453
26440,0.655,0.545,140.39139507721518
26441,0.655,0.550,137.70886139842167
26442,0.655,0.555,135.0416870257799
26443,0.655,0.560,132.390333719044
26444,0.655,0.565,129.7552638348868
26445,0.655,0.570,127.1369401471625
26446,0.655,0.575,124.5358256844509
26447,0.655,0.580,121.95238358664466
26448,0.655,0.585,119.38707698216606
26449,0.655,0.590,116.84036888716781
26450,0.655,0.595,114.31272212778372
26451,0.655,0.600,111.8045992861455
26452,0.655,0.605,109.3164626704666
26453,0.655,0.610,106.84877430901247
26454,0.655,0.615,104.40199596722641
26455,0.655,0.620,101.97658918666326
26456,0.655,0.625,99.5730153436989
26457,0.655,0.630,97.19173572523793
26458,0.655,0.635,94.83321161783816
26459,0.655,0.640,92.49790440581943
26460,0.655,0.645,90.18627567303228
26461,0.655,0.650,87.8987873020468
26462,0.655,0.655,85.63590156359459
26463,0.655,0.660,83.39808118818105
26464,0.655,0.665,81.18578941089758
26465,0.655,0.670,78.99948997963254
26466,0.655,0.675,76.83964711613098
26467,0.655,0.680,74.70672541871525
26468,0.655,0.685,72.6011896949839
26469,0.655,0.690,70.52350471248593
26470,0.655,0.695,68.47413485525507
26471,0.655,0.700,66.45354367421528
26472,0.655,0.705,64.46219331986462
26473,0.655,0.710,62.500543846337635
26474,0.655,0.715,60.56905237696022
26475,0.655,0.720,58.66817212275838
26476,0.655,0.725,56.79835124708136
26477,0.655,0.730,54.9600315715422
26478,0.655,0.735,53.15364712086389
26479,0.655,0.740,51.379622506921976
26480,0.655,0.745,49.63837115526641
26481,0.655,0.750,47.930293380639355
26482,0.655,0.755,46.25577432142747
26483,0.655,0.760,44.615181746526275
26484,0.655,0.765,43.008863751670944
26485,0.655,0.770,41.43714636581364
26486,0.655,0.775,39.90033109150494
26487,0.655,0.780,38.39869240636497
26488,0.655,0.785,36.932475255506915
26489,0.655,0.790,35.50189256710163
26490,0.655,0.795,34.10712282505356
26491,0.655,0.800,32.74830773391268
26492,0.655,0.805,31.42555001160657
26493,0.655,0.810,30.138911345289305
26494,0.655,0.815,28.88841054454152
26495,0.655,0.820,27.674021924310733
26496,0.655,0.825,26.495673947372357
26497,0.655,0.830,25.353248152761957
26498,0.655,0.835,24.246578392645844
26499,0.655,0.840,23.175450395550058
26500,0.655,0.845,22.139601668866668
26501,0.655,0.850,21.138721748224782
26502,0.655,0.855,20.17245279579075
26503,0.655,0.860,19.240390543987495
26504,0.655,0.865,18.34208557564182
26505,0.655,0.870,17.477044926319056
26506,0.655,0.875,16.644733989716286
26507,0.655,0.880,15.844578702573132
26508,0.655,0.885,15.075967981720943
26509,0.655,0.890,14.338256382703129
26510,0.655,0.895,13.630766946915294
26511,0.655,0.900,12.952794202464416
26512,0.655,0.905,12.303607282938037
26513,0.655,0.910,11.682453127992314
26514,0.655,0.915,11.088559730075906
26515,0.655,0.920,10.521139392651728
26516,0.655,0.925,9.979391966892592
26517,0.655,0.930,9.46250803593009
26518,0.655,0.935,8.969672018242042
26519,0.655,0.940,8.500065164580382
26520,0.655,0.945,8.05286842587609
26521,0.655,0.950,7.627265172718814
26522,0.655,0.955,7.222443750208805
26523,0.655,0.960,6.837599855134684
26524,0.655,0.965,6.47193872546652
26525,0.655,0.970,6.124677134999834
26526,0.655,0.975,5.795045188578348
26527,0.655,0.980,5.482287915603751
26528,0.655,0.985,5.185666661452071
26529,0.655,0.990,4.90446027790331
26530,0.655,0.995,4.637966114692366
26531,0.655,1.000,4.385500814735136
26532,0.660,0.000,445.26189020230186
26533,0.660,0.005,442.70211751702686
26534,0.660,0.010,440.1335221880678
26535,0.660,0.015,437.55612427446476
26536,0.660,0.020,434.9699454652184
26537,0.660,0.025,432.3750091218523
26538,0.660,0.030,429.7713403219454
26539,0.660,0.035,427.15896590365674
26540,0.660,0.040,424.5379145112595
26541,0.660,0.045,421.90821664170704
26542,0.660,0.050,419.26990469224836
26543,0.660,0.055,416.6230130091145
26544,0.660,0.060,413.96757793729495
26545,0.660,0.065,411.30363787142346
26546,0.660,0.070,408.6312333077928
26547,0.660,0.075,405.950406897519
26548,0.660,0.080,403.2612035008703
26549,0.660,0.085,400.5636702427835
26550,0.660,0.090,397.8578565695813
26551,0.660,0.095,395.1438143069119
26552,0.660,0.100,392.42159771892295
26553,0.660,0.105,389.69126356868975
26554,0.660,0.110,386.9528711799089
26555,0.660,0.115,384.2064824998731
26556,0.660,0.120,381.4521621637382
26557,0.660,0.125,378.68997756009446
26558,0.660,0.130,375.9199988978509
26559,0.660,0.135,373.1422992744402
26560,0.660,0.140,370.3569547453501
26561,0.660,0.145,367.56404439498624
26562,0.660,0.150,364.763650408866
26563,0.660,0.155,361.955858147143
26564,0.660,0.160,359.140756219459
26565,0.660,0.165,356.31843656111533
26566,0.660,0.170,353.4889945105545
26567,0.660,0.175,350.6525288881376
26568,0.660,0.180,347.80914207620015
26569,0.660,0.185,344.95894010036454
26570,0.660,0.190,342.10203271208337
26571,0.660,0.195,339.2385334723806
26572,0.660,0.200,336.3685598367572
26573,0.660,0.205,333.49223324121556
26574,0.660,0.210,330.6096791893587
26575,0.660,0.215,327.7210273405053
26576,0.660,0.220,324.8264115987638
26577,0.660,0.225,321.925970202994
26578,0.660,0.230,319.01984581758035
26579,0.660,0.235,316.10818562393354
26580,0.660,0.240,313.1911414126258
26581,0.660,0.245,310.2688696760589
26582,0.660,0.250,307.341531701551
26583,0.660,0.255,304.40929366472204
26584,0.660,0.260,301.4723267230437
26585,0.660,0.265,298.53080710940986
26586,0.660,0.270,295.5849162255722
26587,0.660,0.275,292.6348407352732
26588,0.660,0.280,289.6807726568949
26589,0.660,0.285,286.72290945543205
26590,0.660,0.290,283.76145413358074
26591,0.660,0.295,280.79661532172224
26592,0.660,0.300,277.8286073665668
26593,0.660,0.305,274.85765041820986
26594,0.660,0.310,271.883970515332
26595,0.660,0.315,268.90779966826966
26596,0.660,0.320,265.92937593965604
26597,0.660,0.325,262.9489435223297
26598,0.660,0.330,259.96675281418175
26599,0.660,0.335,256.983060489608
26600,0.660,0.340,253.9981295672105
26601,0.660,0.345,251.01222947338616
26602,0.660,0.350,248.0256361014213
26603,0.660,0.355,245.03863186570482
26604,0.660,0.360,242.0515057506576
26605,0.660,0.365,239.06455335397027
26606,0.660,0.370,236.07807692373206
26607,0.660,0.375,233.0923853890283
26608,0.660,0.380,230.10779438358261
26609,0.660,0.385,227.1246262620174
26610,0.660,0.390,224.14321010831142
26611,0.660,0.395,221.16388173603718
26612,0.660,0.400,218.18698367997274
26613,0.660,0.405,215.212865178696
26614,0.660,0.410,212.24188214778894
26615,0.660,0.415,209.2743971433041
26616,0.660,0.420,206.31077931517515
26617,0.660,0.425,203.35140435029004
26618,0.660,0.430,200.396654404989
26619,0.660,0.435,197.44691802679822
26620,0.660,0.440,194.50259006527054
26621,0.660,0.445,191.56407157186698
26622,0.660,0.450,188.6317696888925
26623,0.660,0.455,185.7060975275752
26624,0.660,0.460,182.78747403547948
26625,0.660,0.465,179.8763238535358
26626,0.660,0.470,176.97307716308794
26627,0.660,0.475,174.07816952347144
26628,0.660,0.480,171.19204170077157
26629,0.660,0.485,168.31513948853802
26630,0.660,0.490,165.44791352138427
26631,0.660,0.495,162.59081908254348
26632,0.660,0.500,159.7443159066108
26633,0.660,0.505,156.9088679788586
26634,0.660,0.510,154.08494333266893
26635,0.660,0.515,151.27301384678717
26636,0.660,0.520,148.47355504425056
26637,0.660,0.525,145.68704589499197
26638,0.660,0.530,142.9139686242506
26639,0.660,0.535,140.15480852903758
26640,0.660,0.540,137.41005380499834
26641,0.660,0.545,134.68019538607982
26642,0.660,0.550,131.96572679944418
26643,0.660,0.555,129.26714403806326
26644,0.660,0.560,126.58494545337261
26645,0.660,0.565,123.91963167025622
26646,0.660,0.570,121.27170552645951
26647,0.660,0.575,118.6416720382877
26648,0.660,0.580,116.03003839412602
26649,0.660,0.585,113.43731397691415
26650,0.660,0.590,110.86401041621046
26651,0.660,0.595,108.31064166988692
26652,0.660,0.600,105.77772413479968
26653,0.660,0.605,103.26577678497739
26654,0.660,0.610,100.77532133496194
26655,0.660,0.615,98.30688242492174
26656,0.660,0.620,95.86098782304474
26657,0.660,0.625,93.4381686395119
26658,0.660,0.630,91.03895954506379
26659,0.660,0.635,88.66389898582297
26660,0.660,0.640,86.31352938463749
26661,0.660,0.645,83.98839731780018
26662,0.660,0.650,81.68905365459837
26663,0.660,0.655,79.41605364580202
26664,0.660,0.660,77.1699569459429
26665,0.660,0.665,74.95132755312336
26666,0.660,0.670,72.76073364917035
26667,0.660,0.675,70.59874732227352
26668,0.660,0.680,68.46594415387298
26669,0.660,0.685,66.36290265154962
26670,0.660,0.690,64.29020351007594
26671,0.660,0.695,62.248428683658695
26672,0.660,0.700,60.23816025379561
26673,0.660,0.705,58.259979079111176
26674,0.660,0.710,56.314463216059416
26675,0.660,0.715,54.4021861024942
26676,0.660,0.720,52.523714499800434
26677,0.660,0.725,50.679606193531576
26678,0.660,0.730,48.87040745725311
26679,0.660,0.735,47.09665028948093
26680,0.660,0.740,45.35884943912729
26681,0.660,0.745,43.6574992406067
26682,0.660,0.750,41.99307028556557
26683,0.660,0.755,40.36600596392419
26684,0.660,0.760,38.77671891237963
26685,0.660,0.765,37.22558741353273
26686,0.660,0.770,35.71295179318333
26687,0.660,0.775,34.23911086690678
26688,0.660,0.780,32.80431848961459
26689,0.660,0.785,31.408780263268753
26690,0.660,0.790,30.052650458147177
26691,0.660,0.795,28.736029201970492
26692,0.660,0.800,27.458959988760668
26693,0.660,0.805,26.22142755552142
26694,0.660,0.810,25.02335616976827
26695,0.660,0.815,23.86460836469838
26696,0.660,0.820,22.744984151529817
26697,0.660,0.825,21.66422073044744
26698,0.660,0.830,20.621992712893174
26699,0.660,0.835,19.61791285887914
26700,0.660,0.840,18.651533323844014
26701,0.660,0.845,17.722347400580606
26702,0.660,0.850,16.82979173318791
26703,0.660,0.855,15.973248972083118
26704,0.660,0.860,15.15205083205257
26705,0.660,0.865,14.365481509298366
26706,0.660,0.870,13.612781408579442
26707,0.660,0.875,12.893151127937085
26708,0.660,0.880,12.205755646175016
26709,0.660,0.885,11.549728657227456
26710,0.660,0.890,10.92417699574861
26711,0.660,0.895,10.328185099609298
26712,0.660,0.900,9.760819457376844
26713,0.660,0.905,9.221132992144073
26714,0.660,0.910,8.708169337107478
26715,0.660,0.915,8.220966962909003
26716,0.660,0.920,7.758563121783549
26717,0.660,0.925,7.319997578832984
26718,0.660,0.930,6.904316106122936
26719,0.660,0.935,6.51057372063096
26720,0.660,0.940,6.137837652239911
26721,0.660,0.945,5.785190032862798
26722,0.660,0.950,5.451730302318866
26723,0.660,0.955,5.1365773306875395
26724,0.660,0.960,4.8388712604978625
26725,0.660,0.965,4.557775075232721
26726,0.660,0.970,4.292475903220007
26727,0.660,0.975,4.042186068037675
26728,0.660,0.980,3.8061438980755744
26729,0.660,0.985,3.5836143088753665
26730,0.660,0.990,3.3738891723127615
26731,0.660,0.995,3.176287486589564
26732,0.660,1.000,2.990155360351928
26733,0.665,0.000,442.7941811467116
26734,0.665,0.005,440.21513896394816
26735,0.665,0.010,437.6270822916268
26736,0.665,0.015,435.03002921594396
26737,0.665,0.020,432.42399944425296
26738,0.665,0.025,429.80901434840115
26739,0.665,0.030,427.18509700909425
26740,0.665,0.035,424.55227226131217
26741,0.665,0.040,421.9105667407988
26742,0.665,0.045,419.2600089316481
26743,0.665,0.050,416.60062921501145
26744,0.665,0.055,413.9324599189478
26745,0.665,0.060,411.2555353694415
26746,0.665,0.065,408.56989194261064
26747,0.665,0.070,405.8755681181297
26748,0.665,0.075,403.1726045338888
26749,0.665,0.080,400.46104404191374
26750,0.665,0.085,397.7409317655698
26751,0.665,0.090,395.0123151580699
26752,0.665,0.095,392.2752440623115
26753,0.665,0.100,389.5297707720621
26754,0.665,0.105,386.7759500945141
26755,0.665,0.110,384.0138394142307
26756,0.665,0.115,381.24349875849913
26757,0.665,0.120,378.46499086411256
26758,0.665,0.125,375.6783812455937
26759,0.665,0.130,372.8837382648791
26760,0.665,0.135,370.0811332024761
26761,0.665,0.140,367.2706403301037
26762,0.665,0.145,364.45233698483094
26763,0.665,0.150,361.62630364471653
26764,0.665,0.155,358.7926240059586
26765,0.665,0.160,355.9513850615559
26766,0.665,0.165,353.10267718148134
26767,0.665,0.170,350.24659419436415
26768,0.665,0.175,347.38323347067416
26769,0.665,0.180,344.51269600739835
26770,0.665,0.185,341.63508651419386
26771,0.665,0.190,338.75051350100046
26772,0.665,0.195,335.85908936708574
26773,0.665,0.200,332.9609304914966
26774,0.665,0.205,330.05615732487956
26775,0.665,0.210,327.1448944826319
26776,0.665,0.215,324.2272708393328
26777,0.665,0.220,321.30341962440275
26778,0.665,0.225,318.3734785189274
26779,0.665,0.230,315.4375897535766
26780,0.665,0.235,312.4959002075397
26781,0.665,0.240,309.54856150839015
26782,0.665,0.245,306.59573013278145
26783,0.665,0.250,303.6375675078674
26784,0.665,0.255,300.6742401133289
26785,0.665,0.260,297.7059195838782
26786,0.665,0.265,294.732782812098
26787,0.665,0.270,291.7550120514652
26788,0.665,0.275,288.7727950193892
26789,0.665,0.280,285.78632500008786
26790,0.665,0.285,282.7958009471061
26791,0.665,0.290,279.80142758526966
26792,0.665,0.295,276.80341551185046
26793,0.665,0.300,273.80198129670674
26794,0.665,0.305,270.7973475811433
26795,0.665,0.310,267.789743175222
26796,0.665,0.315,264.7794031532396
26797,0.665,0.320,261.76656894706895
26798,0.665,0.325,258.7514884370485
26799,0.665,0.330,255.73441604008582
26800,0.665,0.335,252.71561279462915
26801,0.665,0.340,249.69534644214116
26802,0.665,0.345,246.67389150470186
26803,0.665,0.350,243.65152935834737
26804,0.665,0.355,240.62854830174658
26805,0.665,0.360,237.60524361980097
26806,0.665,0.365,234.58191764175064
26807,0.665,0.370,231.55887979335878
26808,0.665,0.375,228.53644664274668
26809,0.665,0.380,225.51494193944916
26810,0.665,0.385,222.4946966462642
26811,0.665,0.390,219.47604896347795
26812,0.665,0.395,216.4593443450576
26813,0.665,0.400,213.4449355064215
26814,0.665,0.405,210.43318242341948
26815,0.665,0.410,207.42445232218282
26816,0.665,0.415,204.41911965954267
26817,0.665,0.420,201.41756609375653
26818,0.665,0.425,198.42018044533495
26819,0.665,0.430,195.42735864782367
26820,0.665,0.435,192.4395036884618
26821,0.665,0.440,189.4570255387254
26822,0.665,0.445,186.48034107484807
26823,0.665,0.450,183.5098739885226
26824,0.665,0.455,180.54605468809322
26825,0.665,0.460,177.58932019068354
26826,0.665,0.465,174.64011400583502
26827,0.665,0.470,171.69888601138987
26828,0.665,0.475,168.76609232250604
26829,0.665,0.480,165.8421951548717
26830,0.665,0.485,162.92766268336325
26831,0.665,0.490,160.02296889758586
26832,0.665,0.495,157.12859345592938
26833,0.665,0.500,154.24502153997383
26834,0.665,0.505,151.37274371128078
26835,0.665,0.510,148.51225577280272
26836,0.665,0.515,145.66405863733428
26837,0.665,0.520,142.82865820560494
26838,0.665,0.525,140.00656525677059
26839,0.665,0.530,137.19829535419208
26840,0.665,0.535,134.40436876948488
26841,0.665,0.540,131.62531042787765
26842,0.665,0.545,128.86164987791454
26843,0.665,0.550,126.11392128847389
26844,0.665,0.555,123.38266347593246
26845,0.665,0.560,120.66841996407817
26846,0.665,0.565,117.97173907904342
26847,0.665,0.570,115.2931740810911
26848,0.665,0.575,112.63328333451692
26849,0.665,0.580,109.99263051622773
26850,0.665,0.585,107.37178486270253
26851,0.665,0.590,104.77132145403382
26852,0.665,0.595,102.19182153257202
26853,0.665,0.600,99.63387285235525
26854,0.665,0.605,97.09807005399792
26855,0.665,0.610,94.58501505804021
26856,0.665,0.615,92.09531746793907
26857,0.665,0.620,89.62959497192426
26858,0.665,0.625,87.18847373087996
26859,0.665,0.630,84.77258873727149
26860,0.665,0.635,82.38258412796722
26861,0.665,0.640,80.01911343165482
26862,0.665,0.645,77.68283972948467
26863,0.665,0.650,75.37443570566373
26864,0.665,0.655,73.09458356305022
26865,0.665,0.660,70.84397477745635
26866,0.665,0.665,68.62330966344665
26867,0.665,0.670,66.43329672402497
26868,0.665,0.675,64.2746517568357
26869,0.665,0.680,62.148096690460086
26870,0.665,0.685,60.0543581261607
26871,0.665,0.690,57.99416556308974
26872,0.665,0.695,55.96824928859238
26873,0.665,0.700,53.977337919837105
26874,0.665,0.705,52.02215558859563
26875,0.665,0.710,50.10341876754458
26876,0.665,0.715,48.22183274389743
26877,0.665,0.720,46.37808775437999
26878,0.665,0.725,44.57285480438005
26879,0.665,0.730,42.80678120331893
26880,0.665,0.735,41.08048585766565
26881,0.665,0.740,39.394554372256344
26882,0.665,0.745,37.74953401937876
26883,0.665,0.750,36.14592864310513
26884,0.665,0.755,34.5841935732708
26885,0.665,0.760,33.064730628979326
26886,0.665,0.765,31.587883295271848
26887,0.665,0.770,30.15393215837998
26888,0.665,0.775,28.76309068459569
26889,0.665,0.780,27.41550142512345
26890,0.665,0.785,26.111232724295217
26891,0.665,0.790,24.85027600128644
26892,0.665,0.795,23.632543666121574
26893,0.665,0.800,22.45786771954007
26894,0.665,0.805,21.325999073529708
26895,0.665,0.810,20.236607615412044
26896,0.665,0.815,19.18928302372367
26897,0.665,0.820,18.183536329247893
26898,0.665,0.825,17.218802199891382
26899,0.665,0.830,16.294441914135273
26900,0.665,0.835,15.409746974948971
26901,0.665,0.840,14.563943304712618
26902,0.665,0.845,13.75619595215873
26903,0.665,0.850,12.985614234837424
26904,0.665,0.855,12.25125723527561
26905,0.665,0.860,11.552139565886097
26906,0.665,0.865,10.88723731675577
26907,0.665,0.870,10.25549410159098
26908,0.665,0.875,9.65582712014536
26909,0.665,0.880,9.087133160169765
26910,0.665,0.885,8.548294468036008
26911,0.665,0.890,8.03818442440266
26912,0.665,0.895,7.555672969309715
26913,0.665,0.900,7.099631729611524
26914,0.665,0.905,6.6689388104012455
26915,0.665,0.910,6.262483220787695
26916,0.665,0.915,5.879168912830692
26917,0.665,0.920,5.517918420434119
26918,0.665,0.925,5.17767609238523
26919,0.665,0.930,4.857410920401303
26920,0.665,0.935,4.556118968923956
26921,0.665,0.940,4.27282541844511
26922,0.665,0.945,4.006586238343917
26923,0.665,0.950,3.75648950857384
26924,0.665,0.955,3.5216564120964486
26925,0.665,0.960,3.3012419217619517
26926,0.665,0.965,3.094435206444809
26927,0.665,0.970,2.9004597817209095
26928,0.665,0.975,2.718573430286605
26929,0.665,0.980,2.54806791673375
26930,0.665,0.985,2.3882685202658416
26931,0.665,0.990,2.2385334075168175
26932,0.665,0.995,2.0982528658506605
26933,0.665,1.000,1.9668484153948307
26934,0.670,0.000,440.3168719885858
26935,0.670,0.005,437.7183235126423
26936,0.670,0.010,435.1105630449818
26937,0.670,0.015,432.4936065561222
26938,0.670,0.020,429.8674716253217
26939,0.670,0.025,427.2321774846148
26940,0.670,0.030,424.5877450639321
26941,0.670,0.035,421.9341970373323
26942,0.670,0.040,419.2715578703705
26943,0.670,0.045,416.59985386863053
26944,0.670,0.050,413.91911322744863
26945,0.670,0.055,411.2293660828541
26946,0.670,0.060,408.53064456375574
26947,0.670,0.065,405.82298284540184
26948,0.670,0.070,403.1064172041391
26949,0.670,0.075,400.3809860735021
26950,0.670,0.080,397.6467301016568
26951,0.670,0.085,394.9036922102291
26952,0.670,0.090,392.1519176545445
26953,0.670,0.095,389.3914540853052
26954,0.670,0.100,386.622351611734
26955,0.670,0.105,383.84466286620847
26956,0.670,0.110,381.05844307041383
26957,0.670,0.115,378.26375010303786
26958,0.670,0.120,375.46064456903275
26959,0.670,0.125,372.64918987046724
26960,0.670,0.130,369.8294522789908
26961,0.670,0.135,367.00150100993113
26962,0.670,0.140,364.16540829804336
26963,0.670,0.145,361.32124947492895
26964,0.670,0.150,358.4691030481397
26965,0.670,0.155,355.60905078197976
26966,0.670,0.160,352.74117778001715
26967,0.670,0.165,349.86557256931167
26968,0.670,0.170,346.98232718636524
26969,0.670,0.175,344.0915372647959
26970,0.670,0.180,341.1933021247331
26971,0.670,0.185,338.28772486392853
26972,0.670,0.190,335.37491245057254
26973,0.670,0.195,332.45497581779864
26974,0.670,0.200,329.5280299598592
26975,0.670,0.205,326.59419402994223
26976,0.670,0.210,323.6535914395994
26977,0.670,0.215,320.70634995974564
26978,0.670,0.220,317.7526018231845
26979,0.670,0.225,314.7924838286047
26980,0.670,0.230,311.82613744598746
26981,0.670,0.235,308.8537089233526
26982,0.670,0.240,305.8753493947643
26983,0.670,0.245,302.8912149895075
26984,0.670,0.250,299.90146694233204
26985,0.670,0.255,296.90627170465655
26986,0.670,0.260,293.90580105660655
26987,0.670,0.265,290.9002322197517
26988,0.670,0.270,287.88974797039526
26989,0.670,0.275,284.8745367532518
26990,0.670,0.280,281.85479279533865
26991,0.670,0.285,278.83071621988984
26992,0.670,0.290,275.802513160087
26993,0.670,0.295,272.77039587238517
26994,0.670,0.300,269.73458284919656
26995,0.670,0.305,266.69529893067994
26996,0.670,0.310,263.6527754153616
26997,0.670,0.315,260.6072501693058
26998,0.670,0.320,257.55896773352663
26999,0.670,0.325,254.5081794293259
27000,0.670,0.330,251.45514346121615
27001,0.670,0.335,248.40012501708227
27002,0.670,0.340,245.3433963652108
27003,0.670,0.345,242.28523694781168
27004,0.670,0.350,239.22593347063597
27005,0.670,0.355,236.16577998829163
27006,0.670,0.360,233.10507798484238
27007,0.670,0.365,230.04413644927615
27008,0.670,0.370,226.98327194542284
27009,0.670,0.375,223.9228086759025
27010,0.670,0.380,220.8630785396917
27011,0.670,0.385,217.80442118290384
27012,0.670,0.390,214.74718404239607
27013,0.670,0.395,211.69172238183563
27014,0.670,0.400,208.63839931988815
27015,0.670,0.405,205.58758585022662
27016,0.670,0.410,202.53966085310432
27017,0.670,0.415,199.4950110982913
27018,0.670,0.420,196.45403123923708
27019,0.670,0.425,193.41712379840217
27020,0.670,0.430,190.3846991437881
27021,0.670,0.435,187.35717545679805
27022,0.670,0.440,184.33497869168082
27023,0.670,0.445,181.31854252693603
27024,0.670,0.450,178.30830830921363
27025,0.670,0.455,175.30472499039544
27026,0.670,0.460,172.3082490587346
27027,0.670,0.465,169.31934446511409
27028,0.670,0.470,166.33848254570702
27029,0.670,0.475,163.36614194253443
27030,0.670,0.480,160.4028085236664
27031,0.670,0.485,157.44897530505023
27032,0.670,0.490,154.50514237621482
27033,0.670,0.495,151.57181683235567
27034,0.670,0.500,148.64951271556788
27035,0.670,0.505,145.73875096824798
27036,0.670,0.510,142.84005940192554
27037,0.670,0.515,139.9539726850049
27038,0.670,0.520,137.08103235308346
27039,0.670,0.525,134.22178684565725
27040,0.670,0.530,131.37679157311354
27041,0.670,0.535,128.54660901792548
27042,0.670,0.540,125.73180887389744
27043,0.670,0.545,122.93296822713461
27044,0.670,0.550,120.15067178211572
27045,0.670,0.555,117.38551213580764
27046,0.670,0.560,114.63809010215904
27047,0.670,0.565,111.90901508852288
27048,0.670,0.570,109.19890552456539
27049,0.670,0.575,106.50838934300414
27050,0.670,0.580,103.83810451006042
27051,0.670,0.585,101.18869960179858
27052,0.670,0.590,98.56083442055204
27053,0.670,0.595,95.95518064338934
27054,0.670,0.600,93.37242249207246
27055,0.670,0.605,90.81325741120543
27056,0.670,0.610,88.27839673829743
27057,0.670,0.615,85.76856634630708
27058,0.670,0.620,83.28450723594798
27059,0.670,0.625,80.82697605168919
27060,0.670,0.630,78.39674549206832
27061,0.670,0.635,75.99460458175291
27062,0.670,0.640,73.62135876986385
27063,0.670,0.645,71.27782981655447
27064,0.670,0.650,68.96485542787725
27065,0.670,0.655,66.68328859773489
27066,0.670,0.660,64.43399661538248
27067,0.670,0.665,62.217859697695566
27068,0.670,0.670,60.03576920741869
27069,0.670,0.675,57.888625422011614
27070,0.670,0.680,55.77733482264361
27071,0.670,0.685,53.702806879438185
27072,0.670,0.690,51.665950317280526
27073,0.670,0.695,49.667668856344704
27074,0.670,0.700,47.70885643288354
27075,0.670,0.705,45.79039191857773
27076,0.670,0.710,43.9131333706039
27077,0.670,0.715,42.07791185921239
27078,0.670,0.720,40.285524934576486
27079,0.670,0.725,38.53672980949612
27080,0.670,0.730,36.832236348652685
27081,0.670,0.735,35.172699967934676
27082,0.670,0.740,33.55871455829075
27083,0.670,0.745,31.990805557042727
27084,0.670,0.750,30.46942329508809
27085,0.670,0.755,28.994936750507172
27086,0.670,0.760,27.567627837449013
27087,0.670,0.765,26.187686353632568
27088,0.670,0.770,24.85520570035695
27089,0.670,0.775,23.570179475733262
27090,0.670,0.780,22.332499025268717
27091,0.670,0.785,21.141952014454674
27092,0.670,0.790,19.998222066276877
27093,0.670,0.795,18.90088948333365
27094,0.670,0.800,17.849433050343166
27095,0.670,0.805,16.843232889101643
27096,0.670,0.810,15.881574315262236
27097,0.670,0.815,14.963652625422975
27098,0.670,0.820,14.08857872462827
27099,0.670,0.825,13.25538548905833
27100,0.670,0.830,12.463034746810617
27101,0.670,0.835,11.71042475150697
27102,0.670,0.840,10.99639801906309
27103,0.670,0.845,10.319749397248787
27104,0.670,0.850,9.679234240417557
27105,0.670,0.855,9.073576567645906
27106,0.670,0.860,8.501477091052802
27107,0.670,0.865,7.961621011764621
27108,0.670,0.870,7.452685493312925
27109,0.670,0.875,6.973346735659674
27110,0.670,0.880,6.522286587014906
27111,0.670,0.885,6.098198644664964
27112,0.670,0.890,5.699793809740052
27113,0.670,0.895,5.325805273861151
27114,0.670,0.900,4.974992927632694
27115,0.670,0.905,4.646147191777606
27116,0.670,0.910,4.338092281204764
27117,0.670,0.915,4.049688920380263
27118,0.670,0.920,3.779836535025721
27119,0.670,0.925,3.5274749504199954
27120,0.670,0.930,3.2915856305054874
27121,0.670,0.935,3.0711924946959694
27122,0.670,0.940,2.865362350869928
27123,0.670,0.945,2.6732049836437515
27124,0.670,0.950,2.493872936790177
27125,0.670,0.955,2.3265610277354467
27126,0.670,0.960,2.1705056305640835
27127,0.670,0.965,2.024983762003895
27128,0.670,0.970,1.8893120025642092
27129,0.670,0.975,1.76284528245125
27130,0.670,0.980,1.6449755591645914
27131,0.670,0.985,1.5351304108490262
27132,0.670,0.990,1.4327715665815486
27133,0.670,0.995,1.3373933918395537
27134,0.670,1.000,1.2485213444311862
27135,0.675,0.000,437.8305502030127
27136,0.675,0.005,435.2122623407291
27137,0.675,0.010,432.5845592686236
27138,0.675,0.015,429.94745469323897
27139,0.675,0.020,427.30096391354834
27140,0.675,0.025,424.6451038656019
27141,0.675,0.030,421.9798931683136
27142,0.675,0.035,419.30535217041876
27143,0.675,0.040,416.62150299863276
27144,0.675,0.045,413.92836960703875
27145,0.675,0.050,411.22597782773835
27146,0.675,0.055,408.51435542279364
27147,0.675,0.060,405.7935321374934
27148,0.675,0.065,403.06353975497615
27149,0.675,0.070,400.3244121522395
27150,0.675,0.075,397.5761853575732
27151,0.675,0.080,394.81889760944244
27152,0.675,0.085,392.05258941685986
27153,0.675,0.090,389.27730362127545
27154,0.675,0.095,386.49308546001924
27155,0.675,0.100,383.6999826313278
27156,0.675,0.105,380.89804536098967
27157,0.675,0.110,378.0873264706381
27158,0.675,0.115,375.2678814477268
27159,0.675,0.120,372.4397685172171
27160,0.675,0.125,369.60304871500733
27161,0.675,0.130,366.7577859631349
27162,0.675,0.135,363.90404714677794
27163,0.675,0.140,361.04190219308464
27164,0.675,0.145,358.17142415185515
27165,0.675,0.150,355.2926892780996
27166,0.675,0.155,352.40577711649536
27167,0.675,0.160,349.51077058776104
27168,0.675,0.165,346.60775607696627
27169,0.675,0.170,343.6968235237895
27170,0.675,0.175,340.7780665147378
27171,0.675,0.180,337.8515823773322
27172,0.675,0.185,334.9174722762659
27173,0.675,0.190,331.9758413115334
27174,0.675,0.195,329.0267986185242
27175,0.675,0.200,326.0704574700739
27176,0.675,0.205,323.10693538045234
27177,0.675,0.210,320.1363542112722
27178,0.675,0.215,317.1588402792843
27179,0.675,0.220,314.1745244660279
27180,0.675,0.225,311.1835423292917
27181,0.675,0.230,308.1860342163323
27182,0.675,0.235,305.1821453787925
27183,0.675,0.240,302.17202608924816
27184,0.675,0.245,299.15583175930453
27185,0.675,0.250,296.1337230591498
27186,0.675,0.255,293.1058660384669
27187,0.675,0.260,290.07243224858706
27188,0.675,0.265,287.0335988657593
27189,0.675,0.270,283.9895488153962
27190,0.675,0.275,280.9404708971416
27191,0.675,0.280,277.88655991059227
27192,0.675,0.285,274.82801678148843
27193,0.675,0.290,271.7650486881765
27194,0.675,0.295,268.69786918812576
27195,0.675,0.300,265.62669834426976
27196,0.675,0.305,262.55176285092244
27197,0.675,0.310,259.4732961590037
27198,0.675,0.315,256.39153860029467
27199,0.675,0.320,253.30673751041886
27200,0.675,0.325,250.2191473502419
27201,0.675,0.330,247.129029825351
27202,0.675,0.335,244.0366540032762
27203,0.675,0.340,240.94229642808983
27204,0.675,0.345,237.84624123201775
27205,0.675,0.350,234.7487802436786
27206,0.675,0.355,231.65021309256815
27207,0.675,0.360,228.55084730939336
27208,0.675,0.365,225.4509984218677
27209,0.675,0.370,222.35099004557784
27210,0.675,0.375,219.25115396954422
27211,0.675,0.380,216.15183023611092
27212,0.675,0.385,213.05336721482294
27213,0.675,0.390,209.95612166997842
27214,0.675,0.395,206.8604588215819
27215,0.675,0.400,203.76675239947224
27216,0.675,0.405,200.67538469045945
27217,0.675,0.410,197.58674657837642
27218,0.675,0.415,194.50123757703665
27219,0.675,0.420,191.4192658561902
27220,0.675,0.425,188.34124826068765
27221,0.675,0.430,185.26761032319698
27222,0.675,0.435,182.1987862709686
27223,0.675,0.440,179.13521902732447
27224,0.675,0.445,176.0773602087324
27225,0.675,0.450,173.02567011855302
27226,0.675,0.455,169.9806177387751
27227,0.675,0.460,166.9426807213232
27228,0.675,0.465,163.91234538079613
27229,0.675,0.470,160.89010669080065
27230,0.675,0.475,157.8764682863585
27231,0.675,0.480,154.8719424752029
27232,0.675,0.485,151.87705026111817
27233,0.675,0.490,148.89232138282978
27234,0.675,0.495,145.91829437229035
27235,0.675,0.500,142.95551663654587
27236,0.675,0.505,140.00454456767145
27237,0.675,0.510,137.06594368554278
27238,0.675,0.515,134.14028881842822
27239,0.675,0.520,131.22816432653988
27240,0.675,0.525,128.33016437373982
27241,0.675,0.530,125.4468932525441
27242,0.675,0.535,122.57896576736967
27243,0.675,0.540,119.72700768060223
27244,0.675,0.545,116.89165622549463
27245,0.675,0.550,114.07356068910192
27246,0.675,0.555,111.2733830673856
27247,0.675,0.560,108.49179879324493
27248,0.675,0.565,105.7294975365192
27249,0.675,0.570,102.9871840729252
27250,0.675,0.575,100.26557921641928
27251,0.675,0.580,97.5654208065867
27252,0.675,0.585,94.88746473934738
27253,0.675,0.590,92.23248602553637
27254,0.675,0.595,89.60127985777612
27255,0.675,0.600,86.9946626615539
27256,0.675,0.605,84.41347310160167
27257,0.675,0.610,81.85857300963528
27258,0.675,0.615,79.33084819436105
27259,0.675,0.620,76.8312090895419
27260,0.675,0.625,74.36059119101465
27261,0.675,0.630,71.9199552290742
27262,0.675,0.635,69.51028701883482
27263,0.675,0.640,67.13259692831407
27264,0.675,0.645,64.78791890235529
27265,0.675,0.650,62.47730898041605
27266,0.675,0.655,60.20184324800833
27267,0.675,0.660,57.962615165471746
27268,0.675,0.665,55.76073222405108
27269,0.675,0.670,53.59731188813387
27270,0.675,0.675,51.473476794108066
27271,0.675,0.680,49.39034919064636
27272,0.675,0.685,47.34904462221548
27273,0.675,0.690,45.35066487700649
27274,0.675,0.695,43.39629024189648
27275,0.675,0.700,41.48697112993241
27276,0.675,0.705,39.623719169472345
27277,0.675,0.710,37.80749786768546
27278,0.675,0.715,36.03921298364738
27279,0.675,0.720,34.319702766743376
27280,0.675,0.725,32.649728233465076
27281,0.675,0.730,31.02996366893928
27282,0.675,0.735,29.460987547752755
27283,0.675,0.740,27.94327407108496
27284,0.675,0.745,26.477185513308385
27285,0.675,0.750,25.062965560814945
27286,0.675,0.755,23.700733808936242
27287,0.675,0.760,22.390481559830672
27288,0.675,0.765,21.13206903581542
27289,0.675,0.770,19.925224089822702
27290,0.675,0.775,18.76954245869287
27291,0.675,0.780,17.66448956729415
27292,0.675,0.785,16.60940385348241
27293,0.675,0.790,15.603501547193828
27294,0.675,0.795,14.645882802925595
27295,0.675,0.800,13.735539054769873
27296,0.675,0.805,12.871361438060307
27297,0.675,0.810,12.052150102326507
27298,0.675,0.815,11.276624227082687
27299,0.675,0.820,10.543432545141533
27300,0.675,0.825,9.851164177485602
27301,0.675,0.830,9.198359588821463
27302,0.675,0.835,8.583521483142981
27303,0.675,0.840,8.005125473130096
27304,0.675,0.845,7.461630375095286
27305,0.675,0.850,6.95148800149916
27306,0.675,0.855,6.473152344838266
27307,0.675,0.860,6.025088069061173
27308,0.675,0.865,5.605778246785922
27309,0.675,0.870,5.213731301781227
27310,0.675,0.875,4.847487135876312
27311,0.675,0.880,4.505622437259218
27312,0.675,0.885,4.1867551827253315
27313,0.675,0.890,3.8895483596871467
27314,0.675,0.895,3.6127129446050525
27315,0.675,0.900,3.3550101829933068
27316,0.675,0.905,3.1152532224168104
27317,0.675,0.910,2.8923081541008187
27318,0.675,0.915,2.685094521143537
27319,0.675,0.920,2.4925853520897525
27320,0.675,0.925,2.3138067780394453
27321,0.675,0.930,2.1478372897739657
27322,0.675,0.935,1.9938066888168116
27323,0.675,0.940,1.8508947831223215
27324,0.675,0.945,1.7183298743968625
27325,0.675,0.950,1.5953870800725014
27326,0.675,0.955,1.4813865288160952
27327,0.675,0.960,1.375691464285507
27328,0.675,0.965,1.277706287733341
27329,0.675,0.970,1.1868745660787574
27330,0.675,0.975,1.102677028270374
27331,0.675,0.980,1.0246295691804657
27332,0.675,0.985,0.9522812769179636
27333,0.675,0.990,0.8852124963256478
27334,0.675,0.995,0.8230329385218932
27335,0.675,1.000,0.7653798436325037
27336,0.680,0.000,435.3358529552539
27337,0.680,0.005,432.69759712391755
27338,0.680,0.010,430.0497171039847
27339,0.680,0.015,427.3922241844671
27340,0.680,0.020,424.7251312263194
27341,0.680,0.025,422.04845270759336
27342,0.680,0.030,419.3622047697892
27343,0.680,0.035,416.6664052654356
27344,0.680,0.040,413.961073806933
27345,0.680,0.045,411.2462318166923
27346,0.680,0.050,408.52190257860656
27347,0.680,0.055,405.7881112908878
27348,0.680,0.060,403.04488512030724
27349,0.680,0.065,400.29225325787473
27350,0.680,0.070,397.5302469759938
27351,0.680,0.075,394.75889968713165
27352,0.680,0.080,391.97824700403925
27353,0.680,0.085,389.18832680156333
27354,0.680,0.090,386.38917928008595
27355,0.680,0.095,383.58084703063236
27356,0.680,0.100,380.7633751016851
27357,0.680,0.105,377.93681106774466
27358,0.680,0.110,375.10120509967425
27359,0.680,0.115,372.2566100368681
27360,0.680,0.120,369.40308146128274
27361,0.680,0.125,366.54067777336735
27362,0.680,0.130,363.66946026993253
27363,0.680,0.135,360.78949322399274
27364,0.680,0.140,357.90084396661814
27365,0.680,0.145,355.00358297083204
27366,0.680,0.150,352.09778393758364
27367,0.680,0.155,349.1835238838307
27368,0.680,0.160,346.2608832327594
27369,0.680,0.165,343.32994590616966
27370,0.680,0.170,340.3907994190499
27371,0.680,0.175,337.44353497636337
27372,0.680,0.180,334.48824757206467
27373,0.680,0.185,331.52503609036097
27374,0.680,0.190,328.5540034092301
27375,0.680,0.195,325.57525650620073
27376,0.680,0.200,322.58890656639676
27377,0.680,0.205,319.59506909284295
27378,0.680,0.210,316.5938640190216
27379,0.680,0.215,313.5854158236644
27380,0.680,0.220,310.5698536477569
27381,0.680,0.225,307.54731141372463
27382,0.680,0.230,304.5179279467637
27383,0.680,0.235,301.4818470982661
27384,0.680,0.240,298.4392178712857
27385,0.680,0.245,295.3901945479761
27386,0.680,0.250,292.33493681892315
27387,0.680,0.255,289.2736099142843
27388,0.680,0.260,286.20638473663126
27389,0.680,0.265,283.1334379953849
27390,0.680,0.270,280.0549523427116
27391,0.680,0.275,276.971116510743
27392,0.680,0.280,273.8821254499601
27393,0.680,0.285,270.788180468572
27394,0.680,0.290,267.6894893727017
27395,0.680,0.295,264.5862666071755
27396,0.680,0.300,261.4787333966972
27397,0.680,0.305,258.36711788717145
27398,0.680,0.310,255.25165528692327
27399,0.680,0.315,252.13258800754622
27400,0.680,0.320,249.0101658040951
27401,0.680,0.325,245.88464591432592
27402,0.680,0.330,242.75629319666842
27403,0.680,0.335,239.62538026661025
27404,0.680,0.340,236.49218763115553
27405,0.680,0.345,233.3570038210188
27406,0.680,0.350,230.2201255202051
27407,0.680,0.355,227.08185769263338
27408,0.680,0.360,223.94251370545535
27409,0.680,0.365,220.80241544874147
27410,0.680,0.370,217.6618934512126
27411,0.680,0.375,214.52128699172496
27412,0.680,0.380,211.3809442062462
27413,0.680,0.385,208.24122219010067
27414,0.680,0.390,205.10248709531965
27415,0.680,0.395,201.96511422299372
27416,0.680,0.400,198.82948811060976
27417,0.680,0.405,195.6960026144493
27418,0.680,0.410,192.56506098724265
27419,0.680,0.415,189.43707595140776
27420,0.680,0.420,186.31246976836053
27421,0.680,0.425,183.19167430456451
27422,0.680,0.430,180.07513109519724
27423,0.680,0.435,176.96329140653947
27424,0.680,0.440,173.85661629846516
27425,0.680,0.445,170.7555766886932
27426,0.680,0.450,167.66065342079537
27427,0.680,0.455,164.57233733829878
27428,0.680,0.460,161.49112936761455
27429,0.680,0.465,158.41754061292468
27430,0.680,0.470,155.3520924666052
27431,0.680,0.475,152.2953167392079
27432,0.680,0.480,149.24775581350178
27433,0.680,0.485,146.20996282753703
27434,0.680,0.490,143.18250189216946
27435,0.680,0.495,140.165948348921
27436,0.680,0.500,137.1608890744592
27437,0.680,0.505,134.16792283832527
27438,0.680,0.510,131.18766072079723
27439,0.680,0.515,128.2207265979215
27440,0.680,0.520,125.26775770073948
27441,0.680,0.525,122.32940525554314
27442,0.680,0.530,119.40633521156643
27443,0.680,0.535,116.49922906181342
27444,0.680,0.540,113.60878476168484
27445,0.680,0.545,110.73571774863753
27446,0.680,0.550,107.88076206424073
27447,0.680,0.555,105.04467157762161
27448,0.680,0.560,102.22822130636581
27449,0.680,0.565,99.43220882740903
27450,0.680,0.570,96.65745576628412
27451,0.680,0.575,93.90480934824787
27452,0.680,0.580,91.17514398929737
27453,0.680,0.585,88.46936289891528
27454,0.680,0.590,85.78839965960623
27455,0.680,0.595,83.13321974098808
27456,0.680,0.600,80.50482189851645
27457,0.680,0.605,77.90423939902834
27458,0.680,0.610,75.33254100742909
27459,0.680,0.615,72.79083166131433
27460,0.680,0.620,70.280252753472
27461,0.680,0.625,67.80198193646315
27462,0.680,0.630,65.35723235930249
27463,0.680,0.635,62.9472512441535
27464,0.680,0.640,60.57331771144739
27465,0.680,0.645,58.23673976545231
27466,0.680,0.650,55.938850359550116
27467,0.680,0.655,53.68100247174339
27468,0.680,0.660,51.46456313652331
27469,0.680,0.665,49.2909063993345
27470,0.680,0.670,47.16140518443338
27471,0.680,0.675,45.0774220956687
27472,0.680,0.680,43.04029920207056
27473,0.680,0.685,41.05134689527847
27474,0.680,0.690,39.11183194265079
27475,0.680,0.695,37.222964896985296
27476,0.680,0.700,35.38588705953628
27477,0.680,0.705,33.60165722567375
27478,0.680,0.710,31.871238470272726
27479,0.680,0.715,30.195485250976073
27480,0.680,0.720,28.575131120240904
27481,0.680,0.725,27.010777340261765
27482,0.680,0.730,25.502882687572534
27483,0.680,0.735,24.051754715989464
27484,0.680,0.740,22.657542717766024
27485,0.680,0.745,21.320232584181525
27486,0.680,0.750,20.039643719653792
27487,0.680,0.755,18.815428109736793
27488,0.680,0.760,17.64707158532691
27489,0.680,0.765,16.53389726560741
27490,0.680,0.770,15.47507110335881
27491,0.680,0.775,14.469609400828473
27492,0.680,0.780,13.516388114724958
27493,0.680,0.785,12.61415372704049
27494,0.680,0.790,11.761535425781835
27495,0.680,0.795,10.957058317224513
27496,0.680,0.800,10.199157379340175
27497,0.680,0.805,9.486191864367992
27498,0.680,0.810,8.81645986639699
27499,0.680,0.815,8.188212786175331
27500,0.680,0.820,7.599669448740778
27501,0.680,0.825,7.049029658261747
27502,0.680,0.830,6.534487007005512
27503,0.680,0.835,6.054240789954107
27504,0.680,0.840,5.606506911731041
27505,0.680,0.845,5.1895277068293835
27506,0.680,0.850,4.801580626516466
27507,0.680,0.855,4.440985775358749
27508,0.680,0.860,4.106112306440217
27509,0.680,0.865,3.795383706662122
27510,0.680,0.870,3.5072820218517835
27511,0.680,0.875,3.24035108580098
27512,0.680,0.880,2.9931988279789428
27513,0.680,0.885,2.764498741812876
27514,0.680,0.890,2.5529905994703346
27515,0.680,0.895,2.357480500428609
27516,0.680,0.900,2.176840340210839
27517,0.680,0.905,2.010006782937127
27518,0.680,0.910,1.85597981719066
27519,0.680,0.915,1.7138209695093714
27520,0.680,0.920,1.5826512439174292
27521,0.680,0.925,1.4616488495967985
27522,0.680,0.930,1.3500467723099214
27523,0.680,0.935,1.2471302387173977
27524,0.680,0.940,1.1522341164445447
27525,0.680,0.945,1.0647402867543085
27526,0.680,0.950,0.9840750210640418
27527,0.680,0.955,0.9097063873537684
27528,0.680,0.960,0.8411417077830677
27529,0.680,0.965,0.777925084571968
27530,0.680,0.970,0.7196350074016591
27531,0.680,0.975,0.6658820522341252
27532,0.680,0.980,0.6163066785073081
27533,0.680,0.985,0.5705771290977628
27534,0.680,0.990,0.5283874352141336
27535,0.680,0.995,0.48945552644554235
27536,0.680,1.000,0.45352144448832427
27537,0.685,0.000,432.83346950112474
27538,0.685,0.005,430.17502249550995
27539,0.685,0.010,427.50673653398684
27540,0.685,0.015,424.8286203294935
27541,0.685,0.020,422.1406841419563
27542,0.685,0.025,419.4429398238369
27543,0.685,0.030,416.7354008669302
27544,0.685,0.035,414.0180824504473
27545,0.685,0.040,411.29100149042347
27546,0.685,0.045,408.55417669048603
27547,0.685,0.050,405.8076285940229
27548,0.685,0.055,403.05137963779094
27549,0.685,0.060,400.28545420700476
27550,0.685,0.065,397.50987869194716
27551,0.685,0.070,394.72468154614296
27552,0.685,0.075,391.92989334614066
27553,0.685,0.080,389.1255468529429
27554,0.685,0.085,386.3116770751319
27555,0.685,0.090,383.48832133373526
27556,0.685,0.095,380.65551932887394
27557,0.685,0.100,377.8133132082424
27558,0.685,0.105,374.96174763746455
27559,0.685,0.110,372.1008698723719
27560,0.685,0.115,369.2307298332515
27561,0.685,0.120,366.351380181109
27562,0.685,0.125,363.4628763959941
27563,0.685,0.130,360.56527685743407
27564,0.685,0.135,357.658642927021
27565,0.685,0.140,354.74303903319753
27566,0.685,0.145,351.8185327582864
27567,0.685,0.150,348.8851949278052
27568,0.685,0.155,345.9430997021101
27569,0.685,0.160,342.99232467040747
27570,0.685,0.165,340.03295094717225
27571,0.685,0.170,337.0650632710099
27572,0.685,0.175,334.08875010599485
27573,0.685,0.180,331.1041037455179
27574,0.685,0.185,328.11122041866827
27575,0.685,0.190,325.1102003991775
27576,0.685,0.195,322.10114811694143
27577,0.685,0.200,319.0841722721405
27578,0.685,0.205,316.05938595196375
27579,0.685,0.210,313.02690674994733
27580,0.685,0.215,309.98685688792085
27581,0.685,0.220,306.93936334055877
27582,0.685,0.225,303.8845579625177
27583,0.685,0.230,300.82257761814077
27584,0.685,0.235,297.75356431369426
27585,0.685,0.240,294.677665332098
27586,0.685,0.245,291.59503337009915
27587,0.685,0.250,288.5058266778268
27588,0.685,0.255,285.4102092006575
27589,0.685,0.260,282.30835072330547
27590,0.685,0.265,279.20042701604297
27591,0.685,0.270,276.08661998293877
27592,0.685,0.275,272.96711781199366
27593,0.685,0.280,269.8421151270328
27594,0.685,0.285,266.7118131412044
27595,0.685,0.290,263.57641981191523
27596,0.685,0.295,260.4361499970218
27597,0.685,0.300,257.29122561207834
27598,0.685,0.305,254.14187578842854
27599,0.685,0.310,250.98833703191275
27600,0.685,0.315,247.83085338195065
27601,0.685,0.320,244.66967657074184
27602,0.685,0.325,241.50506618232248
27603,0.685,0.330,238.3372898111983
27604,0.685,0.335,235.16662322027602
27605,0.685,0.340,231.99335049780427
27606,0.685,0.345,228.8177642130423
27607,0.685,0.350,225.64016557037212
27608,0.685,0.355,222.46086456159088
27609,0.685,0.360,219.2801801161276
27610,0.685,0.365,216.0984402489645
27611,0.685,0.370,212.91598220607213
27612,0.685,0.375,209.73315260721967
27613,0.685,0.380,206.55030758607944
27614,0.685,0.385,203.36781292762169
27615,0.685,0.390,200.1860442028886
27616,0.685,0.395,197.00538690134758
27617,0.685,0.400,193.82623656115845
27618,0.685,0.405,190.6489988978489
27619,0.685,0.410,187.4740899320761
27620,0.685,0.415,184.30193611737027
27621,0.685,0.420,181.13297446900316
27622,0.685,0.425,177.9676526954087
27623,0.685,0.430,174.8064293339059
27624,0.685,0.435,171.6497738928329
27625,0.685,0.440,168.4981670026105
27626,0.685,0.445,165.35210057869244
27627,0.685,0.450,162.2120779998582
27628,0.685,0.455,159.0786143058261
27629,0.685,0.460,155.9522364187442
27630,0.685,0.465,152.83348339371202
27631,0.685,0.470,149.72290670412758
27632,0.685,0.475,146.6210705682941
27633,0.685,0.480,143.52855232438304
27634,0.685,0.485,140.44594286147958
27635,0.685,0.490,137.37384711504723
27636,0.685,0.495,134.31288463567853
27637,0.685,0.500,131.26369024044124
27638,0.685,0.505,128.2269147564258
27639,0.685,0.510,125.20322586620853
27640,0.685,0.515,122.1933090648094
27641,0.685,0.520,119.19786873727747
27642,0.685,0.525,116.21762936520803
27643,0.685,0.530,113.25333686920521
27644,0.685,0.535,110.30576009246454
27645,0.685,0.540,107.37569242816923
27646,0.685,0.545,104.46395359018187
27647,0.685,0.550,101.57139152247237
27648,0.685,0.555,98.69888443777349
27649,0.685,0.560,95.84734297001677
27650,0.685,0.565,93.01771241812533
27651,0.685,0.570,90.2109750506949
27652,0.685,0.575,87.42815243199593
27653,0.685,0.580,84.67030771963863
27654,0.685,0.585,81.9385478732823
27655,0.685,0.590,79.2340257021438
27656,0.685,0.595,76.55794166704547
27657,0.685,0.600,73.91154534073279
27658,0.685,0.605,71.29613641866564
27659,0.685,0.610,68.71306516204396
27660,0.685,0.615,66.16373214616654
27661,0.685,0.620,63.649587181130975
27662,0.685,0.625,61.17212726922476
27663,0.685,0.630,58.732893465027914
27664,0.685,0.635,56.33346651113348
27665,0.685,0.640,53.97546113530743
27666,0.685,0.645,51.660518914532524
27667,0.685,0.650,49.39029963816282
27668,0.685,0.655,47.16647113651307
27669,0.685,0.660,44.99069758238596
27670,0.685,0.665,42.864626320618946
27671,0.685,0.670,40.78987333352278
27672,0.685,0.675,38.768007506381736
27673,0.685,0.680,36.80053391478159
27674,0.685,0.685,34.888876411784395
27675,0.685,0.690,33.034359844917724
27676,0.685,0.695,31.238192277471704
27677,0.685,0.700,29.501447622630337
27678,0.685,0.705,27.825049119708318
27679,0.685,0.710,26.209754086942876
27680,0.685,0.715,24.656140373359438
27681,0.685,0.720,23.164594902567487
27682,0.685,0.725,21.7353046543739
27683,0.685,0.730,20.368250367326205
27684,0.685,0.735,19.063203169259513
27685,0.685,0.740,17.81972425704853
27686,0.685,0.745,16.637167655161875
27687,0.685,0.750,15.514685989763837
27688,0.685,0.755,14.45123912555703
27689,0.685,0.760,13.44560543059323
27690,0.685,0.765,12.496395363625908
27691,0.685,0.770,11.60206702216324
27692,0.685,0.775,10.76094324916695
27693,0.685,0.780,9.971229873250293
27694,0.685,0.785,9.231034651149502
27695,0.685,0.790,8.538386491129938
27696,0.685,0.795,7.891254560014823
27697,0.685,0.800,7.2875669122829185
27698,0.685,0.805,6.725228324403795
27699,0.685,0.810,6.202137068356263
27700,0.685,0.815,5.716200412254968
27701,0.685,0.820,5.26534869056316
27702,0.685,0.825,4.847547839213418
27703,0.685,0.830,4.460810340235562
27704,0.685,0.835,4.103204564806415
27705,0.685,0.840,3.772862542054371
27706,0.685,0.845,3.467986212967396
27707,0.685,0.850,3.186852254236485
27708,0.685,0.855,2.9278155760011293
27709,0.685,0.860,2.689311610670388
27710,0.685,0.865,2.4698575178662425
27711,0.685,0.870,2.2680524337723447
27712,0.685,0.875,2.082576892518211
27713,0.685,0.880,1.9121915434358958
27714,0.685,0.885,1.7557352818103322
27715,0.685,0.890,1.6121229027648343
27716,0.685,0.895,1.4803423787646506
27717,0.685,0.900,1.3594518513861666
27718,0.685,0.905,1.2485764179049417
27719,0.685,0.910,1.146904783237504
27720,0.685,0.915,1.0536858380885168
27721,0.685,0.920,0.9682252149969875
27722,0.685,0.925,0.8898818654734468
27723,0.685,0.930,0.8180646936553374
27724,0.685,0.935,0.7522292749199716
27725,0.685,0.940,0.691874681690727
27726,0.685,0.945,0.6365404332350532
27727,0.685,0.950,0.5858035815465839
27728,0.685,0.955,0.5392759413796326
27729,0.685,0.960,0.4966014691060253
27730,0.685,0.965,0.4574537922303974
27731,0.685,0.970,0.4215338890679901
27732,0.685,0.975,0.38856791619594244
27733,0.685,0.980,0.35830517977433984
27734,0.685,0.985,0.3305162456382707
27735,0.685,0.990,0.3049911821312786
27736,0.685,0.995,0.28153792893082047
27737,0.685,1.000,0.25998078455675283
27738,0.690,0.000,430.324143577721
27739,0.690,0.005,427.64528849701986
27740,0.690,0.010,424.9563738955624
27741,0.690,0.015,422.25740574702854
27742,0.690,0.020,419.54839154237675
27743,0.690,0.025,416.8293403356537
27744,0.690,0.030,414.10026279110514
27745,0.690,0.035,411.3611712316279
27746,0.690,0.040,408.61207968860384
27747,0.690,0.045,405.8530039531575
27748,0.690,0.050,403.08396162888073
27749,0.690,0.055,400.30497218606865
27750,0.690,0.060,397.5160570175121
27751,0.690,0.065,394.7172394958918
27752,0.690,0.070,391.9085450328244
27753,0.690,0.075,389.09000113960553
27754,0.690,0.080,386.261637489701
27755,0.690,0.085,383.42348598303664
27756,0.690,0.090,380.5755808121371
27757,0.690,0.095,377.7179585301665
27758,0.690,0.100,374.8506581209226
27759,0.690,0.105,371.97372107083976
27760,0.690,0.110,369.087191443053
27761,0.690,0.115,366.1911159535797
27762,0.690,0.120,363.28554404967167
27763,0.690,0.125,360.3705279903956
27764,0.690,0.130,357.4461229294952
27765,0.690,0.135,354.5123870005913
27766,0.690,0.140,351.56938140477575
27767,0.690,0.145,348.6171705006532
27768,0.690,0.150,345.65582189688445
27769,0.690,0.155,342.6854065472873
27770,0.690,0.160,339.70599884854363
27771,0.690,0.165,336.7176767405673
27772,0.690,0.170,333.72052180957934
27773,0.690,0.175,330.71461939394
27774,0.690,0.180,327.7000586927805
27775,0.690,0.185,324.6769328774791
27776,0.690,0.190,321.6453392060188
27777,0.690,0.195,318.6053791402624
27778,0.690,0.200,315.557158466179
27779,0.690,0.205,312.50078741704414
27780,0.690,0.210,309.43638079964137
27781,0.690,0.215,306.36405812347664
27782,0.690,0.220,303.283943733019
27783,0.690,0.225,300.1961669429702
27784,0.690,0.230,297.10086217655856
27785,0.690,0.235,293.9981691068463
27786,0.690,0.240,290.88823280102946
27787,0.690,0.245,287.7712038677002
27788,0.690,0.250,284.6472386070322
27789,0.690,0.255,281.51649916383826
27790,0.690,0.260,278.37915368343846
27791,0.690,0.265,275.2353764702659
27792,0.690,0.270,272.0853481491235
27793,0.690,0.275,268.9292558289929
27794,0.690,0.280,265.7672932692852
27795,0.690,0.285,262.5996610484062
27796,0.690,0.290,259.4265667344993
27797,0.690,0.295,256.24822505821305
27798,0.690,0.300,253.0648580873285
27799,0.690,0.305,249.87669540307076
27800,0.690,0.310,246.68397427791348
27801,0.690,0.315,243.48693985468287
27802,0.690,0.320,240.28584532675112
27803,0.690,0.325,237.0809521191132
27804,0.690,0.330,233.87253007013155
27805,0.690,0.335,230.66085761374285
27806,0.690,0.340,227.44622196192222
27807,0.690,0.345,224.2289192872215
27808,0.690,0.350,221.00925490521237
27809,0.690,0.355,217.7875434567051
27810,0.690,0.360,214.56410908964563
27811,0.690,0.365,211.3392856406589
27812,0.690,0.370,208.11341681626664
27813,0.690,0.375,204.88685637390154
27814,0.690,0.380,201.65996830294364
27815,0.690,0.385,198.43312700613544
27816,0.690,0.390,195.20671748188974
27817,0.690,0.395,191.9811355081885
27818,0.690,0.400,188.7567878289915
27819,0.690,0.405,185.5340923443309
27820,0.690,0.410,182.31347830556453
27821,0.690,0.415,179.095386517605
27822,0.690,0.420,175.88026955033533
27823,0.690,0.425,172.66859196186618
27824,0.690,0.430,169.4608305367961
27825,0.690,0.435,166.25747454319276
27826,0.690,0.440,163.0590260126441
27827,0.690,0.445,159.8660000484049
27828,0.690,0.450,156.6789251674169
27829,0.690,0.455,153.49834368277345
27830,0.690,0.460,150.3248121340582
27831,0.690,0.465,147.15890177386672
27832,0.690,0.470,144.00119911973997
27833,0.690,0.475,140.85230658164284
27834,0.690,0.480,137.71284317601703
27835,0.690,0.485,134.58344533825272
27836,0.690,0.490,131.46476784615106
27837,0.690,0.495,128.35748486749773
27838,0.690,0.500,125.2622911451985
27839,0.690,0.505,122.17990333344484
27840,0.690,0.510,119.11106149799329
27841,0.690,0.515,116.0565307927513
27842,0.690,0.520,113.01710332334173
27843,0.690,0.525,109.99360020603592
27844,0.690,0.530,106.98687382725988
27845,0.690,0.535,103.99781030463458
27846,0.690,0.540,101.02733214506232
27847,0.690,0.545,98.07640108856259
27848,0.690,0.550,95.14602111826561
27849,0.690,0.555,92.23724160707457
27850,0.690,0.560,89.35116055994965
27851,0.690,0.565,86.48892789753192
27852,0.690,0.570,83.65174871198838
27853,0.690,0.575,80.84088640968633
27854,0.690,0.580,78.05766563789223
27855,0.690,0.585,75.3034748745714
27856,0.690,0.590,72.57976854215256
27857,0.690,0.595,69.88806848859282
27858,0.690,0.600,67.22996466322057
27859,0.690,0.605,64.60711480179735
27860,0.690,0.610,62.0212429263536
27861,0.690,0.615,59.474136462063235
27862,0.690,0.620,56.96764177723452
27863,0.690,0.625,54.50365796489059
27864,0.690,0.630,52.084128706729075
27865,0.690,0.635,49.71103209355031
27866,0.690,0.640,47.38636832116492
27867,0.690,0.645,45.112145237390195
27868,0.690,0.650,42.89036178335173
27869,0.690,0.655,40.72298944941033
27870,0.690,0.660,38.611951950205196
27871,0.690,0.665,36.55910341120204
27872,0.690,0.670,34.56620544657619
27873,0.690,0.675,32.63490359040863
27874,0.690,0.680,30.766703614799418
27875,0.690,0.685,28.962948324351277
27876,0.690,0.690,27.224795451681448
27877,0.690,0.695,25.55319728915136
27878,0.690,0.700,23.94888267509337
27879,0.690,0.705,22.412341907310264
27880,0.690,0.710,20.94381508322714
27881,0.690,0.715,19.54328426742201
27882,0.690,0.720,18.210469767815805
27883,0.690,0.725,16.94483066758766
27884,0.690,0.730,15.745569618029206
27885,0.690,0.735,14.611641755760589
27886,0.690,0.740,13.54176747364709
27887,0.690,0.745,12.534448655377854
27888,0.690,0.750,11.587987884817707
27889,0.690,0.755,10.700510067166675
27890,0.690,0.760,9.86998585209317
27891,0.690,0.765,9.094256229909742
27892,0.690,0.770,8.371057679337124
27893,0.690,0.775,7.698047276746596
27894,0.690,0.780,7.072827228121483
27895,0.690,0.785,6.492968351727357
27896,0.690,0.790,5.9560321166894
27897,0.690,0.795,5.459590925459882
27898,0.690,0.800,5.001246412008583
27899,0.690,0.805,4.578645608587719
27900,0.690,0.810,4.1894949089780695
27901,0.690,0.815,3.8315718229118043
27902,0.690,0.820,3.5027345734096187
27903,0.690,0.825,3.2009296353415477
27904,0.690,0.830,2.924197349549767
27905,0.690,0.835,2.670675772809615
27906,0.690,0.840,2.438602940592293
27907,0.690,0.845,2.2263177281290885
27908,0.690,0.850,2.0322594969039436
27909,0.690,0.855,1.8549667097062232
27910,0.690,0.860,1.693074689012282
27911,0.690,0.865,1.5453126818993632
27912,0.690,0.870,1.4105003809691774
27913,0.690,0.875,1.2875440357665169
27914,0.690,0.880,1.1754322736632048
27915,0.690,0.885,1.0732317337328967
27916,0.690,0.890,0.9800826022218042
27917,0.690,0.895,0.8951941241540229
27918,0.690,0.900,0.8178401526200488
27919,0.690,0.905,0.747354785516054
27920,0.690,0.910,0.6831281289899802
27921,0.690,0.915,0.6246022176127302
27922,0.690,0.920,0.5712671132907986
27923,0.690,0.925,0.5226571981028278
27924,0.690,0.930,0.47834767048941446
27925,0.690,0.935,0.4379512494539531
27926,0.690,0.940,0.4011150875383989
27927,0.690,0.945,0.3675178902171689
27928,0.690,0.950,0.33686723690389764
27929,0.690,0.955,0.3088970968939607
27930,0.690,0.960,0.28336553218226274
27931,0.690,0.965,0.2600525781203593
27932,0.690,0.970,0.23875829223736733
27933,0.690,0.975,0.21930096118107598
27934,0.690,0.980,0.2015154555826351
27935,0.690,0.985,0.18525172266032122
27936,0.690,0.990,0.1703734065114532
27937,0.690,0.995,0.15675658625778519
27938,0.690,1.000,0.1442886224738583
27939,0.695,0.000,427.808675763947
27940,0.695,0.005,425.1092029988024
27941,0.695,0.010,422.39944436247345
27942,0.695,0.015,419.6794029219827
27943,0.695,0.020,416.94908322688104
27944,0.695,0.025,414.2084913551735
27945,0.695,0.030,411.45763496059544
27946,0.695,0.035,408.69652332127987
27947,0.695,0.040,405.9251673898639
27948,0.695,0.045,403.14357984507717
27949,0.695,0.050,400.35177514486213
27950,0.695,0.055,397.5497695810736
27951,0.695,0.060,394.73758133580833
27952,0.695,0.065,391.91523053941575
27953,0.695,0.070,389.0827393302424
27954,0.695,0.075,386.24013191616564
27955,0.695,0.080,383.387434637969
27956,0.695,0.085,380.52467603461974
27957,0.695,0.090,377.65188691050366
27958,0.695,0.095,374.769100404677
27959,0.695,0.100,371.87635206219664
27960,0.695,0.105,368.97367990758914
27961,0.695,0.110,366.0611245205206
27962,0.695,0.115,363.13872911373204
27963,0.695,0.120,360.2065396133031
27964,0.695,0.125,357.2646047413103
27965,0.695,0.130,354.3129761009433
27966,0.695,0.135,351.3517082641483
27967,0.695,0.140,348.3808588618611
27968,0.695,0.145,345.4004886768994
27969,0.695,0.150,342.410661739579
27970,0.695,0.155,339.4114454261202
27971,0.695,0.160,336.40291055991
27972,0.695,0.165,333.3851315156854
27973,0.695,0.170,330.3581863267002
27974,0.695,0.175,327.3221567949389
27975,0.695,0.180,324.27712860443745
27976,0.695,0.185,321.2231914377693
27977,0.695,0.190,318.16043909575365
27978,0.695,0.195,315.08896962043707
27979,0.695,0.200,312.00888542140103
27980,0.695,0.205,308.92029340543786
27981,0.695,0.210,305.8233051096402
27982,0.695,0.215,302.7180368379372
27983,0.695,0.220,299.60460980111156
27984,0.695,0.225,296.4831502603216
27985,0.695,0.230,293.35378967414596
27986,0.695,0.235,290.21666484916466
27987,0.695,0.240,287.07191809407834
27988,0.695,0.245,283.91969737736224
27989,0.695,0.250,280.76015648844077
27990,0.695,0.255,277.5934552023596
27991,0.695,0.260,274.4197594479226
27992,0.695,0.265,271.23924147924976
27993,0.695,0.270,268.0520800507017
27994,0.695,0.275,264.8584605951066
27995,0.695,0.280,261.65857540521154
27996,0.695,0.285,258.4526238182736
27997,0.695,0.290,255.24081240369048
27998,0.695,0.295,252.0233551535666
27999,0.695,0.300,248.8004736760955
28000,0.695,0.305,245.5723973916399
28001,0.695,0.310,242.3393637313767
28002,0.695,0.315,239.10161833838288
28003,0.695,0.320,235.85941527102835
28004,0.695,0.325,232.6130172085592
28005,0.695,0.330,229.36269565875494
28006,0.695,0.335,226.10873116757386
28007,0.695,0.340,222.85141353071523
28008,0.695,0.345,219.5910420070764
28009,0.695,0.350,216.32792553412028
28010,0.695,0.355,213.06238294524363
28011,0.695,0.360,209.79474318930625
28012,0.695,0.365,206.52534555259194
28013,0.695,0.370,203.25453988358746
28014,0.695,0.375,199.98268682112268
28015,0.695,0.380,196.710158026593
28016,0.695,0.385,193.43733642120586
28017,0.695,0.390,190.16461642944802
28018,0.695,0.395,186.89240423027786
28019,0.695,0.400,183.62111801789985
28020,0.695,0.405,180.3511882743922
28021,0.695,0.410,177.08305805693632
28022,0.695,0.415,173.81718330294072
28023,0.695,0.420,170.55403315697575
28024,0.695,0.425,167.29409032413483
28025,0.695,0.430,164.0378514552286
28026,0.695,0.435,160.78582757008652
28027,0.695,0.440,157.53854452621263
28028,0.695,0.445,154.29654354108197
28029,0.695,0.450,151.06038177750574
28030,0.695,0.455,147.8306330026856
28031,0.695,0.460,144.6078883328438
28032,0.695,0.465,141.3927570765949
28033,0.695,0.470,138.1858676915197
28034,0.695,0.475,134.9878688696329
28035,0.695,0.480,131.79943076858362
28036,0.695,0.485,128.62124640638
28037,0.695,0.490,125.45403323813899
28038,0.695,0.495,122.29853493367867
28039,0.695,0.500,119.15552337460096
28040,0.695,0.505,116.02580088867646
28041,0.695,0.510,112.91020273768079
28042,0.695,0.515,109.80959987213873
28043,0.695,0.520,106.724901962487
28044,0.695,0.525,103.6570607107381
28045,0.695,0.530,100.60707343956386
28046,0.695,0.535,97.57598694657453
28047,0.695,0.540,94.5649016002156
28048,0.695,0.545,91.57497563993577
28049,0.695,0.550,88.60742962695646
28050,0.695,0.555,85.66355097303206
28051,0.695,0.560,82.74469845309173
28052,0.695,0.565,79.85230658381647
28053,0.695,0.570,76.9878897244412
28054,0.695,0.575,74.15304572903982
28055,0.695,0.580,71.34945895218749
28056,0.695,0.585,68.57890238344201
28057,0.695,0.590,65.84323866212372
28058,0.695,0.595,63.14441970428952
28059,0.695,0.600,60.4844846607821
28060,0.695,0.605,57.8655559211857
28061,0.695,0.610,55.28983288593571
28062,0.695,0.615,52.75958325015355
28063,0.695,0.620,50.277131580171066
28064,0.695,0.625,47.84484501881467
28065,0.695,0.630,45.465116029171845
28066,0.695,0.635,43.14034217851426
28067,0.695,0.640,40.8729030727074
28068,0.695,0.645,38.66513467367423
28069,0.695,0.650,36.519301363554526
28070,0.695,0.655,34.437566252812786
28071,0.695,0.660,32.42196035806976
28072,0.695,0.665,30.474351390337297
28073,0.695,0.670,28.59641298678975
28074,0.695,0.675,26.789595280808822
28075,0.695,0.680,25.055097728641325
28076,0.695,0.685,23.393845091511704
28077,0.695,0.690,21.80646740707266
28078,0.695,0.695,20.29328467451256
28079,0.695,0.700,18.854296827716336
28080,0.695,0.705,17.489179388076277
28081,0.695,0.710,16.197284983062755
28082,0.695,0.715,14.97765070057977
28083,0.695,0.720,13.82901103538719
28084,0.695,0.725,12.749815985140318
28085,0.695,0.730,11.738253681174516
28086,0.695,0.735,10.792276802057643
28087,0.695,0.740,9.909631922209723
28088,0.695,0.745,9.08789089634416
28089,0.695,0.750,8.324483372668134
28090,0.695,0.755,7.616729560324444
28091,0.695,0.760,6.961872443752469
28092,0.695,0.765,6.357108731157876
28093,0.695,0.770,5.799617937929634
28094,0.695,0.775,5.286589130340698
28095,0.695,0.780,4.815244982454064
28096,0.695,0.785,4.382862923074387
28097,0.695,0.790,3.9867932644004167
28098,0.695,0.795,3.624474305769094
28099,0.695,0.800,3.2934444920181933
28100,0.695,0.805,2.99135177534894
28101,0.695,0.810,2.7159603821019207
28102,0.695,0.815,2.4651552224301225
28103,0.695,0.820,2.2369442029742768
28104,0.695,0.825,2.029458712243624
28105,0.695,0.830,1.840952547608713
28106,0.695,0.835,1.6697995437835988
28107,0.695,0.840,1.5144901474762067
28108,0.695,0.845,1.3736271633938988
28109,0.695,0.850,1.2459208746393982
28110,0.695,0.855,1.130183717087045
28111,0.695,0.860,1.0253246636874287
28112,0.695,0.865,0.9303434516521949
28113,0.695,0.870,0.8443247637325835
28114,0.695,0.875,0.7664324547386476
28115,0.695,0.880,0.695903896299179
28116,0.695,0.885,0.6320444967501448
28117,0.695,0.890,0.5742224389742828
28118,0.695,0.895,0.5218636669329412
28119,0.695,0.900,0.47444714141690764
28120,0.695,0.905,0.4315003770454976
28121,0.695,0.910,0.39259526559331154
28122,0.695,0.915,0.3573441851452391
28123,0.695,0.920,0.32539639019724403
28124,0.695,0.925,0.29643467446527333
28125,0.695,0.930,0.27017229568082823
28126,0.695,0.935,0.24635014989648435
28127,0.695,0.940,0.22473418167017833
28128,0.695,0.945,0.2051130158306284
28129,0.695,0.950,0.1872957962498457
28130,0.695,0.955,0.1711102170781511
28131,0.695,0.960,0.15640073216097802
28132,0.695,0.965,0.1430269287949609
28133,0.695,0.970,0.13086205254339484
28134,0.695,0.975,0.11979167047681434
28135,0.695,0.980,0.1097124608993375
28136,0.695,0.985,0.10053111833784574
28137,0.695,0.990,0.0921633632863554
28138,0.695,0.995,0.08453304689330475
28139,0.695,1.000,0.07757134143900829
28140,0.700,0.000,425.28792578755116
28141,0.700,0.005,422.56763406674276
28142,0.700,0.010,419.8368243737995
28143,0.700,0.015,417.0954966979859
28144,0.700,0.020,414.3436524710244
28145,0.700,0.025,411.58129461297693
28146,0.700,0.030,408.80842757951945
28147,0.700,0.035,406.02505741065676
28148,0.700,0.040,403.2311917809266
28149,0.700,0.045,400.42684005114245
28150,0.700,0.050,397.6120133217283
28151,0.700,0.055,394.78672448769674
28152,0.700,0.060,391.95098829532776
28153,0.700,0.065,389.1048214006026
28154,0.700,0.070,386.24824242945294
28155,0.700,0.075,383.38127203988483
28156,0.700,0.080,380.5039329860371
28157,0.700,0.085,377.61625018424155
28158,0.700,0.090,374.7182507811459
28159,0.700,0.095,371.8099642239678
28160,0.700,0.100,368.89142233294797
28161,0.700,0.105,365.96265937607143
28162,0.700,0.110,363.0237121461289
28163,0.700,0.115,360.0746200401889
28164,0.700,0.120,357.11542514155707
28165,0.700,0.125,354.1461723042948
28166,0.700,0.130,351.16690924037545
28167,0.700,0.135,348.1776866095546
28168,0.700,0.140,345.178558112032
28169,0.700,0.145,342.1695805839847
28170,0.700,0.150,339.15081409605006
28171,0.700,0.155,336.1223220548386
28172,0.700,0.160,333.0841713075564
28173,0.700,0.165,330.03643224981704
28174,0.700,0.170,326.9791789367216
28175,0.700,0.175,323.91248919728633
28176,0.700,0.180,320.8364447522956
28177,0.700,0.185,317.7511313356551
28178,0.700,0.190,314.65663881932267
28179,0.700,0.195,311.5530613418864
28180,0.700,0.200,308.4404974408634
28181,0.700,0.205,305.3190501887824
28182,0.700,0.210,302.18882733311926
28183,0.700,0.215,299.04994144013983
28184,0.700,0.220,295.9025100427104
28185,0.700,0.225,292.74665579212353
28186,0.700,0.230,289.58250661398563
28187,0.700,0.235,286.4101958682057
28188,0.700,0.240,283.2298625131179
28189,0.700,0.245,280.0416512737644
28190,0.700,0.250,276.84571281435586
28191,0.700,0.255,273.642203914923
28192,0.700,0.260,270.4312876521602
28193,0.700,0.265,267.2131335844567
28194,0.700,0.270,263.987917941103
28195,0.700,0.275,260.75582381565073
28196,0.700,0.280,257.517041363398
28197,0.700,0.285,254.27176800296536
28198,0.700,0.290,251.02020862192228
28199,0.700,0.295,247.76257578641926
28200,0.700,0.300,244.49908995478123
28201,0.700,0.305,241.22997969501895
28202,0.700,0.310,237.95548190621685
28203,0.700,0.315,234.67584204377349
28204,0.700,0.320,231.3913143484788
28205,0.700,0.325,228.10216207944316
28206,0.700,0.330,224.8086577509198
28207,0.700,0.335,221.51108337311376
28208,0.700,0.340,218.2097306971189
28209,0.700,0.345,214.90490146420876
28210,0.700,0.350,211.59690765978843
28211,0.700,0.355,208.28607177244209
28212,0.700,0.360,204.9727270586414
28213,0.700,0.365,201.65721781386367
28214,0.700,0.370,198.33989965107173
28215,0.700,0.375,195.02113978776296
28216,0.700,0.380,191.70131734309487
28217,0.700,0.385,188.38082364695111
28218,0.700,0.390,185.06006256323107
28219,0.700,0.395,181.73945083013828
28220,0.700,0.400,178.41941842081263
28221,0.700,0.405,175.10040892831282
28222,0.700,0.410,171.78287997971287
28223,0.700,0.415,168.46730368494278
28224,0.700,0.420,165.15416712698163
28225,0.700,0.425,161.8439729011149
28226,0.700,0.430,158.53723971219597
28227,0.700,0.435,155.23450304020616
28228,0.700,0.440,151.93631588589616
28229,0.700,0.445,148.64324960988455
28230,0.700,0.450,145.35589488030453
28231,0.700,0.455,142.0748627458615
28232,0.700,0.460,138.8007858530012
28233,0.700,0.465,135.53431982769402
28234,0.700,0.470,132.27614484409028
28235,0.700,0.475,129.026967403863
28236,0.700,0.480,125.78752235135234
28237,0.700,0.485,122.55857515047744
28238,0.700,0.490,119.34092444964975
28239,0.700,0.495,116.1354049603554
28240,0.700,0.500,112.94289067345895
28241,0.700,0.505,109.76429843429922
28242,0.700,0.510,106.60059189299238
28243,0.700,0.515,103.45278583965586
28244,0.700,0.520,100.32195092513898
28245,0.700,0.525,97.20921875589057
28246,0.700,0.530,94.11578733642321
28247,0.700,0.535,91.04292681408867
28248,0.700,0.540,87.99198545828082
28249,0.700,0.545,84.96439577956313
28250,0.700,0.550,81.9616806635889
28251,0.700,0.555,78.98545936029312
28252,0.700,0.560,76.03745313124791
28253,0.700,0.565,73.11949031823868
28254,0.700,0.570,70.23351055544639
28255,0.700,0.575,67.38156780804232
28256,0.700,0.580,64.56583188400431
28257,0.700,0.585,61.788588036587576
28258,0.700,0.590,59.05223425567876
28259,0.700,0.595,56.35927584114146
28260,0.700,0.600,53.71231686433035
28261,0.700,0.605,51.11404815917063
28262,0.700,0.610,48.56723154503399
28263,0.700,0.615,46.07468007258059
28264,0.700,0.620,43.63923420178648
28265,0.700,0.625,41.26373396756604
28266,0.700,0.630,38.95098735933103
28267,0.700,0.635,36.70373533039348
28268,0.700,0.640,34.524614052425946
28269,0.700,0.645,32.416115227800745
28270,0.700,0.650,30.380545455123187
28271,0.700,0.655,28.419985796201644
28272,0.700,0.660,26.536252801793985
28273,0.700,0.665,24.73086230610924
28274,0.700,0.670,23.004997286705187
28275,0.700,0.675,21.359481002031256
28276,0.700,0.680,19.79475646375877
28277,0.700,0.685,18.310873081410495
28278,0.700,0.690,16.907481044498336
28279,0.700,0.695,15.5838336990318
28280,0.700,0.700,14.338797850820944
28281,0.700,0.705,13.170871608853036
28282,0.700,0.710,12.078209088938424
28283,0.700,0.715,11.058651048979952
28284,0.700,0.720,10.109760336600454
28285,0.700,0.725,9.228860906168268
28286,0.700,0.730,8.41307910847702
28287,0.700,0.735,7.659385969951631
28288,0.700,0.740,6.964639252020652
28289,0.700,0.745,6.325624204405023
28290,0.700,0.750,5.7390920855313015
28291,0.700,0.755,5.201795705302733
28292,0.700,0.760,4.7105214367450685
28293,0.700,0.765,4.262117331743808
28294,0.700,0.770,3.853517152510761
28295,0.700,0.775,3.481760287363568
28296,0.700,0.780,3.144007652230075
28297,0.700,0.785,2.8375537857340176
28298,0.700,0.790,2.5598354255480618
28299,0.700,0.795,2.3084369082866636
28300,0.700,0.800,2.081092767071119
28301,0.700,0.805,1.8756879132583053
28302,0.700,0.810,1.6902557852374924
28303,0.700,0.815,1.5229748312433853
28304,0.700,0.820,1.37216366818115
28305,0.700,0.825,1.236275227528272
28306,0.700,0.830,1.1138901650459712
28307,0.700,0.835,1.003709775405194
28308,0.700,0.840,0.9045486175508085
28309,0.700,0.845,0.8153270229068449
28310,0.700,0.850,0.7350636272034026
28311,0.700,0.855,0.6628680383045892
28312,0.700,0.860,0.5979337272029798
28313,0.700,0.865,0.5395312073888624
28314,0.700,0.870,0.48700154902487447
28315,0.700,0.875,0.43975025857981653
28316,0.700,0.880,0.39724154155532204
28317,0.700,0.885,0.3589929553951802
28318,0.700,0.890,0.3245704513047001
28319,0.700,0.895,0.29358379723371797
28320,0.700,0.900,0.2656823694120452
28321,0.700,0.905,0.24055129631111877
28322,0.700,0.910,0.21790793650580786
28323,0.700,0.915,0.19749867041763972
28324,0.700,0.920,0.17909598515371083
28325,0.700,0.925,0.1624958314584053
28326,0.700,0.930,0.14751523203585987
28327,0.700,0.935,0.13399012106960684
28328,0.700,0.940,0.12177339557112357
28329,0.700,0.945,0.11073316015706344
28330,0.700,0.950,0.10075114792628344
28331,0.700,0.955,0.09172130123532299
28332,0.700,0.960,0.08354849731800039
28333,0.700,0.965,0.07614740483314422
28334,0.700,0.970,0.06944145853304766
28335,0.700,0.975,0.063361940308523
28336,0.700,0.980,0.05784715587341607
28337,0.700,0.985,0.052841697294475874
28338,0.700,0.990,0.04829578244648361
28339,0.700,0.995,0.04416466327418427
28340,0.700,1.000,0.04040809546956651
28341,0.705,0.000,422.7628147525107
28342,0.705,0.005,420.0215122480875
28343,0.705,0.010,417.2694539803942
28344,0.705,0.015,414.50663668673985
28345,0.705,0.020,411.73305850123324
28346,0.705,0.025,408.94871900044177
28347,0.705,0.030,406.1536192504823
28348,0.705,0.035,403.347761855596
28349,0.705,0.040,400.5311510082578
28350,0.705,0.045,397.7037925408774
28351,0.705,0.050,394.86569397914525
28352,0.705,0.055,392.016864597084
28353,0.705,0.060,389.1573154738636
28354,0.705,0.065,386.28705955244357
28355,0.705,0.070,383.4061117001042
28356,0.705,0.075,380.51448877093617
28357,0.705,0.080,377.6122096703523
28358,0.705,0.085,374.6992954216949
28359,0.705,0.090,371.77576923500897
28360,0.705,0.095,368.84165657805556
28361,0.705,0.100,365.896985249642
28362,0.705,0.105,362.9417854553459
28363,0.705,0.110,359.9760898857142
28364,0.705,0.115,356.9999337970184
28365,0.705,0.120,354.01335509464974
28366,0.705,0.125,351.01639441924095
28367,0.705,0.130,348.0090952356004
28368,0.705,0.135,344.99150392454834
28369,0.705,0.140,341.96366987774684
28370,0.705,0.145,338.92564559561333
28371,0.705,0.150,335.8774867884118
28372,0.705,0.155,332.81925248061697
28373,0.705,0.160,329.75100511864434
28374,0.705,0.165,326.6728106820443
28375,0.705,0.170,323.5847387982544
28376,0.705,0.175,320.486862861009
28377,0.705,0.180,317.3792601524996
28378,0.705,0.185,314.2620119693848
28379,0.705,0.190,311.13520375274385
28380,0.705,0.195,307.99892522206807
28381,0.705,0.200,304.8532705133851
28382,0.705,0.205,301.6983383216037
28383,0.705,0.210,298.534232047173
28384,0.705,0.215,295.3610599471377
28385,0.705,0.220,292.17893529067675
28386,0.705,0.225,288.9879765192039
28387,0.705,0.230,285.7883074111065
28388,0.705,0.235,282.5800572511949
28389,0.705,0.240,279.3633610049309
28390,0.705,0.245,276.1383594974972
28391,0.705,0.250,272.9051995977667
28392,0.705,0.255,269.66403440722405
28393,0.705,0.260,266.4150234538889
28394,0.705,0.265,263.1583328912838
28395,0.705,0.270,259.8941357024861
28396,0.705,0.275,256.6226119093024
28397,0.705,0.280,253.34394878659927
28398,0.705,0.285,250.05834108182574
28399,0.705,0.290,246.76599123976564
28400,0.705,0.295,243.4671096325635
28401,0.705,0.300,240.1619147950767
28402,0.705,0.305,236.8506336656238
28403,0.705,0.310,233.53350183221673
28404,0.705,0.315,230.21076378439986
28405,0.705,0.320,226.88267317085152
28406,0.705,0.325,223.54949306296308
28407,0.705,0.330,220.21149622466902
28408,0.705,0.335,216.86896538889462
28409,0.705,0.340,213.52219354108385
28410,0.705,0.345,210.17148421041196
28411,0.705,0.350,206.81715176943683
28412,0.705,0.355,203.4595217431533
28413,0.705,0.360,200.0989311286407
28414,0.705,0.365,196.73572872679435
28415,0.705,0.370,193.37027548796755
28416,0.705,0.375,190.00294487376948
28417,0.705,0.380,186.63412323774776
28418,0.705,0.385,183.26421022826204
28419,0.705,0.390,179.89361921752848
28420,0.705,0.395,176.52277776159912
28421,0.705,0.400,173.15212809695356
28422,0.705,0.405,169.78212768042565
28423,0.705,0.410,166.4132497803901
28424,0.705,0.415,163.0459841284979
28425,0.705,0.420,159.68083764278762
28426,0.705,0.425,156.31833523472014
28427,0.705,0.430,152.95902071459608
28428,0.705,0.435,149.60345781189926
28429,0.705,0.440,146.25223132938228
28430,0.705,0.445,142.90594845211606
28431,0.705,0.450,139.56524023526157
28432,0.705,0.455,136.2307632968995
28433,0.705,0.460,132.90320174482767
28434,0.705,0.465,129.583269368662
28435,0.705,0.470,126.27171213075154
28436,0.705,0.475,122.96931099111809
28437,0.705,0.480,119.6768851026647
28438,0.705,0.485,116.39529541294134
28439,0.705,0.490,113.12544870750341
28440,0.705,0.495,109.86830212690825
28441,0.705,0.500,106.62486818422202
28442,0.705,0.505,103.39622030200046
28443,0.705,0.510,100.18349887648912
28444,0.705,0.515,96.9879178616291
28445,0.705,0.520,93.81077184572732
28446,0.705,0.525,90.65344356874782
28447,0.705,0.530,87.5174117975859
28448,0.705,0.535,84.40425944003725
28449,0.705,0.540,81.31568173535055
28450,0.705,0.545,78.25349431049275
28451,0.705,0.550,75.2196408372751
28452,0.705,0.555,72.2161999676041
28453,0.705,0.560,69.24539116440178
28454,0.705,0.565,66.30957898709414
28455,0.705,0.570,63.41127533684658
28456,0.705,0.575,60.55313912271352
28457,0.705,0.580,57.73797278122367
28458,0.705,0.585,54.968715074944
28459,0.705,0.590,52.24842961687186
28460,0.705,0.595,49.5802886234727
28461,0.705,0.600,46.96755149529399
28462,0.705,0.605,44.41353796406787
28463,0.705,0.610,41.92159573015387
28464,0.705,0.615,39.49506274162195
28465,0.705,0.620,37.13722452952423
28466,0.705,0.625,34.8512673015581
28467,0.705,0.630,32.64022779234201
28468,0.705,0.635,30.506941152858413
28469,0.705,0.640,28.45398841149236
28470,0.705,0.645,26.483645230945875
28471,0.705,0.650,24.597833797187103
28472,0.705,0.655,22.798079690815083
28473,0.705,0.660,21.085475496871958
28474,0.705,0.665,19.460652704072935
28475,0.705,0.670,17.923763136370862
28476,0.705,0.675,16.474470766250448
28477,0.705,0.680,15.111954306165357
28478,0.705,0.685,13.834920494116906
28479,0.705,0.690,12.641627516279026
28480,0.705,0.695,11.529917577608387
28481,0.705,0.700,10.497257269894392
28482,0.705,0.705,9.54078411774311
28483,0.705,0.710,8.657357519448562
28484,0.705,0.715,7.8436122447181065
28485,0.705,0.720,7.096012698728108
28486,0.705,0.725,6.410906298313238
28487,0.705,0.730,5.784574512164124
28488,0.705,0.735,5.213280370778382
28489,0.705,0.740,4.693311531195811
28490,0.705,0.745,4.221018265504749
28491,0.705,0.750,3.7928460131512454
28492,0.705,0.755,3.4053623817052983
28493,0.705,0.760,3.0552786898184294
28494,0.705,0.765,2.739466314739239
28495,0.705,0.770,2.454968233718336
28496,0.705,0.775,2.1990062356548976
28497,0.705,0.780,1.9689843302599457
28498,0.705,0.785,1.7624889020083765
28499,0.705,0.790,1.5772861510214724
28500,0.705,0.795,1.4113173386263889
28501,0.705,0.800,1.2626923171916136
28502,0.705,0.805,1.1296817768307355
28503,0.705,0.810,1.0107085898282722
28504,0.705,0.815,0.9043385804849946
28505,0.705,0.820,0.8092709960317476
28506,0.705,0.825,0.7243289051297225
28507,0.705,0.830,0.648449705453527
28508,0.705,0.835,0.5806758816256896
28509,0.705,0.840,0.5201461196226148
28510,0.705,0.845,0.4660868536888083
28511,0.705,0.850,0.4178042965527311
28512,0.705,0.855,0.374676982969576
28513,0.705,0.860,0.3361488398779557
28514,0.705,0.865,0.3017227832672043
28515,0.705,0.870,0.27095483172407026
28516,0.705,0.875,0.24344871909535054
28517,0.705,0.880,0.2188509833333461
28518,0.705,0.885,0.1968465049927966
28519,0.705,0.890,0.17715446667578838
28520,0.705,0.895,0.15952470367590343
28521,0.705,0.900,0.14373441589984584
28522,0.705,0.905,0.12958521163041264
28523,0.705,0.910,0.11690045466260479
28524,0.705,0.915,0.10552288765132589
28525,0.705,0.920,0.09531250603936596
28526,0.705,0.925,0.08614465859729782
28527,0.705,0.930,0.07790835233201832
28528,0.705,0.935,0.07050474125425978
28529,0.705,0.940,0.06384578019769421
28530,0.705,0.945,0.057853026524570035
28531,0.705,0.950,0.052456574115422976
28532,0.705,0.955,0.047594105510533065
28533,0.705,0.960,0.04321004944112634
28534,0.705,0.965,0.03925483225561047
28535,0.705,0.970,0.03568421291019982
28536,0.705,0.975,0.0324586922561019
28537,0.705,0.980,0.029542988320462014
28538,0.705,0.985,0.026905570149849796
28539,0.705,0.990,0.024518243568034045
28540,0.705,0.995,0.02235578289901877
28541,0.705,1.000,0.02039560332644881
28542,0.710,0.000,420.2343272577042
28543,0.710,0.005,417.4718327464853
28544,0.710,0.010,414.69833907847914
28545,0.710,0.015,411.9138395624475
28546,0.710,0.020,409.1183288524517
28547,0.710,0.025,406.31180299309494
28548,0.710,0.030,403.49425946623023
28549,0.710,0.035,400.66569723918866
28550,0.710,0.040,397.8261168145853
28551,0.710,0.045,394.97552028175875
28552,0.710,0.050,392.1139113699078
28553,0.710,0.055,389.2412955029851
28554,0.710,0.060,386.35767985641496
28555,0.710,0.065,383.46307341570116
28556,0.710,0.070,380.5574870369952
28557,0.710,0.075,377.64093350969665
28558,0.710,0.080,374.7134276211594
28559,0.710,0.085,371.77498622358144
28560,0.710,0.090,368.8256283031575
28561,0.710,0.095,365.8653750515751
28562,0.710,0.100,362.8942499399397
28563,0.710,0.105,359.9122787952145
28564,0.710,0.110,356.9194898792654
28565,0.710,0.115,353.91591397060165
28566,0.710,0.120,350.9015844489067
28567,0.710,0.125,347.8765373824565
28568,0.710,0.130,344.840811618524
28569,0.710,0.135,341.79444887687043
28570,0.710,0.140,338.7374938464279
28571,0.710,0.145,335.6699942852789
28572,0.710,0.150,332.5920011240402
28573,0.710,0.155,329.50356857276074
28574,0.710,0.160,326.4047542314459
28575,0.710,0.165,323.2956192043204
28576,0.710,0.170,320.17622821794527
28577,0.710,0.175,317.04664974330325
28578,0.710,0.180,313.90695612197163
28579,0.710,0.185,310.7572236964982
28580,0.710,0.190,307.59753294510074
28581,0.710,0.195,304.42796862080496
28582,0.710,0.200,301.24861989514415
28583,0.710,0.205,298.05958050653373
28584,0.710,0.210,294.86094891344277
28585,0.710,0.215,291.65282845247464
28586,0.710,0.220,288.4353275014772
28587,0.710,0.225,285.2085596477917
28588,0.710,0.230,281.97264386175647
28589,0.710,0.235,278.7277046755747
28590,0.710,0.240,275.47387236765553
28591,0.710,0.245,272.2112831525351
28592,0.710,0.250,268.9400793764849
28593,0.710,0.255,265.6604097189108
28594,0.710,0.260,262.372429399648
28595,0.710,0.265,259.0763003922573
28596,0.710,0.270,255.77219164342935
28597,0.710,0.275,252.46027929861003
28598,0.710,0.280,249.1407469339644
28599,0.710,0.285,245.81378579480807
28600,0.710,0.290,242.47959504065034
28601,0.710,0.295,239.13838199701175
28602,0.710,0.300,235.79036241420667
28603,0.710,0.305,232.43576073331926
28604,0.710,0.310,229.07481035964196
28605,0.710,0.315,225.70775394391364
28606,0.710,0.320,222.33484367176055
28607,0.710,0.325,218.95634156184758
28608,0.710,0.330,215.57251977335608
28609,0.710,0.335,212.18366092356152
28610,0.710,0.340,208.79005841645295
28611,0.710,0.345,205.39201678356892
28612,0.710,0.350,201.98985203848014
28613,0.710,0.355,198.5838920466852
28614,0.710,0.360,195.17447691306543
28615,0.710,0.365,191.76195938952154
28616,0.710,0.370,188.34670530596472
28617,0.710,0.375,184.9290940285014
28618,0.710,0.380,181.5095189494288
28619,0.710,0.385,178.08838801457696
28620,0.710,0.390,174.66612429460517
28621,0.710,0.395,171.2431666081068
28622,0.710,0.400,167.81997020581792
28623,0.710,0.405,164.39700752688074
28624,0.710,0.410,160.97476903999896
28625,0.710,0.415,157.55376418446357
28626,0.710,0.420,154.13452242842564
28627,0.710,0.425,150.71759446446404
28628,0.710,0.430,147.30355356543464
28629,0.710,0.435,143.89299712677078
28630,0.710,0.440,140.4865484248211
28631,0.710,0.445,137.08485862437186
28632,0.710,0.450,133.68860907216254
28633,0.710,0.455,130.29851391680106
28634,0.710,0.460,126.91532309889278
28635,0.710,0.465,123.53982575815085
28636,0.710,0.470,120.17285410650275
28637,0.710,0.475,116.81528781734296
28638,0.710,0.480,113.46805898068259
28639,0.710,0.485,110.13215767142398
28640,0.710,0.490,106.8086381727164
28641,0.710,0.495,103.4986258875298
28642,0.710,0.500,100.20332495838474
28643,0.710,0.505,96.92402659663112
28644,0.710,0.510,93.66211809780062
28645,0.710,0.515,90.41909248737626
28646,0.710,0.520,87.19655870092883
28647,0.710,0.525,83.99625215325163
28648,0.710,0.530,80.82004549250301
28649,0.710,0.535,77.66995926755355
28650,0.710,0.540,74.54817216056011
28651,0.710,0.545,71.4570303539951
28652,0.710,0.550,68.39905551485852
28653,0.710,0.555,65.37695079286502
28654,0.710,0.560,62.3936041498272
28655,0.710,0.565,59.452088271622
28656,0.710,0.570,56.55565627086506
28657,0.710,0.575,53.707732377702435
28658,0.710,0.580,50.91189684848171
28659,0.710,0.585,48.171864407637095
28660,0.710,0.590,45.49145568551659
28661,0.710,0.595,42.87456132965787
28662,0.710,0.600,40.3250987501618
28663,0.710,0.605,37.846961806156116
28664,0.710,0.610,35.44396413741574
28665,0.710,0.615,33.11977727264283
28666,0.710,0.620,30.87786507579325
28667,0.710,0.625,28.721416490181003
28668,0.710,0.630,26.653278869527192
28669,0.710,0.635,24.675894408660287
28670,0.710,0.640,22.791242272087764
28671,0.710,0.645,21.00078894347355
28672,0.710,0.650,19.305449073921146
28673,0.710,0.655,17.7055586986818
28674,0.710,0.660,16.200862143956613
28675,0.710,0.665,14.790513296365878
28676,0.710,0.670,13.473091207139511
28677,0.710,0.675,12.246629306538146
28678,0.710,0.680,11.108656866127953
28679,0.710,0.685,10.056250815031232
28680,0.710,0.690,9.086095626808019
28681,0.710,0.695,8.19454876648932
28682,0.710,0.700,7.377709126382528
28683,0.710,0.705,6.6314859732493625
28684,0.710,0.710,5.951666154621364
28685,0.710,0.715,5.333977636383387
28686,0.710,0.720,4.774147831494587
28687,0.710,0.725,4.2679555953317765
28688,0.710,0.730,3.8112761748448913
28689,0.710,0.735,3.400118780748805
28690,0.710,0.740,3.0306567857797813
28691,0.710,0.745,2.6992508264075488
28692,0.710,0.750,2.4024652958067048
28693,0.710,0.755,2.1370788633782976
28694,0.710,0.760,1.900089745815509
28695,0.710,0.765,1.6887164944436786
28696,0.710,0.770,1.5003950625278966
28697,0.710,0.775,1.3327728839358308
28698,0.710,0.780,1.1837006399964713
28699,0.710,0.785,1.0512223226370063
28700,0.710,0.790,0.9335641256592301
28701,0.710,0.795,0.8291226177070692
28702,0.710,0.800,0.7364525741163106
28703,0.710,0.805,0.6542547732595797
28704,0.710,0.810,0.5813639980096359
28705,0.710,0.815,0.5167374255155874
28706,0.710,0.820,0.4594435389519565
28707,0.710,0.825,0.4086516531242596
28708,0.710,0.830,0.36362211134202915
28709,0.710,0.835,0.3236971831477802
28710,0.710,0.840,0.2882926705607487
28711,0.710,0.845,0.2568902136656394
28712,0.710,0.850,0.22903027387232539
28713,0.710,0.855,0.20430576426364339
28714,0.710,0.860,0.18235629047307172
28715,0.710,0.865,0.1628629619070027
28716,0.710,0.870,0.14554373134138227
28717,0.710,0.875,0.1301492205504826
28718,0.710,0.880,0.11645899030881653
28719,0.710,0.885,0.1042782145525756
28720,0.710,0.890,0.09343472045809625
28721,0.710,0.895,0.08377635850425025
28722,0.710,0.900,0.0751686690872137
28723,0.710,0.905,0.06749281483812744
28724,0.710,0.910,0.0606437503733307
28725,0.710,0.915,0.05452860372259511
28726,0.710,0.920,0.049065246090814335
28727,0.710,0.925,0.04418102888494859
28728,0.710,0.930,0.03981166906383195
28729,0.710,0.935,0.035900265835269764
28730,0.710,0.940,0.032396433530560695
28731,0.710,0.945,0.029255537133571385
28732,0.710,0.950,0.02643801843539123
28733,0.710,0.955,0.023908802134145698
28734,0.710,0.960,0.021636772411810095
28735,0.710,0.965,0.01959431160559155
28736,0.710,0.970,0.017756893560607705
28737,0.710,0.975,0.01610272511303196
28738,0.710,0.980,0.014612429918075038
28739,0.710,0.985,0.01326876951405055
28740,0.710,0.990,0.012056397110574608
28741,0.710,0.995,0.01096164011315143
28742,0.710,1.000,0.009972307854636412
28743,0.715,0.000,417.70351337489444
28744,0.715,0.005,414.9196574532831
28745,0.715,0.010,412.1245534964108
28746,0.715,0.015,409.31819120630746
28747,0.715,0.020,406.5005615727257
28748,0.715,0.025,403.671656917757
28749,0.715,0.030,400.83147094194015
28750,0.715,0.035,397.9799987719208
28751,0.715,0.040,395.11723700972163
28752,0.715,0.045,392.2431837836853
28753,0.715,0.050,389.3578388011554
28754,0.715,0.055,386.4612034029625
28755,0.715,0.060,383.5532806197841
28756,0.715,0.065,380.63407523045316
28757,0.715,0.070,377.7035938222877
28758,0.715,0.075,374.761844853522
28759,0.715,0.080,371.8088387179173
28760,0.715,0.085,368.8445878116383
28761,0.715,0.090,365.8691066024804
28762,0.715,0.095,362.8824117015373
28763,0.715,0.100,359.884521937402
28764,0.715,0.105,356.8754584329964
28765,0.715,0.110,353.8552446851282
28766,0.715,0.115,350.823906646877
28767,0.715,0.120,347.7814728129141
28768,0.715,0.125,344.7279743078644
28769,0.715,0.130,341.66344497782114
28770,0.715,0.135,338.58792148512765
28771,0.715,0.140,335.5014434065435
28772,0.715,0.145,332.4040533349154
28773,0.715,0.150,329.29579698447543
28774,0.715,0.155,326.1767232998932
28775,0.715,0.160,323.0468845692107
28776,0.715,0.165,319.90633654079085
28777,0.715,0.170,316.755138544415
28778,0.715,0.175,313.5933536166643
28779,0.715,0.180,310.4210486307255
28780,0.715,0.185,307.23829443076033
28781,0.715,0.190,304.045165970984
28782,0.715,0.195,300.8417424595936
28783,0.715,0.200,297.62810750769785
28784,0.715,0.205,294.40434928339147
28785,0.715,0.210,291.1705606711268
28786,0.715,0.215,287.92683943653066
28787,0.715,0.220,284.67328839682057
28788,0.715,0.225,281.4100155969712
28789,0.715,0.230,278.1371344917863
28790,0.715,0.235,274.85476413403217
28791,0.715,0.240,271.56302936878916
28792,0.715,0.245,268.26206103418207
28793,0.715,0.250,264.9519961686534
28794,0.715,0.255,261.63297822494667
28795,0.715,0.260,258.30515729097385
28796,0.715,0.265,254.968690317751
28797,0.715,0.270,251.62374135459373
28798,0.715,0.275,248.27048179178252
28799,0.715,0.280,244.90909061092466
28800,0.715,0.285,241.53975464326678
28801,0.715,0.290,238.16266883624257
28802,0.715,0.295,234.77803652858344
28803,0.715,0.300,231.3860697343718
28804,0.715,0.305,227.9869894364851
28805,0.715,0.310,224.58102588995888
28806,0.715,0.315,221.16841893590865
28807,0.715,0.320,217.74941832677032
28808,0.715,0.325,214.32428406379242
28809,0.715,0.330,210.89328674789616
28810,0.715,0.335,207.45670794527564
28811,0.715,0.340,204.01484056939188
28812,0.715,0.345,200.5679892813835
28813,0.715,0.350,197.11647091133835
28814,0.715,0.355,193.66061490340198
28815,0.715,0.360,190.2007637883101
28816,0.715,0.365,186.7372736876909
28817,0.715,0.370,183.2705148553575
28818,0.715,0.375,179.8008722618671
28819,0.715,0.380,176.32874622985724
28820,0.715,0.385,172.85455312912015
28821,0.715,0.390,169.3787261420689
28822,0.715,0.395,165.9017161122124
28823,0.715,0.400,162.42399249052198
28824,0.715,0.405,158.94604439716633
28825,0.715,0.410,155.46838181904351
28826,0.715,0.415,151.99153696686326
28827,0.715,0.420,148.5160658192501
28828,0.715,0.425,145.04254988543343
28829,0.715,0.430,141.57159822256105
28830,0.715,0.435,138.10384974844735
28831,0.715,0.440,134.63997589559455
28832,0.715,0.445,131.1806836574414
28833,0.715,0.450,127.72671908284825
28834,0.715,0.455,124.27887127952704
28835,0.715,0.460,120.83797699115003
28836,0.715,0.465,117.4049258157329
28837,0.715,0.470,113.98066613403564
28838,0.715,0.475,110.56621181539083
28839,0.715,0.480,107.16264976370412
28840,0.715,0.485,103.77114835727939
28841,0.715,0.490,100.39296682140922
28842,0.715,0.495,97.02946555093034
28843,0.715,0.500,93.68211736970188
28844,0.715,0.505,90.35251967365883
28845,0.715,0.510,87.04240735224428
28846,0.715,0.515,83.75366631834106
28847,0.715,0.520,80.48834739843332
28848,0.715,0.525,77.24868024243322
28849,0.715,0.530,74.03708680720223
28850,0.715,0.535,70.85619385144442
28851,0.715,0.540,67.70884375627435
28852,0.715,0.545,64.598102861419
28853,0.715,0.550,61.527266390200026
28854,0.715,0.555,58.49985893822368
28855,0.715,0.560,55.51962943460517
28856,0.715,0.565,52.59053946605842
28857,0.715,0.570,49.71674389977661
28858,0.715,0.575,46.90256286669741
28859,0.715,0.580,44.15244438591901
28860,0.715,0.585,41.470917232087
28861,0.715,0.590,38.862534071114645
28862,0.715,0.595,36.33180540588772
28863,0.715,0.600,33.88312546063312
28864,0.715,0.605,31.520691755390075
28865,0.715,0.610,29.24842073353863
28866,0.715,0.615,27.06986234978413
28867,0.715,0.620,24.988116943943044
28868,0.715,0.625,23.005757961328236
28869,0.715,0.630,21.1247640888307
28870,0.715,0.635,19.346464131210446
28871,0.715,0.640,17.671497453644726
28872,0.715,0.645,16.099792090732105
28873,0.715,0.650,14.630561721687878
28874,0.715,0.655,13.262321710165184
28875,0.715,0.660,11.992923391029988
28876,0.715,0.665,10.819604843050659
28877,0.715,0.670,9.73905559390207
28878,0.715,0.675,8.747492121430048
28879,0.715,0.680,7.840740677155575
28880,0.715,0.685,7.014323871807686
28881,0.715,0.690,6.263547610243746
28882,0.715,0.695,5.583585306152618
28883,0.715,0.700,4.969556793919825
28884,0.715,0.705,4.416599928907368
28885,0.715,0.710,3.9199334726428368
28886,0.715,0.715,3.4749104475895893
28887,0.715,0.720,3.077061679495382
28888,0.715,0.725,2.7221296981789442
28889,0.715,0.730,2.406093526346392
28890,0.715,0.735,2.12518514740845
28891,0.715,0.740,1.875898612256811
28892,0.715,0.745,1.6549928321815308
28893,0.715,0.750,1.4594891244587251
28894,0.715,0.755,1.2866645437080082
28895,0.715,0.760,1.1340419606551995
28896,0.715,0.765,0.9993777537579435
28897,0.715,0.770,0.8806478695450969
28898,0.715,0.775,0.7760328934910995
28899,0.715,0.780,0.6839026615493107
28900,0.715,0.785,0.6028008378126394
28901,0.715,0.790,0.5314297891222122
28902,0.715,0.795,0.4686360043689799
28903,0.715,0.800,0.41339623522398494
28904,0.715,0.805,0.36480447581869324
28905,0.715,0.810,0.322059850694712
28906,0.715,0.815,0.2844554420647507
28907,0.715,0.820,0.2513680578385195
28908,0.715,0.825,0.2222489196995846
28909,0.715,0.830,0.19661523454768617
28910,0.715,0.835,0.1740426017149932
28911,0.715,0.840,0.15415820151427737
28912,0.715,0.845,0.136634707004093
28913,0.715,0.850,0.12118485961461084
28914,0.715,0.855,0.10755664984673982
28915,0.715,0.860,0.09552904612892323
28916,0.715,0.865,0.08490821768326239
28917,0.715,0.870,0.07552420059439464
28918,0.715,0.875,0.06722795994270046
28919,0.715,0.880,0.059888804670125306
28920,0.715,0.885,0.05339211565353692
28921,0.715,0.890,0.04763735116788256
28922,0.715,0.895,0.042536297461387006
28923,0.715,0.900,0.03801153549375336
28924,0.715,0.905,0.03399509798037822
28925,0.715,0.910,0.030427293729389994
28926,0.715,0.915,0.027255678852396825
28927,0.715,0.920,0.024434156779908952
28928,0.715,0.925,0.021922191129092685
28929,0.715,0.930,0.019684117368594305
28930,0.715,0.935,0.017688540918209934
28931,0.715,0.940,0.01590781082661103
28932,0.715,0.945,0.014317559504701835
28933,0.715,0.950,0.012896300171660298
28934,0.715,0.955,0.01162507471074939
28935,0.715,0.960,0.01048714554709811
28936,0.715,0.965,0.009467725963292711
28937,0.715,0.970,0.008553743973117423
28938,0.715,0.975,0.00773363549032834
28939,0.715,0.980,0.006997163068004889
28940,0.715,0.985,0.006335256953786199
28941,0.715,0.990,0.00573987561512084
28942,0.715,0.995,0.0052038832435126695
28943,0.715,1.000,0.004720942053680883
28944,0.720,0.000,415.17149045119976
28945,0.720,0.005,412.366116799169
28946,0.720,0.010,409.5492408975875
28947,0.720,0.015,406.72084866287713
28948,0.720,0.020,403.88092723532054
28949,0.720,0.025,401.0294650228245
28950,0.720,0.030,398.1664517461966
28951,0.720,0.035,395.29187848599474
28952,0.720,0.040,392.4057377310126
28953,0.720,0.045,389.5080234284688
28954,0.720,0.050,386.59873103596715
28955,0.720,0.055,383.6778575752997
28956,0.720,0.060,380.74540168816793
28957,0.720,0.065,377.8013636938984
28958,0.720,0.070,374.84574564923435
28959,0.720,0.075,371.87855141028723
28960,0.720,0.080,368.899786696733
28961,0.720,0.085,365.909459158347
28962,0.720,0.090,362.9075784439674
28963,0.720,0.095,359.8941562729879
28964,0.720,0.100,356.8692065094769
28965,0.720,0.105,353.832745239031
28966,0.720,0.110,350.7847908484684
28967,0.720,0.115,347.72536410847505
28968,0.720,0.120,344.654488259319
28969,0.720,0.125,341.5721890997528
28970,0.720,0.130,338.4784950792266
28971,0.720,0.135,335.37343739353986
28972,0.720,0.140,332.2570500840627
28973,0.720,0.145,329.1293701406617
28974,0.720,0.150,325.9904376084701
28975,0.720,0.155,322.8402956986441
28976,0.720,0.160,319.67899090325403
28977,0.720,0.165,316.50657311445906
28978,0.720,0.170,313.3230957481226
28979,0.720,0.175,310.1286158720242
28980,0.720,0.180,306.92319433883284
28981,0.720,0.185,303.7068959240053
28982,0.720,0.190,300.47978946878175
28983,0.720,0.195,297.2419480284485
28984,0.720,0.200,293.9934490260498
28985,0.720,0.205,290.73437441172337
28986,0.720,0.210,287.46481082785044
28987,0.720,0.215,284.18484978020336
28988,0.720,0.220,280.89458781528714
28989,0.720,0.225,277.5941267040701
28990,0.720,0.230,274.2835736323068
28991,0.720,0.235,270.96304139766056
28992,0.720,0.240,267.6326486138416
28993,0.720,0.245,264.2925199219824
28994,0.720,0.250,260.94278620948495
28995,0.720,0.255,257.58358483658344
28996,0.720,0.260,254.21505987088437
28997,0.720,0.265,250.83736233016242
28998,0.720,0.270,247.4506504337163
28999,0.720,0.275,244.05508986261674
29000,0.720,0.280,240.65085402921838
29001,0.720,0.285,237.23812435635244
29002,0.720,0.290,233.8170905666764
29003,0.720,0.295,230.38795098273124
29004,0.720,0.300,226.95091283834515
29005,0.720,0.305,223.50619260214012
29006,0.720,0.310,220.05401631403063
29007,0.720,0.315,216.59461993578537
29008,0.720,0.320,213.12824971692444
29009,0.720,0.325,209.6551625774937
29010,0.720,0.330,206.17562650956572
29011,0.720,0.335,202.68992099971283
29012,0.720,0.340,199.19833747515514
29013,0.720,0.345,195.70117977686556
29014,0.720,0.350,192.19876466358448
29015,0.720,0.355,188.69142235153086
29016,0.720,0.360,185.17949709556882
29017,0.720,0.365,181.66334781877038
29018,0.720,0.370,178.1433487987029
29019,0.720,0.375,174.61989042042217
29020,0.720,0.380,171.09338000809092
29021,0.720,0.385,167.5642427494207
29022,0.720,0.390,164.0329227297846
29023,0.720,0.395,160.49988409592083
29024,0.720,0.400,156.9656123726847
29025,0.720,0.405,153.4306159603418
29026,0.720,0.410,149.89542784447076
29027,0.720,0.415,146.36060755566854
29028,0.720,0.420,142.8267434219336
29029,0.720,0.425,139.29445516280626
29030,0.720,0.430,135.76439688101274
29031,0.720,0.435,132.23726051435435
29032,0.720,0.440,128.7137798177347
29033,0.720,0.445,125.19473495221334
29034,0.720,0.450,121.68095776444754
29035,0.720,0.455,118.17333784525457
29036,0.720,0.460,114.67282945961894
29037,0.720,0.465,111.18045944131983
29038,0.720,0.470,107.69733614235176
29039,0.720,0.475,104.22465951900526
29040,0.720,0.480,100.76373242122129
29041,0.720,0.485,97.31597312764791
29042,0.720,0.490,93.88292913357357
29043,0.720,0.495,90.46629215021562
29044,0.720,0.500,87.06791420938134
29045,0.720,0.505,83.6898246850874
29046,0.720,0.510,80.33424794161982
29047,0.720,0.515,77.0036211948781
29048,0.720,0.520,73.70061203116052
29049,0.720,0.525,70.42813486723867
29050,0.720,0.530,67.1893654626392
29051,0.720,0.535,63.98775241774395
29052,0.720,0.540,60.82702442167021
29053,0.720,0.545,57.711191868059224
29054,0.720,0.550,54.6445413550841
29055,0.720,0.555,51.631621551744345
29056,0.720,0.560,48.677218971274115
29057,0.720,0.565,45.78632236913267
29058,0.720,0.570,42.96407479850907
29059,0.720,0.575,40.215712823369095
29060,0.720,0.580,37.54649300789764
29061,0.720,0.585,34.961606554824144
29062,0.720,0.590,32.46608381654094
29063,0.720,0.595,30.064691294143596
29064,0.720,0.600,27.76182459394553
29065,0.720,0.605,25.561401539522084
29066,0.720,0.610,23.466760148067213
29067,0.720,0.615,21.48056639072323
29068,0.720,0.620,19.604736508705965
29069,0.720,0.625,17.840378126768126
29070,0.720,0.630,16.187753511988532
29071,0.720,0.635,14.646267132646102
29072,0.720,0.640,13.21447828131043
29073,0.720,0.645,11.890138066724711
29074,0.720,0.650,10.670248687980775
29075,0.720,0.655,9.551141709436529
29076,0.720,0.660,8.52857115655711
29077,0.720,0.665,7.597816713401638
29078,0.720,0.670,6.753792139955921
29079,0.720,0.675,5.991154218136861
29080,0.720,0.680,5.3044080212963065
29081,0.720,0.685,4.688005003465039
29082,0.720,0.690,4.136431232296449
29083,0.720,0.695,3.6442839574523926
29084,0.720,0.700,3.20633553991089
29085,0.720,0.705,2.817584511100852
29086,0.720,0.710,2.4732941475957633
29087,0.720,0.715,2.169019420159576
29088,0.720,0.720,1.9006235042487412
29089,0.720,0.725,1.6642852337862082
29090,0.720,0.730,1.4564989601304263
29091,0.720,0.735,1.2740682665835146
29092,0.720,0.740,1.1140949091877583
29093,0.720,0.745,0.9739642290865959
29094,0.720,0.750,0.8513281295647415
29095,0.720,0.755,0.7440865475910691
29096,0.720,0.760,0.6503681870757567
29097,0.720,0.765,0.5685111274367863
29098,0.720,0.770,0.497043781754915
29099,0.720,0.775,0.43466655664771514
29100,0.720,0.780,0.3802344620216186
29101,0.720,0.785,0.3327408327480166
29102,0.720,0.790,0.29130225486009326
29103,0.720,0.795,0.2551447343695159
29104,0.720,0.800,0.22359110530125925
29105,0.720,0.805,0.19604964303789948
29106,0.720,0.810,0.172003827631968
29107,0.720,0.815,0.15100318762983506
29108,0.720,0.820,0.13265514660149907
29109,0.720,0.825,0.11661779065559631
29110,0.720,0.830,0.10259347462196412
29111,0.720,0.835,0.09032318639036485
29112,0.720,0.840,0.07958159236862254
29113,0.720,0.845,0.0701726915878507
29114,0.720,0.850,0.061926011190226414
29115,0.720,0.855,0.054693281549218584
29116,0.720,0.860,0.048345534845656124
29117,0.720,0.865,0.042770576379171865
29118,0.720,0.870,0.03787078311289288
29119,0.720,0.875,0.033561188852441276
29120,0.720,0.880,0.029767820003675678
29121,0.720,0.885,0.026426250016676246
29122,0.720,0.890,0.02348034440327413
29123,0.720,0.895,0.0208811716212212
29124,0.720,0.900,0.018586058167356444
29125,0.720,0.905,0.016557768937457036
29126,0.720,0.910,0.014763796317321604
29127,0.720,0.915,0.013175743594664344
29128,0.720,0.920,0.011768790151251185
29129,0.720,0.925,0.010521227535219325
29130,0.720,0.930,0.009414056949197646
29131,0.720,0.935,0.00843063994351413
29132,0.720,0.940,0.00755639519645663
29133,0.720,0.945,0.006778535214356936
29134,0.720,0.950,0.006085837610446985
29135,0.720,0.955,0.005468446338438766
29136,0.720,0.960,0.004917698878357893
29137,0.720,0.965,0.0044259759104906425
29138,0.720,0.970,0.0039865704791152015
29139,0.720,0.975,0.0035935740503935045
29140,0.720,0.980,0.0032417772166255404
29141,0.720,0.985,0.002926583099168766
29142,0.720,0.990,0.0026439317608972467
29143,0.720,0.995,0.0023902341614528387
29144,0.720,1.000,0.0021623143792840463
29145,0.725,0.000,412.6394446985309
29146,0.725,0.005,409.8124113874535
29147,0.725,0.010,406.97361645955345
29148,0.725,0.015,404.1230418670823
29149,0.725,0.020,401.26067071582435
29150,0.725,0.025,398.38648730776896
29151,0.725,0.030,395.5004771853046
29152,0.725,0.035,392.6026271770004
29153,0.725,0.040,389.69292544504117
29154,0.725,0.045,386.7713615343852
29155,0.725,0.050,383.83792642371776
29156,0.725,0.055,380.89261257827565
29157,0.725,0.060,377.9354140046225
29158,0.725,0.065,374.96632630745626
29159,0.725,0.070,371.9853467485345
29160,0.725,0.075,368.9924743078092
29161,0.725,0.080,365.987709746859
29162,0.725,0.085,362.9710556747224
29163,0.725,0.090,359.9425166162266
29164,0.725,0.095,356.90209908292013
29165,0.725,0.100,353.84981164671757
29166,0.725,0.105,350.78566501636857
29167,0.725,0.110,347.70967211686957
29168,0.725,0.115,344.6218481719394
29169,0.725,0.120,341.52221078968597
29170,0.725,0.125,338.4107800515945
29171,0.725,0.130,335.2875786049724
29172,0.725,0.135,332.15263175899383
29173,0.725,0.140,329.0059675844861
29174,0.725,0.145,325.84761701761107
29175,0.725,0.150,322.6776139675954
29176,0.725,0.155,319.495995428671
29177,0.725,0.160,316.30280159639096
29178,0.725,0.165,313.09807598849216
29179,0.725,0.170,309.88186557048067
29180,0.725,0.175,306.65422088612166
29181,0.725,0.180,303.4151961930212
29182,0.725,0.185,300.16484960349106
29183,0.725,0.190,296.90324323089794
29184,0.725,0.195,293.63044334169734
29185,0.725,0.200,290.34652051336656
29186,0.725,0.205,287.0515497984489
29187,0.725,0.210,283.7456108949377
29188,0.725,0.215,280.4287883232257
29189,0.725,0.220,277.10117160986226
29190,0.725,0.225,273.762855478364
29191,0.725,0.230,270.41394004733667
29192,0.725,0.235,267.0545310361774
29193,0.725,0.240,263.6847399786389
29194,0.725,0.245,260.3046844445547
29195,0.725,0.250,256.9144882700409
29196,0.725,0.255,253.51428179651535
29197,0.725,0.260,250.10420211890067
29198,0.725,0.265,246.68439334341295
29199,0.725,0.270,243.25500685537884
29200,0.725,0.275,239.81620159757546
29201,0.725,0.280,236.36814435965064
29202,0.725,0.285,232.9110100792599
29203,0.725,0.290,229.44498215565173
29204,0.725,0.295,225.9702527765542
29205,0.725,0.300,222.4870232593604
29206,0.725,0.305,218.99550440779382
29207,0.725,0.310,215.4959168854535
29208,0.725,0.315,211.98849160791644
29209,0.725,0.320,208.4734701554024
29210,0.725,0.325,204.9511052084213
29211,0.725,0.330,201.42166100931186
29212,0.725,0.335,197.88541385319255
29213,0.725,0.340,194.34265261256982
29214,0.725,0.345,190.7936793007416
29215,0.725,0.350,187.23880968019037
29216,0.725,0.355,183.67837392345396
29217,0.725,0.360,180.1127173354812
29218,0.725,0.365,176.54220114832384
29219,0.725,0.370,172.96720340117756
29220,0.725,0.375,169.38811992136323
29221,0.725,0.380,165.80536542486496
29222,0.725,0.385,162.21937475858434
29223,0.725,0.390,158.6306043105986
29224,0.725,0.395,155.03953361948203
29225,0.725,0.400,151.446667219224
29226,0.725,0.405,147.85253676250966
29227,0.725,0.410,144.25770347214083
29228,0.725,0.415,140.66276097818073
29229,0.725,0.420,137.0683386069594
29230,0.725,0.425,133.47510519728584
29231,0.725,0.430,129.88377352890004
29232,0.725,0.435,126.2951054580683
29233,0.725,0.440,122.70991786486756
29234,0.725,0.445,119.12908952548213
29235,0.725,0.450,115.55356902994642
29236,0.725,0.455,111.98438387006391
29237,0.725,0.460,108.42265082231698
29238,0.725,0.465,104.86958774461037
29239,0.725,0.470,101.32652689148438
29240,0.725,0.475,97.79492982731125
29241,0.725,0.480,94.27640397794154
29242,0.725,0.485,90.77272080487111
29243,0.725,0.490,87.28583550872449
29244,0.725,0.495,83.81790806715763
29245,0.725,0.500,80.37132528315315
29246,0.725,0.505,76.94872336104379
29247,0.725,0.510,73.55301033913298
29248,0.725,0.515,70.18738749176578
29249,0.725,0.520,66.85536857606719
29250,0.725,0.525,63.560795549976746
29251,0.725,0.530,60.307849145074194
29252,0.725,0.535,57.10105246285231
29253,0.725,0.540,53.945265605912034
29254,0.725,0.545,50.845669291063146
29255,0.725,0.550,47.80773545803969
29256,0.725,0.555,44.83718312375752
29257,0.725,0.560,41.939918170354765
29258,0.725,0.565,39.12195641573304
29259,0.725,0.570,36.38933019791938
29260,0.725,0.575,33.74797978201716
29261,0.725,0.580,31.203632111318854
29262,0.725,0.585,28.761670679594157
29263,0.725,0.590,26.42700147836835
29264,0.725,0.595,24.203920932518642
29265,0.725,0.600,22.095992341122102
29266,0.725,0.605,20.105937471061512
29267,0.725,0.610,18.23554953483418
29268,0.725,0.615,16.485632809156368
29269,0.725,0.620,14.855972675897302
29270,0.725,0.625,13.345338018473928
29271,0.725,0.630,11.95151586520456
29272,0.725,0.635,10.671376144332363
29273,0.725,0.640,9.50096260867719
29274,0.725,0.645,8.435604573352695
29275,0.725,0.650,7.470043203445316
29276,0.725,0.655,6.598565736840204
29277,0.725,0.660,5.815141208401091
29278,0.725,0.665,5.11355187555702
29279,0.725,0.670,4.487515512967269
29280,0.725,0.675,3.9307949088743155
29281,0.725,0.680,3.4372921245520227
29282,0.725,0.685,3.001126256324184
29283,0.725,0.690,2.6166944809770794
29284,0.725,0.695,2.2787170161242445
29285,0.725,0.700,1.9822672637295002
29286,0.725,0.705,1.722788829330099
29287,0.725,0.710,1.496101341635333
29288,0.725,0.715,1.2983970684083261
29289,0.725,0.720,1.126230271040841
29290,0.725,0.725,0.9765010981203835
29291,0.725,0.730,0.846435620274288
29292,0.725,0.735,0.7335633820555992
29293,0.725,0.740,0.6356936129745653
29294,0.725,0.745,0.5508910144283432
29295,0.725,0.750,0.47745183242849887
29296,0.725,0.755,0.41388074351242066
29297,0.725,0.760,0.35886892553348404
29298,0.725,0.765,0.3112735562123106
29299,0.725,0.770,0.2700988788351361
29300,0.725,0.775,0.23447889377482503
29301,0.725,0.780,0.20366167358229573
29302,0.725,0.785,0.17699525512881012
29303,0.725,0.790,0.15391503166692647
29304,0.725,0.795,0.13393254797332826
29305,0.725,0.800,0.11662559052638348
29306,0.725,0.805,0.10162945989909343
29307,0.725,0.810,0.08862931250856647
29308,0.725,0.815,0.07735346217476995
29309,0.725,0.820,0.06756753750963745
29310,0.725,0.825,0.059069398134542234
29311,0.725,0.830,0.05168472046746231
29312,0.725,0.835,0.04526317185684453
29313,0.725,0.840,0.039675099827823
29314,0.725,0.845,0.034808670914410436
29315,0.725,0.850,0.030567400826269166
29316,0.725,0.855,0.026868024449946327
29317,0.725,0.860,0.023638660366623484
29318,0.725,0.865,0.020817230168818573
29319,0.725,0.870,0.018350097887174684
29320,0.725,0.875,0.016190899320772167
29321,0.725,0.880,0.014299535035094808
29322,0.725,0.885,0.012641304290937851
29323,0.725,0.890,0.011186160237484245
29324,0.725,0.895,0.009908069385925172
29325,0.725,0.900,0.008784460717464079
29326,0.725,0.905,0.0077957518101625075
29327,0.725,0.910,0.006924941128902484
29328,0.725,0.915,0.006157257144718465
29329,0.725,0.920,0.00547985626370619
29330,0.725,0.925,0.0048815626783589965
29331,0.725,0.930,0.004352644229279652
29332,0.725,0.935,0.003884619203757888
29333,0.725,0.940,0.0034700897181584086
29334,0.725,0.945,0.0031025979495812534
29335,0.725,0.950,0.002776502012922569
29336,0.725,0.955,0.0024868687345158584
29337,0.725,0.960,0.0022293809635740834
29338,0.725,0.965,0.002000257396842589
29339,0.725,0.970,0.0017961831781092056
29340,0.725,0.975,0.0016142497792935274
29341,0.725,0.980,0.0014519028795806361
29342,0.725,0.985,0.0013068971384648728
29343,0.725,0.990,0.00117725691188471
29344,0.725,0.995,0.001061242091481442
29345,0.725,1.000,0.0009573183584663303
29346,0.730,0.000,410.1086325300092
29347,0.730,0.005,407.25981336771895
29348,0.730,0.010,404.398968286702
29349,0.730,0.015,401.5260750978926
29350,0.730,0.020,398.64111268882215
29351,0.730,0.025,395.7440610649435
29352,0.730,0.030,392.83490139248056
29353,0.730,0.035,389.91361604286715
29354,0.730,0.040,386.9801886388465
29355,0.730,0.045,384.03460410230383
29356,0.730,0.050,381.0768487039066
29357,0.730,0.055,378.10691011463433
29358,0.730,0.060,375.1247774592789
29359,0.730,0.065,372.1304413720032
29360,0.730,0.070,369.1238940540481
29361,0.730,0.075,366.10512933368403
29362,0.730,0.080,363.0741427285028
29363,0.730,0.085,360.0309315101559
29364,0.730,0.090,356.97549477164443
29365,0.730,0.095,353.90783349727457
29366,0.730,0.100,350.8279506353928
29367,0.730,0.105,347.73585117402524
29368,0.730,0.110,344.63154221954557
29369,0.730,0.115,341.5150330785044
29370,0.730,0.120,338.3863353427565
29371,0.730,0.125,335.2454629780294
29372,0.730,0.130,332.09243241607953
29373,0.730,0.135,328.9272626505923
29374,0.730,0.140,325.7499753369838
29375,0.730,0.145,322.5605948962709
29376,0.730,0.150,319.3591486231817
29377,0.730,0.155,316.1456667986846
29378,0.730,0.160,312.920182807121
29379,0.730,0.165,309.68273325813345
29380,0.730,0.170,306.43335811358696
29381,0.730,0.175,303.1721008196913
29382,0.730,0.180,299.89900844453445
29383,0.730,0.185,296.61413182125034
29384,0.730,0.190,293.3175256970492
29385,0.730,0.195,290.0092488883461
29386,0.730,0.200,286.6893644422374
29387,0.730,0.205,283.3579398045757
29388,0.730,0.210,280.01504699491613
29389,0.730,0.215,276.6607627886046
29390,0.730,0.220,273.295168906304
29391,0.730,0.225,269.9183522112594
29392,0.730,0.230,266.53040491462474
29393,0.730,0.235,263.13142478918917
29394,0.730,0.240,259.7215153918659
29395,0.730,0.245,256.3007862953301
29396,0.730,0.250,252.8693533292237
29397,0.730,0.255,249.42733883138357
29398,0.730,0.260,245.97487190959237
29399,0.730,0.265,242.51208871440699
29400,0.730,0.270,239.03913272368692
29401,0.730,0.275,235.55615503952404
29402,0.730,0.280,232.06331469837883
29403,0.730,0.285,228.56077899534756
29404,0.730,0.290,225.04872382363865
29405,0.730,0.295,221.52733403052102
29406,0.730,0.300,217.9968037912349
29407,0.730,0.305,214.4573370026383
29408,0.730,0.310,210.9091476987014
29409,0.730,0.315,207.3524604903886
29410,0.730,0.320,203.7875110329745
29411,0.730,0.325,200.21454652447798
29412,0.730,0.330,196.63382623965472
29413,0.730,0.335,193.0456221049283
29414,0.730,0.340,189.45021932075915
29415,0.730,0.345,185.847917039328
29416,0.730,0.350,182.2390291070435
29417,0.730,0.355,178.62388488337768
29418,0.730,0.360,175.00283014989228
29419,0.730,0.365,171.37622812616272
29420,0.730,0.370,167.74446061266278
29421,0.730,0.375,164.10792928466248
29422,0.730,0.380,160.46705716587425
29423,0.730,0.385,156.82229031607062
29424,0.730,0.390,153.1740997732674
29425,0.730,0.395,149.52298379842054
29426,0.730,0.400,145.86947047898792
29427,0.730,0.405,142.2141207572129
29428,0.730,0.410,138.55753195960827
29429,0.730,0.415,134.90034191580096
29430,0.730,0.420,131.2432337675089
29431,0.730,0.425,127.58694158169934
29432,0.730,0.430,123.93225689550245
29433,0.730,0.435,120.28003633357618
29434,0.730,0.440,116.63121045043269
29435,0.730,0.445,112.9867939594434
29436,0.730,0.450,109.34789751517017
29437,0.730,0.455,105.71574121406796
29438,0.730,0.460,102.09166996771224
29439,0.730,0.465,98.47717087903774
29440,0.730,0.470,94.873892711578
29441,0.730,0.475,91.2836674796148
29442,0.730,0.480,87.70853409835743
29443,0.730,0.485,84.15076391238479
29444,0.730,0.490,80.61288776260926
29445,0.730,0.495,77.09772405291896
29446,0.730,0.500,73.60840703548837
29447,0.730,0.505,70.14841424987561
29448,0.730,0.510,66.7215917317483
29449,0.730,0.515,63.332175265361116
29450,0.730,0.520,59.98480561110028
29451,0.730,0.525,56.68453532660568
29452,0.730,0.530,53.43682455856016
29453,0.730,0.535,50.247523062944424
29454,0.730,0.540,47.12283577159284
29455,0.730,0.545,44.06926952033226
29456,0.730,0.550,41.093559139462336
29457,0.730,0.555,38.20257201307117
29458,0.730,0.560,35.40319144124071
29459,0.730,0.565,32.702180647774554
29460,0.730,0.570,30.10603097436515
29461,0.730,0.575,27.620799546895878
29462,0.730,0.580,25.251943304084886
29463,0.730,0.585,23.004157532061654
29464,0.730,0.590,20.881227745411174
29465,0.730,0.595,18.885903731669277
29466,0.730,0.600,17.01980374447844
29467,0.730,0.605,15.283355205272224
29468,0.730,0.610,13.675775981063753
29469,0.730,0.615,12.195097573858986
29470,0.730,0.620,10.838228681324196
29471,0.730,0.625,9.601054886879453
29472,0.730,0.630,8.478567999811528
29473,0.730,0.635,7.465017008231126
29474,0.730,0.640,6.5540718431698135
29475,0.730,0.645,5.738991183519556
29476,0.730,0.650,5.012786262893604
29477,0.730,0.655,4.368373903606322
29478,0.730,0.660,3.798713596298502
29479,0.730,0.665,3.2969251609934016
29480,0.730,0.670,2.856385187330336
29481,0.730,0.675,2.4708019228501006
29482,0.730,0.680,2.1342694735136813
29483,0.730,0.685,1.8413030634859542
29484,0.730,0.690,1.5868576749540777
29485,0.730,0.695,1.3663326853168942
29486,0.730,0.700,1.1755651872885813
29487,0.730,0.705,1.010814572763317
29488,0.730,0.710,0.8687407380221972
29489,0.730,0.715,0.7463779741604643
29490,0.730,0.720,0.6411062817371642
29491,0.730,0.725,0.5506215222261226
29492,0.730,0.730,0.47290551138421244
29493,0.730,0.735,0.40619688381367797
29494,0.730,0.740,0.3489633201934679
29495,0.730,0.745,0.29987553067018313
29496,0.730,0.750,0.25778322833447154
29497,0.730,0.755,0.22169320219277852
29498,0.730,0.760,0.19074950516556358
29499,0.730,0.765,0.16421570462262652
29500,0.730,0.770,0.14145909611243007
29501,0.730,0.775,0.12193675092987466
29502,0.730,0.780,0.10518325118498247
29503,0.730,0.785,0.09079995884291887
29504,0.730,0.790,0.07844566512889774
29505,0.730,0.795,0.06782847157908702
29506,0.730,0.800,0.05869876218328149
29507,0.730,0.805,0.050843136214753955
29508,0.730,0.810,0.04407918251283492
29509,0.730,0.815,0.03825098747479367
29510,0.730,0.820,0.03322528033532895
29511,0.730,0.825,0.028888130136407078
29512,0.730,0.830,0.02514211891217197
29513,0.730,0.835,0.021903924919143634
29514,0.730,0.840,0.01910225818265556
29515,0.730,0.845,0.016676098204340302
29516,0.730,0.850,0.014573190411355427
29517,0.730,0.855,0.012748763874647583
29518,0.730,0.860,0.011164438040963684
29519,0.730,0.865,0.009787290777089699
29520,0.730,0.870,0.00858906398172232
29521,0.730,0.875,0.007545486445681367
29522,0.730,0.880,0.006635696596682165
29523,0.730,0.885,0.005841750307976421
29524,0.730,0.890,0.0051482011331957615
29525,0.730,0.895,0.004541742199872944
29526,0.730,0.900,0.0040109005934454494
29527,0.730,0.905,0.003545776429272061
29528,0.730,0.910,0.0031378199749923703
29529,0.730,0.915,0.002779641177963581
29530,0.730,0.920,0.002464846797310669
29531,0.730,0.925,0.002187901058776479
29532,0.730,0.930,0.0019440063615596389
29533,0.730,0.935,0.0017290010855790397
29534,0.730,0.940,0.0015392719887462735
29535,0.730,0.945,0.0013716790585269292
29536,0.730,0.950,0.0012234910002939584
29537,0.730,0.955,0.0010923298152165132
29538,0.730,0.960,0.0009761231499183524
29539,0.730,0.965,0.0008730632950303018
29540,0.730,0.970,0.0007815718752732145
29541,0.730,0.975,0.0007002694142707919
29542,0.730,0.980,0.0006279490766572023
29543,0.730,0.985,0.0005635539913868394
29544,0.730,0.990,0.0005061576461524345
29545,0.730,0.995,0.000454946915730379
29546,0.730,1.000,0.00040920734879340315
29547,0.735,0.000,407.5803816012553
29548,0.735,0.005,404.70966750636865
29549,0.735,0.010,401.8266585116904
29550,0.735,0.015,398.9313281123058
29551,0.735,0.020,396.0236507962493
29552,0.735,0.025,393.1036020842161
29553,0.735,0.030,390.1711585707873
29554,0.735,0.035,387.2262979672392
29555,0.735,0.040,384.2689991460065
29556,0.735,0.045,381.29924218687745
29557,0.735,0.050,378.3170084249981
29558,0.735,0.055,375.3222805007689
29559,0.735,0.060,372.3150424117221
29560,0.735,0.065,369.2952795664673
29561,0.735,0.070,366.26297884080395
29562,0.735,0.075,363.21812863609824
29563,0.735,0.080,360.1607189400277
29564,0.735,0.085,357.090741389805
29565,0.735,0.090,354.00818933799115
29566,0.735,0.095,350.9130579210208
29567,0.735,0.100,347.80534413056
29568,0.735,0.105,344.68504688782826
29569,0.735,0.110,341.552167121021
29570,0.735,0.115,338.4067078459707
29571,0.735,0.120,335.2486742501965
29572,0.735,0.125,332.0780737804962
29573,0.735,0.130,328.8949162342381
29574,0.735,0.135,325.69921385452295
29575,0.735,0.140,322.49098142938743
29576,0.735,0.145,319.27023639523173
29577,0.735,0.150,316.0369989446594
29578,0.735,0.155,312.79129213892526
29579,0.735,0.160,309.53314202519766
29580,0.735,0.165,306.262577758845
29581,0.735,0.170,302.97963173097094
29582,0.735,0.175,299.68433970142655
29583,0.735,0.180,296.3767409375412
29584,0.735,0.185,293.0568783588214
29585,0.735,0.190,289.7247986878795
29586,0.735,0.195,286.3805526078632
29587,0.735,0.200,283.0241949266732
29588,0.735,0.205,279.65578474826344
29589,0.735,0.210,276.2753856513424
29590,0.735,0.215,272.8830658757986
29591,0.735,0.220,269.4788985172048
29592,0.735,0.225,266.0629617297657
29593,0.735,0.230,262.63533893810387
29594,0.735,0.235,259.1961190583072
29595,0.735,0.240,255.7453967286908
29596,0.735,0.245,252.2832725507682
29597,0.735,0.250,248.80985334097423
29598,0.735,0.255,245.32525239373606
29599,0.735,0.260,241.82958975655896
29600,0.735,0.265,238.32299251787657
29601,0.735,0.270,234.80559510851597
29602,0.735,0.275,231.27753961775218
29603,0.735,0.280,227.73897612507875
29604,0.735,0.285,224.19006304900773
29605,0.735,0.290,220.6309675144413
29606,0.735,0.295,217.06186574043835
29607,0.735,0.300,213.48294345054578
29608,0.735,0.305,209.89439630829008
29609,0.735,0.310,206.2964303809412
29610,0.735,0.315,202.6892626353084
29611,0.735,0.320,199.07312147009836
29612,0.735,0.325,195.448247290334
29613,0.735,0.330,191.8148931304865
29614,0.735,0.335,188.17332533440472
29615,0.735,0.340,184.52382430183894
29616,0.735,0.345,180.86668531345595
29617,0.735,0.350,177.20221944875647
29618,0.735,0.355,173.53075461435253
29619,0.735,0.360,169.85263670369915
29620,0.735,0.365,166.1682309137382
29621,0.735,0.370,162.47792324908394
29622,0.735,0.375,158.78212225051297
29623,0.735,0.380,155.0812609917294
29624,0.735,0.385,151.375799396798
29625,0.735,0.390,147.66622694040493
29626,0.735,0.395,143.95306580432538
29627,0.735,0.400,140.23687457622884
29628,0.735,0.405,136.51825259126193
29629,0.735,0.410,132.79784503264656
29630,0.735,0.415,129.07634892463162
29631,0.735,0.420,125.35452016916264
29632,0.735,0.425,121.63318179597168
29633,0.735,0.430,117.9132336134864
29634,0.735,0.435,114.19566346363274
29635,0.735,0.440,110.48156029535417
29636,0.735,0.445,106.77212927687823
29637,0.735,0.450,103.06870916208625
29638,0.735,0.455,99.3727921074517
29639,0.735,0.460,95.68604609767611
29640,0.735,0.465,92.01034007405025
29641,0.735,0.470,88.34777176258754
29642,0.735,0.475,84.70069806131886
29643,0.735,0.480,81.07176766004856
29644,0.735,0.485,77.46395532436418
29645,0.735,0.490,73.8805969740368
29646,0.735,0.495,70.32542432332221
29647,0.735,0.500,66.80259743260001
29648,0.735,0.505,63.316733061706785
29649,0.735,0.510,59.87292624148052
29650,0.735,0.515,56.47676203194065
29651,0.735,0.520,53.13431406938433
29652,0.735,0.525,49.85212629184438
29653,0.735,0.530,46.63717425569765
29654,0.735,0.535,43.49680280240303
29655,0.735,0.540,40.438637581457144
29656,0.735,0.545,37.47046913636512
29657,0.735,0.550,34.60010992251395
29658,0.735,0.555,31.835226693194375
29659,0.735,0.560,29.183153029074774
29660,0.735,0.565,26.650689183602182
29661,0.735,0.570,24.243898592054553
29662,0.735,0.575,21.967912030877617
29663,0.735,0.580,19.82675121639658
29664,0.735,0.585,17.823183369962276
29665,0.735,0.590,15.95861684884242
29666,0.735,0.595,14.233045411480285
29667,0.735,0.600,12.645045286440213
29668,0.735,0.605,11.191825324264363
29669,0.735,0.610,9.869326591898997
29670,0.735,0.615,8.672364285842901
29671,0.735,0.620,7.594802182351214
29672,0.735,0.625,6.629748262415283
29673,0.735,0.630,5.769759728114241
29674,0.735,0.635,5.0070462826192985
29675,0.735,0.640,4.333662065484778
29676,0.735,0.645,3.741678727264142
29677,0.735,0.650,3.2233344820883607
29678,0.735,0.655,2.7711563117539293
29679,0.735,0.660,2.3780545905361983
29680,0.735,0.665,2.037391114357673
29681,0.735,0.670,1.7430227857073786
29682,0.735,0.675,1.4893240258279474
29683,0.735,0.680,1.2711914034971663
29684,0.735,0.685,1.0840340578496004
29685,0.735,0.690,0.9237533343206381
29686,0.735,0.695,0.7867147291635027
29687,0.735,0.700,0.6697148202413096
29688,0.735,0.705,0.5699454069840317
29689,0.735,0.710,0.4849566325322339
29690,0.735,0.715,0.4126204442324564
29691,0.735,0.720,0.3510953811556221
29692,0.735,0.725,0.2987933664577234
29693,0.735,0.730,0.2543489289720193
29694,0.735,0.735,0.21659107894338667
29695,0.735,0.740,0.18451791136422335
29696,0.735,0.745,0.1572738999086599
29697,0.735,0.750,0.134129767761464
29698,0.735,0.755,0.11446477187469152
29699,0.735,0.760,0.09775120826621932
29700,0.735,0.765,0.08354093268625114
29701,0.735,0.770,0.07145368900992796
29702,0.735,0.775,0.0611670436059802
29703,0.735,0.780,0.05240773497987958
29704,0.735,0.785,0.04494426213902993
29705,0.735,0.790,0.038580550855799665
29706,0.735,0.795,0.0331505532203348
29707,0.735,0.800,0.028513651825171293
29708,0.735,0.805,0.024550755112398744
29709,0.735,0.810,0.02116098453988366
29710,0.735,0.815,0.018258867125699057
29711,0.735,0.820,0.015771958549765888
29712,0.735,0.825,0.013638832338060224
29713,0.735,0.830,0.01180737978198238
29714,0.735,0.835,0.01023337323558775
29715,0.735,0.840,0.0088792523831733
29716,0.735,0.845,0.007713099081984348
29717,0.735,0.850,0.006707771562180714
29718,0.735,0.855,0.005840173207244289
29719,0.735,0.860,0.005090634934763502
29720,0.735,0.865,0.004442393434248854
29721,0.735,0.870,0.003881150271234411
29722,0.735,0.875,0.003394699202978022
29723,0.735,0.880,0.0029726110301460085
29724,0.735,0.885,0.002605966983025825
29725,0.735,0.890,0.0022871330552730255
29726,0.735,0.895,0.002009568892020003
29727,0.735,0.900,0.0017676658459228338
29728,0.735,0.905,0.0015566096631402114
29729,0.735,0.910,0.0013722639758497665
29730,0.735,0.915,0.0012110713795786166
29731,0.735,0.920,0.0010699693800684672
29732,0.735,0.925,0.0009463189206116105
29733,0.735,0.930,0.0008378435594692491
29734,0.735,0.935,0.0007425776688231672
29735,0.735,0.940,0.0006588222807487493
29736,0.735,0.945,0.0005851074195350392
29737,0.735,0.950,0.000520159939717395
29738,0.735,0.955,0.0004628760408123105
29739,0.735,0.960,0.0004122977574753788
29740,0.735,0.965,0.0003675928314412789
29741,0.735,0.970,0.00032803746233831666
29742,0.735,0.975,0.0002930015109756058
29743,0.735,0.980,0.0002619357932220837
29744,0.735,0.985,0.0002343611570136568
29745,0.735,0.990,0.00020985908091134217
29746,0.735,0.995,0.00018806357130447425
29747,0.735,1.000,0.0001686541679053604
29748,0.740,0.000,405.05609151277713
29749,0.740,0.005,402.1633919088783
29750,0.740,0.010,399.2581240388927
29751,0.740,0.015,396.3402569114234
29752,0.740,0.020,393.40976043760867
29753,0.740,0.025,390.46660546894134
29754,0.740,0.030,387.51076383658125
29755,0.740,0.035,384.5422083922321
29756,0.740,0.040,381.5609130506552
29757,0.740,0.045,378.5668528338996
29758,0.740,0.050,375.5600039173302
29759,0.740,0.055,372.5403436775375
29760,0.740,0.060,369.50785074222165
29761,0.740,0.065,366.4625050421434
29762,0.740,0.070,363.40428786524086
29763,0.740,0.075,360.3331819130182
29764,0.740,0.080,357.24917135931037
29765,0.740,0.085,354.1522419115433
29766,0.740,0.090,351.0423808746048
29767,0.740,0.095,347.9195772174536
29768,0.740,0.100,344.783821642596
29769,0.740,0.105,341.63510665856916
29770,0.740,0.110,338.4734266555722
29771,0.740,0.115,335.29877798439793
29772,0.740,0.120,332.1111590388192
29773,0.740,0.125,328.91057034159815
29774,0.740,0.130,325.6970146342856
29775,0.740,0.135,322.4704969709943
29776,0.740,0.140,319.231024816331
29777,0.740,0.145,315.9786081476851
29778,0.740,0.150,312.71325956207744
29779,0.740,0.155,309.4349943877851
29780,0.740,0.160,306.1438308009644
29781,0.740,0.165,302.839789947508
29782,0.740,0.170,299.52289607037875
29783,0.740,0.175,296.19317664267805
29784,0.740,0.180,292.85066250671576
29785,0.740,0.185,289.49538801936285
29786,0.740,0.190,286.12739120398226
29787,0.740,0.195,282.74671390924556
29788,0.740,0.200,279.3534019751648
29789,0.740,0.205,275.9475054066804
29790,0.740,0.210,272.52907855517293
29791,0.740,0.215,269.0981803082819
29792,0.740,0.220,265.65487428844943
29793,0.740,0.225,262.199229060628
29794,0.740,0.230,258.7313183496304
29795,0.740,0.235,255.25122126764185
29796,0.740,0.240,251.7590225524573
29797,0.740,0.245,248.25481281706914
29798,0.740,0.250,244.7386888112957
29799,0.740,0.255,241.21075369622525
29800,0.740,0.260,237.67111733235035
29801,0.740,0.265,234.1198965823893
29802,0.740,0.270,230.55721562994114
29803,0.740,0.275,226.98320631530495
29804,0.740,0.280,223.39800849001642
29805,0.740,0.285,219.8017703919349
29806,0.740,0.290,216.19464904305048
29807,0.740,0.295,212.5768106726032
29808,0.740,0.300,208.9484311686184
29809,0.740,0.305,205.30969656160082
29810,0.740,0.310,201.6608035449036
29811,0.740,0.315,198.00196003725557
29812,0.740,0.320,194.3333857940946
29813,0.740,0.325,190.65531307580645
29814,0.740,0.330,186.96798738271713
29815,0.740,0.335,183.27166826884698
29816,0.740,0.340,179.5666302490386
29817,0.740,0.345,175.85316381725517
29818,0.740,0.350,172.1315765976786
29819,0.740,0.355,168.40219465487945
29820,0.740,0.360,164.6653639948866
29821,0.740,0.365,160.92145229565094
29822,0.740,0.370,157.1708509133076
29823,0.740,0.375,153.41397722001568
29824,0.740,0.380,149.65127734015547
29825,0.740,0.385,145.88322936449438
29826,0.740,0.390,142.1103471367478
29827,0.740,0.395,138.333184723885
29828,0.740,0.400,134.55234170060334
29829,0.740,0.405,130.7684693995369
29830,0.740,0.410,126.98227830171534
29831,0.740,0.415,123.19454676601332
29832,0.740,0.420,119.40613132094269
29833,0.740,0.425,115.61797876574164
29834,0.740,0.430,111.83114034828296
29835,0.740,0.435,108.04678830198363
29836,0.740,0.440,104.2662350287951
29837,0.740,0.445,100.490955205361
29838,0.740,0.450,96.72261105810487
29839,0.740,0.455,92.96308099233012
29840,0.740,0.460,89.21449166096485
29841,0.740,0.465,85.47925340961743
29842,0.740,0.470,81.76009882478176
29843,0.740,0.475,78.06012383024539
29844,0.740,0.480,74.38283041396458
29845,0.740,0.485,70.73216961907073
29846,0.740,0.490,67.11258290103915
29847,0.740,0.495,63.52903935249555
29848,0.740,0.500,59.98706565763103
29849,0.740,0.505,56.492765009712805
29850,0.740,0.510,53.05282068086575
29851,0.740,0.515,49.674479569976704
29852,0.740,0.520,46.36551098891171
29853,0.740,0.525,43.13413630576602
29854,0.740,0.530,39.98892596554084
29855,0.740,0.535,36.93866193993018
29856,0.740,0.540,33.99216584265397
29857,0.740,0.545,31.158095715763007
29858,0.740,0.550,28.444717660398865
29859,0.740,0.555,25.859661745638345
29860,0.740,0.560,23.409674572426443
29861,0.740,0.565,21.100383035580478
29862,0.740,0.570,18.93608478020015
29863,0.740,0.575,16.919580270999724
29864,0.740,0.580,15.052059166690677
29865,0.740,0.585,13.333049953550967
29866,0.740,0.590,11.760436936450755
29867,0.740,0.595,10.330543306517725
29868,0.740,0.600,9.038273793376653
29869,0.740,0.605,7.877306025306693
29870,0.740,0.610,6.840316669051768
29871,0.740,0.615,5.919226973984195
29872,0.740,0.620,5.105452512897029
29873,0.740,0.625,4.390143471756573
29874,0.740,0.630,3.7644044101087366
29875,0.740,0.635,3.219485538340207
29876,0.740,0.640,2.7469407981001432
29877,0.740,0.645,2.3387510270729415
29878,0.740,0.650,1.9874129916033145
29879,0.740,0.655,1.6859969529319325
29880,0.740,0.660,1.428176672361603
29881,0.740,0.665,1.2082364126486103
29882,0.740,0.670,1.0210596596725245
29883,0.740,0.675,0.8621040921385127
29884,0.740,0.680,0.7273668886375995
29885,0.740,0.685,0.613343886995523
29886,0.740,0.690,0.5169854851015638
29887,0.740,0.695,0.43565155681858175
29888,0.740,0.700,0.3670670913128984
29889,0.740,0.705,0.30927977169652954
29890,0.740,0.710,0.26062029828117594
29891,0.740,0.715,0.2196659326548687
29892,0.740,0.720,0.18520748494584272
29893,0.740,0.725,0.15621977857104338
29894,0.740,0.730,0.13183549377643383
29895,0.740,0.735,0.11132220272916393
29896,0.740,0.740,0.09406235503993259
29897,0.740,0.745,0.07953594485948053
29898,0.740,0.750,0.06730558198764786
29899,0.740,0.755,0.057003694009749695
29900,0.740,0.760,0.048321599833492226
29901,0.740,0.765,0.041000213718306054
29902,0.740,0.770,0.034822160441379583
29903,0.740,0.775,0.02960510482517109
29904,0.740,0.780,0.025196121218345482
29905,0.740,0.785,0.021466949864965282
29906,0.740,0.790,0.018310006924603373
29907,0.740,0.795,0.01563503295995365
29908,0.740,0.800,0.013366280892516756
29909,0.740,0.805,0.011440158755325018
29910,0.740,0.810,0.009803255129699743
29911,0.740,0.815,0.008410686068249212
29912,0.740,0.820,0.00722471172812635
29913,0.740,0.825,0.006213579024132028
29914,0.740,0.830,0.0053505535160790745
29915,0.740,0.835,0.004613109616824341
29916,0.740,0.840,0.003982253183352797
29917,0.740,0.845,0.0034419547572792494
29918,0.740,0.850,0.002978675263768818
29919,0.740,0.855,0.0025809689567021744
29920,0.740,0.860,0.0022391508980262047
29921,0.740,0.865,0.0019450183543044
29922,0.740,0.870,0.0016916172468523926
29923,0.740,0.875,0.0014730462576682004
29924,0.740,0.880,0.001284292417729981
29925,0.740,0.885,0.0011210930262000045
29926,0.740,0.890,0.0009798196016420843
29927,0.740,0.895,0.0008573802773289955
29928,0.740,0.900,0.0007511376454459027
29929,0.740,0.905,0.0006588395490748617
29930,0.740,0.910,0.0005785607326732751
29931,0.740,0.915,0.0005086536050442814
29932,0.740,0.920,0.0004477066549850562
29933,0.740,0.925,0.00039450929843566244
29934,0.740,0.930,0.00034802213499359044
29935,0.740,0.935,0.00030735175773142804
29936,0.740,0.940,0.00027172939887486685
29937,0.740,0.945,0.0002404928096536408
29938,0.740,0.950,0.0002130708693475389
29939,0.740,0.955,0.00018897049938859886
29940,0.740,0.960,0.00016776552598975937
29941,0.740,0.965,0.0001490871913455838
29942,0.740,0.970,0.00013261606081810598
29943,0.740,0.975,0.00011807511319874845
29944,0.740,0.980,0.00010522383438757743
29945,0.740,0.985,9.385316270305968e-05
29946,0.740,0.990,8.378115740014563e-05
29947,0.740,0.995,7.484928155508079e-05
29948,0.740,1.000,6.691920687109218e-05
29949,0.745,0.000,402.5372341285962
29950,0.745,0.005,399.6224783474335
29951,0.745,0.010,396.69487688205123
29952,0.745,0.015,393.75439408919954
29953,0.745,0.020,390.80099513097974
29954,0.745,0.025,387.8346460104845
29955,0.745,0.030,384.8553136088979
29956,0.745,0.035,381.86296572412743
29957,0.745,0.040,378.8575711110424
29958,0.745,0.045,375.8390995234001
29959,0.745,0.050,372.80752175754145
29960,0.745,0.055,369.7628096979462
29961,0.745,0.060,366.70493636473753
29962,0.745,0.065,363.63387596323616
29963,0.745,0.070,360.5496039356642
29964,0.745,0.075,357.45209701510703
29965,0.745,0.080,354.3413332818452
29966,0.745,0.085,351.2172922221761
29967,0.745,0.090,348.07995478984884
29968,0.745,0.095,344.9293034702434
29969,0.745,0.100,341.765322347431
29970,0.745,0.105,338.5879971742594
29971,0.745,0.110,335.39731544561585
29972,0.745,0.115,332.1932664750225
29973,0.745,0.120,328.97584147473447
29974,0.745,0.125,325.74503363951237
29975,0.745,0.130,322.50083823425217
29976,0.745,0.135,319.2432526856652
29977,0.745,0.140,315.9722766782076
29978,0.745,0.145,312.6879122544715
29979,0.745,0.150,309.39016392025667
29980,0.745,0.155,306.07903875455696
29981,0.745,0.160,302.7545465247022
29982,0.745,0.165,299.41669980691177
29983,0.745,0.170,296.0655141125283
29984,0.745,0.175,292.7010080202122
29985,0.745,0.180,289.3232033143947
29986,0.745,0.185,285.9321251303001
29987,0.745,0.190,282.5278021058709
29988,0.745,0.195,279.1102665409392
29989,0.745,0.200,275.6795545640212
29990,0.745,0.205,272.2357063071224
29991,0.745,0.210,268.7787660889805
29992,0.745,0.215,265.3087826071901
29993,0.745,0.220,261.82580913970315
29994,0.745,0.225,258.329903756225
29995,0.745,0.230,254.82112954008554
29996,0.745,0.235,251.2995548212143
29997,0.745,0.240,247.7652534209177
29998,0.745,0.245,244.21830490923938
29999,0.745,0.250,240.65879487577692
30000,0.745,0.255,237.08681521495254
30001,0.745,0.260,233.50246442687404
30002,0.745,0.265,229.90584793510163
30003,0.745,0.270,226.29707842285129
30004,0.745,0.275,222.6762761894307
30005,0.745,0.280,219.04356952903214
30006,0.745,0.285,215.3990951344095
30007,0.745,0.290,211.74299852846477
30008,0.745,0.295,208.07543452738594
30009,0.745,0.300,204.39656773973547
30010,0.745,0.305,200.7065731068285
30011,0.745,0.310,197.0056364908916
30012,0.745,0.315,193.29395531892453
30013,0.745,0.320,189.57173929192928
30014,0.745,0.325,185.83921117133536
30015,0.745,0.330,182.0966076570788
30016,0.745,0.335,178.34418037503227
30017,0.745,0.340,174.58219699541493
30018,0.745,0.345,170.81094250861733
30019,0.745,0.350,167.03072069067997
30020,0.745,0.355,163.2418557977026
30021,0.745,0.360,159.4446945368971
30022,0.745,0.365,155.63960837211985
30023,0.745,0.370,151.82699623373802
30024,0.745,0.375,148.00728771689998
30025,0.745,0.380,144.18094686893932
30026,0.745,0.385,140.34847668598266
30027,0.745,0.390,136.51042446104242
30028,0.745,0.395,132.66738815102124
30029,0.745,0.400,128.820023958045
30030,0.745,0.405,124.96905535101243
30031,0.745,0.410,121.11528378546576
30032,0.745,0.415,117.25960141257039
30033,0.745,0.420,113.40300609914001
30034,0.745,0.425,109.546619107291
30035,0.745,0.430,105.69170580025377
30036,0.745,0.435,101.83969974436498
30037,0.745,0.440,97.99223055875795
30038,0.745,0.445,94.15115581406761
30039,0.745,0.450,90.31859718771204
30040,0.745,0.455,86.49698093193206
30041,0.745,0.460,82.6890824860864
30042,0.745,0.465,78.89807475032093
30043,0.745,0.470,75.12757911854285
30044,0.745,0.475,71.38171783352897
30045,0.745,0.480,67.66516557315987
30046,0.745,0.485,63.98319741489628
30047,0.745,0.490,60.34172948652554
30048,0.745,0.495,56.74734775250124
30049,0.745,0.500,53.207319597265034
30050,0.745,0.505,49.72958227567772
30051,0.745,0.510,46.3227020647438
30052,0.745,0.515,42.995798249857344
30053,0.745,0.520,39.758427090517316
30054,0.745,0.525,36.62042277529973
30055,0.745,0.530,33.591695151981504
30056,0.745,0.535,30.68198763408952
30057,0.745,0.540,27.90060289906498
30058,0.745,0.545,25.256108382267666
30059,0.745,0.550,22.756037554852192
30060,0.745,0.555,20.406605888743346
30061,0.745,0.560,18.21246162999344
30062,0.745,0.565,16.176490570306452
30063,0.745,0.570,14.299690778988875
30064,0.745,0.575,12.581127971556976
30065,0.745,0.580,11.017975462892212
30066,0.745,0.585,9.605635378730579
30067,0.745,0.590,8.337930984535326
30068,0.745,0.595,7.207354548137384
30069,0.745,0.600,6.205351726393941
30070,0.745,0.605,5.322622327617978
30071,0.745,0.610,4.54941833565411
30072,0.745,0.615,3.875822859187146
30073,0.745,0.620,3.2919975747056
30074,0.745,0.625,2.788390600777363
30075,0.745,0.630,2.355900986095336
30076,0.745,0.635,1.9859996767066264
30077,0.745,0.640,1.6708096924088216
30078,0.745,0.645,1.4031502019043165
30079,0.745,0.650,1.1765502875884113
30080,0.745,0.655,0.9852385665915988
30081,0.745,0.660,0.8241146586184572
30082,0.745,0.665,0.6887079419661595
30083,0.745,0.670,0.5751282766989487
30084,0.745,0.675,0.4800125267037408
30085,0.745,0.680,0.4004698736294771
30086,0.745,0.685,0.3340281462072397
30087,0.745,0.690,0.2785827216989797
30088,0.745,0.695,0.23234900526499883
30089,0.745,0.700,0.19381905680032863
30090,0.745,0.705,0.16172260350651038
30091,0.745,0.710,0.1349924358693592
30092,0.745,0.715,0.11273401899270219
30093,0.745,0.720,0.09419904495785435
30094,0.745,0.725,0.07876259109036365
30095,0.745,0.730,0.06590352178186652
30096,0.745,0.735,0.05518776804369169
30097,0.745,0.740,0.046254131510519714
30098,0.745,0.745,0.03880228222976149
30099,0.745,0.750,0.032582647858765613
30100,0.745,0.755,0.027387922684377904
30101,0.745,0.760,0.02304595599292953
30102,0.745,0.765,0.019413809316244306
30103,0.745,0.770,0.016372800079411137
30104,0.745,0.775,0.013824374699221025
30105,0.745,0.780,0.011686677029959349
30106,0.745,0.785,0.009891698216946368
30107,0.745,0.790,0.008382911610652362
30108,0.745,0.795,0.007113311600390286
30109,0.745,0.800,0.006043788268861167
30110,0.745,0.805,0.005141780883050062
30111,0.745,0.810,0.004380162656799326
30112,0.745,0.815,0.003736317167508307
30113,0.745,0.820,0.003191373487965369
30114,0.745,0.825,0.0027295726882312745
30115,0.745,0.830,0.0023377430347344135
30116,0.745,0.835,0.0020048651068474955
30117,0.745,0.840,0.0017217112885624648
30118,0.745,0.845,0.0014805467803480675
30119,0.745,0.850,0.0012748815040880361
30120,0.745,0.855,0.0010992641186103216
30121,0.745,0.860,0.0009491108891795254
30122,0.745,0.865,0.0008205634155547499
30123,0.745,0.870,0.0007103702650939057
30124,0.745,0.875,0.0006157884176881637
30125,0.745,0.880,0.0005345011394712338
30126,0.745,0.885,0.000464549488370552
30127,0.745,0.890,0.00040427513828831526
30128,0.745,0.895,0.0003522726079281019
30129,0.745,0.900,0.0003073493098215273
30130,0.745,0.905,0.00026849210718418574
30131,0.745,0.910,0.000234839290928379
30132,0.745,0.915,0.00020565707479972066
30133,0.745,0.920,0.00018031986004125045
30134,0.745,0.925,0.00015829364787004157
30135,0.745,0.930,0.00013912208303072426
30136,0.745,0.935,0.00012241469859838156
30137,0.745,0.940,0.00010783700419696767
30138,0.745,0.945,9.510211947711855e-05
30139,0.745,0.950,8.396370420045524e-05
30140,0.745,0.955,7.420997737021671e-05
30141,0.745,0.960,6.565865198413594e-05
30142,0.745,0.965,5.815264036334358e-05
30143,0.745,0.970,5.1556408618918106e-05
30144,0.745,0.975,4.575287847065906e-05
30145,0.745,0.980,4.064079100297743e-05
30146,0.745,0.985,3.6132460585338904e-05
30147,0.745,0.990,3.2151858556957744e-05
30148,0.745,0.995,2.8632975754800793e-05
30149,0.745,1.000,2.551842086136208e-05
30150,0.750,0.000,400.0253534658808
30151,0.750,0.005,397.0884921472566
30152,0.750,0.010,394.13850404790827
30153,0.750,0.015,391.1753487140515
30154,0.750,0.020,388.198986393353
30155,0.750,0.025,385.20937806809707
30156,0.750,0.030,382.20648548976754
30157,0.750,0.035,379.1902712151132
30158,0.750,0.040,376.16069864377687
30159,0.750,0.045,373.1177320575662
30160,0.750,0.050,370.06133666145337
30161,0.750,0.055,366.9914786263917
30162,0.750,0.060,363.9081251340437
30163,0.750,0.065,360.8112444235208
30164,0.750,0.070,357.7008058402388
30165,0.750,0.075,354.57677988699976
30166,0.750,0.080,351.43913827741557
30167,0.750,0.085,348.28785399179634
30168,0.750,0.090,345.122901335632
30169,0.750,0.095,341.9442560008018
30170,0.750,0.100,338.7518951296551
30171,0.750,0.105,335.5457973821126
30172,0.750,0.110,332.3259430059447
30173,0.750,0.115,329.0923139103958
30174,0.750,0.120,325.8448937433247
30175,0.750,0.125,322.5836679720469
30176,0.750,0.130,319.30862396807146
30177,0.750,0.135,316.01975109593377
30178,0.750,0.140,312.7170408063388
30179,0.750,0.145,309.4004867338377
30180,0.750,0.150,306.0700847992749
30181,0.750,0.155,302.72583331725383
30182,0.750,0.160,299.36773310888185
30183,0.750,0.165,295.99578762007224
30184,0.750,0.170,292.6100030456926
30185,0.750,0.175,289.2103884598682
30186,0.750,0.180,285.79695595276564
30187,0.750,0.185,282.3697207742006
30188,0.750,0.190,278.9287014844393
30189,0.750,0.195,275.47392011257955
30190,0.750,0.200,272.005402322934
30191,0.750,0.205,268.5231775898578
30192,0.750,0.210,265.0272793815092
30193,0.750,0.215,261.51774535305856
30194,0.750,0.220,257.99461754992194
30195,0.750,0.225,254.4579426216361
30196,0.750,0.230,250.90777204706802
30197,0.750,0.235,247.34416237172118
30198,0.750,0.240,243.76717545799744
30199,0.750,0.245,240.1768787493833
30200,0.750,0.250,236.5733455496671
30201,0.750,0.255,232.9566553184567
30202,0.750,0.260,229.32689398447386
30203,0.750,0.265,225.6841542783478
30204,0.750,0.270,222.0285360869426
30205,0.750,0.275,218.36014683162915
30206,0.750,0.280,214.67910187338688
30207,0.750,0.285,210.98552494820095
30208,0.750,0.290,207.2795486369442
30209,0.750,0.295,203.56131487482725
30210,0.750,0.300,199.83097550660958
30211,0.750,0.305,196.08869289514107
30212,0.750,0.310,192.33464059249698
30213,0.750,0.315,188.56900408508295
30214,0.750,0.320,184.79198162666947
30215,0.750,0.325,181.0037851765276
30216,0.750,0.330,177.2046414637612
30217,0.750,0.335,173.3947932037695
30218,0.750,0.340,169.57450049867327
30219,0.750,0.345,165.74404246075173
30220,0.750,0.350,161.9037191066824
30221,0.750,0.355,158.05385358097772
30222,0.750,0.360,154.19479477974966
30223,0.750,0.365,150.32692046119737
30224,0.750,0.370,146.45064094733647
30225,0.750,0.375,142.56640354286662
30226,0.750,0.380,138.67469782203167
30227,0.750,0.385,134.7760619631322
30228,0.750,0.390,130.8710903431313
30229,0.750,0.395,126.96044264143191
30230,0.750,0.400,123.04485474192632
30231,0.750,0.405,119.12515176479897
30232,0.750,0.410,115.2022636025173
30233,0.750,0.415,111.2772433751189
30234,0.750,0.420,107.35128925403401
30235,0.750,0.425,103.4257701251805
30236,0.750,0.430,99.50225556256912
30237,0.750,0.435,95.58255055205343
30238,0.750,0.440,91.66873532698149
30239,0.750,0.445,87.76321053586634
30240,0.750,0.450,83.86874773634442
30241,0.750,0.455,79.98854487695411
30242,0.750,0.460,76.12628596575615
30243,0.750,0.465,72.2862035125185
30244,0.750,0.470,68.47314155709306
30245,0.750,0.475,64.69261616352932
30246,0.750,0.480,60.950869194101564
30247,0.750,0.485,57.254910040383805
30248,0.750,0.490,53.612538884445556
30249,0.750,0.495,50.03234414772215
30250,0.750,0.500,46.52366626491701
30251,0.750,0.505,43.09652004176384
30252,0.750,0.510,39.761468876635796
30253,0.750,0.515,36.52944626937083
30254,0.750,0.520,33.411523428818576
30255,0.750,0.525,30.418626373009715
30256,0.750,0.530,27.561211404760762
30257,0.750,0.535,24.848913684712244
30258,0.750,0.540,22.290189015483946
30259,0.750,0.545,19.89197295713062
30260,0.750,0.550,17.659383110817185
30261,0.750,0.555,15.595489176985376
30262,0.750,0.560,13.701171005120319
30263,0.750,0.565,11.975077659468328
30264,0.750,0.570,10.413691437685342
30265,0.750,0.575,9.011491102415361
30266,0.750,0.580,7.761199750829451
30267,0.750,0.585,6.654096006287626
30268,0.750,0.590,5.68036338779573
30269,0.750,0.595,4.829452047936466
30270,0.750,0.600,4.090429266032408
30271,0.750,0.605,3.4522994226887884
30272,0.750,0.610,2.904279738288067
30273,0.750,0.615,2.436023906821365
30274,0.750,0.620,2.037791136462485
30275,0.750,0.625,1.7005625098844566
30276,0.750,0.630,1.416109757520714
30277,0.750,0.635,1.1770234805725948
30278,0.750,0.640,0.9767087127324531
30279,0.750,0.645,0.8093557033526415
30280,0.750,0.650,0.6698931991276521
30281,0.750,0.655,0.5539305374753176
30282,0.750,0.660,0.4576937412973837
30283,0.750,0.665,0.3779596685078244
30284,0.750,0.670,0.3119912173768722
30285,0.750,0.675,0.2574756747538252
30286,0.750,0.680,0.21246754079801852
30287,0.750,0.685,0.17533657098413677
30288,0.750,0.690,0.1447213302764407
30289,0.750,0.695,0.11948823492085149
30290,0.750,0.700,0.09869584138257084
30291,0.750,0.705,0.08156400729483759
30292,0.750,0.710,0.06744747592799083
30293,0.750,0.715,0.055813406749967515
30294,0.750,0.720,0.046222376462116736
30295,0.750,0.725,0.03831239680810869
30296,0.750,0.730,0.0317855294550811
30297,0.750,0.735,0.026396718510500013
30298,0.750,0.740,0.02194450368859164
30299,0.750,0.745,0.01826331904858745
30300,0.750,0.750,0.015217121875161266
30301,0.750,0.755,0.012694132674457228
30302,0.750,0.760,0.010602499948073444
30303,0.750,0.765,0.008866732262995083
30304,0.750,0.770,0.007424765264477995
30305,0.750,0.775,0.00622555292436539
30306,0.750,0.780,0.00522709079559612
30307,0.750,0.785,0.004394794701154685
30308,0.750,0.790,0.0037001714706211175
30309,0.750,0.795,0.0031197293821655487
30310,0.750,0.800,0.0026340851787362237
30311,0.750,0.805,0.002227232179921963
30312,0.750,0.810,0.0018859403488358185
30313,0.750,0.815,0.001599264408070888
30314,0.750,0.820,0.001358140412425964
30315,0.750,0.825,0.0011550547338803551
30316,0.750,0.830,0.0009837723274656576
30317,0.750,0.835,0.0008391135355417072
30318,0.750,0.840,0.0007167706447430191
30319,0.750,0.845,0.0006131570112640966
30320,0.750,0.850,0.0005252828798215602
30321,0.750,0.855,0.00045065309215904913
30322,0.750,0.860,0.00038718275569180283
30323,0.750,0.865,0.0003331276574706324
30324,0.750,0.870,0.00028702679234034965
30325,0.750,0.875,0.00024765485095527915
30326,0.750,0.880,0.0002139829028196765
30327,0.750,0.885,0.00018514582778807225
30328,0.750,0.890,0.0001604153095949079
30329,0.750,0.895,0.00013917741768131774
30330,0.750,0.900,0.00012091397757626183
30331,0.750,0.905,0.00010518707248609801
30332,0.750,0.910,9.162613535336723e-05
30333,0.750,0.915,7.991718619206921e-05
30334,0.750,0.920,6.97938478489718e-05
30335,0.750,0.925,6.102983762185507e-05
30336,0.750,0.930,5.343268494981714e-05
30337,0.750,0.935,4.683846876768886e-05
30338,0.750,0.940,4.1107403792670515e-05
30339,0.750,0.945,3.61201343781254e-05
30340,0.750,0.950,3.177461876401248e-05
30341,0.750,0.955,2.798350650430484e-05
30342,0.750,0.960,2.4671928317974227e-05
30343,0.750,0.965,2.1775631212478435e-05
30344,0.750,0.970,1.923940297506838e-05
30345,0.750,0.975,1.7015739433515745e-05
30346,0.750,0.980,1.5063715594536802e-05
30347,0.750,0.985,1.3348028154397201e-05
30348,0.750,0.990,1.1838182170561518e-05
30349,0.750,0.995,1.0507799073269502e-05
30350,0.750,1.000,9.334026835196155e-06
30351,0.755,0.000,397.52206511082517
30352,0.755,0.005,394.5630715854301
30353,0.755,0.010,391.5906669181297
30354,0.755,0.015,388.60480569408793
30355,0.755,0.020,385.6054430894172
30356,0.755,0.025,382.59253490157647
30357,0.755,0.030,379.5660375811209
30358,0.755,0.035,376.5259082648767
30359,0.755,0.040,373.4721048106189
30360,0.755,0.045,370.4045858333304
30361,0.755,0.050,367.3233107431321
30362,0.755,0.055,364.2282397849701
30363,0.755,0.060,361.11933408015847
30364,0.755,0.065,357.996555669877
30365,0.755,0.070,354.8598675607304
30366,0.755,0.075,351.70923377248226
30367,0.755,0.080,348.54461938808026
30368,0.755,0.085,345.3659906060991
30369,0.755,0.090,342.1733147957323
30370,0.755,0.095,338.96656055447284
30371,0.755,0.100,335.7456977686269
30372,0.755,0.105,332.51069767681787
30373,0.755,0.110,329.26153293664265
30374,0.755,0.115,325.99817769465096
30375,0.755,0.120,322.720607659831
30376,0.755,0.125,319.4288001807909
30377,0.755,0.130,316.1227343268376
30378,0.755,0.135,312.8023909731671
30379,0.755,0.140,309.46775289038885
30380,0.755,0.145,306.11880483862114
30381,0.755,0.150,302.7555336664086
30382,0.755,0.155,299.37792841472555
30383,0.755,0.160,295.98598042634313
30384,0.755,0.165,292.57968346085914
30385,0.755,0.170,289.15903381570126
30386,0.755,0.175,285.7240304534389
30387,0.755,0.180,282.2746751357574
30388,0.755,0.185,278.81097256447225
30389,0.755,0.190,275.33293052998994
30390,0.755,0.195,271.84056006764536
30391,0.755,0.200,268.3338756223888
30392,0.755,0.205,264.8128952223235
30393,0.755,0.210,261.27764066164855
30394,0.755,0.215,257.7281376936054
30395,0.755,0.220,254.16441623409528
30396,0.755,0.225,250.5865105766992
30397,0.755,0.230,246.99445961992447
30398,0.755,0.235,243.38830710760215
30399,0.755,0.240,239.76810188348693
30400,0.755,0.245,236.1338981612635
30401,0.755,0.250,232.48575581135043
30402,0.755,0.255,228.8237406661245
30403,0.755,0.260,225.147924845469
30404,0.755,0.265,221.45838710490446
30405,0.755,0.270,217.75521320899068
30406,0.755,0.275,214.03849633323307
30407,0.755,0.280,210.3083374983934
30408,0.755,0.285,206.56484604194324
30409,0.755,0.290,202.80814013243452
30410,0.755,0.295,199.03834733385696
30411,0.755,0.300,195.25560522865987
30412,0.755,0.305,191.46006211011994
30413,0.755,0.310,187.65187775721816
30414,0.755,0.315,183.83122430828482
30415,0.755,0.320,179.99828725348345
30416,0.755,0.325,176.15326657094852
30417,0.755,0.330,172.29637803721337
30418,0.755,0.335,168.42785474976117
30419,0.755,0.340,164.54794890832767
30420,0.755,0.345,160.6569339123663
30421,0.755,0.350,156.7551068451782
30422,0.755,0.355,152.8427914310896
30423,0.755,0.360,148.92034157115293
30424,0.755,0.365,144.98814558569907
30425,0.755,0.370,141.04663131914904
30426,0.755,0.375,137.09627229431007
30427,0.755,0.380,133.13759514030184
30428,0.755,0.385,129.171188560485
30429,0.755,0.390,125.19771415418104
30430,0.755,0.395,121.21791945794614
30431,0.755,0.400,117.23265362731951
30432,0.755,0.405,113.24288623582592
30433,0.755,0.410,109.24972972059027
30434,0.755,0.415,105.25446604718034
30435,0.755,0.420,101.25857819154776
30436,0.755,0.425,97.26378703216344
30437,0.755,0.430,93.27209419464083
30438,0.755,0.435,89.28583127376928
30439,0.755,0.440,85.30771564876271
30440,0.755,0.445,81.34091277723684
30441,0.755,0.450,77.38910437001869
30442,0.755,0.455,73.45656118100037
30443,0.755,0.460,69.54821826877946
30444,0.755,0.465,65.66974948914758
30445,0.755,0.470,61.827636675063665
30446,0.755,0.475,58.029227509188345
30447,0.755,0.480,54.282774604712735
30448,0.755,0.485,50.59744696349258
30449,0.755,0.490,46.98330403234536
30450,0.755,0.495,43.45122235216579
30451,0.755,0.500,40.012765651138416
30452,0.755,0.505,36.679991512549336
30453,0.755,0.510,33.465191680795584
30454,0.755,0.515,30.380568671861447
30455,0.755,0.520,27.437858323326925
30456,0.755,0.525,24.647915566882364
30457,0.755,0.530,22.020287978622907
30458,0.755,0.535,19.56280726407927
30459,0.755,0.540,17.28123147245567
30460,0.755,0.545,15.178969431248738
30461,0.755,0.550,13.256913294519217
30462,0.755,0.555,11.513395666633851
30463,0.755,0.560,9.944275766549634
30464,0.755,0.565,8.543146377355226
30465,0.755,0.570,7.301641890964633
30466,0.755,0.575,6.209819327116421
30467,0.755,0.580,5.25657983794129
30468,0.755,0.585,4.430098128909491
30469,0.755,0.590,3.718230877073499
30470,0.755,0.595,3.1088815038915554
30471,0.755,0.600,2.5903062309308815
30472,0.755,0.605,2.1513539569912608
30473,0.755,0.610,1.7816391791143822
30474,0.755,0.615,1.4716523573754292
30475,0.755,0.620,1.2128155891257153
30476,0.755,0.625,0.9974933022343757
30477,0.755,0.630,0.818968174840006
30478,0.755,0.635,0.671391999054133
30479,0.755,0.640,0.5497200870969372
30480,0.755,0.645,0.449636380258601
30481,0.755,0.650,0.3674749009374468
30482,0.755,0.655,0.3001417470969294
30483,0.755,0.660,0.24504056146808756
30484,0.755,0.665,0.20000335744349906
30485,0.755,0.670,0.16322775623311145
30486,0.755,0.675,0.13322106920073593
30487,0.755,0.680,0.1087512171659675
30488,0.755,0.685,0.08880418230594125
30489,0.755,0.690,0.07254750612631154
30490,0.755,0.695,0.05929925006684856
30491,0.755,0.700,0.04850179944673958
30492,0.755,0.705,0.03969989718530731
30493,0.755,0.710,0.0325223260565101
30494,0.755,0.715,0.026666706012991464
30495,0.755,0.720,0.021886928384521664
30496,0.755,0.725,0.01798280605546355
30497,0.755,0.730,0.014791574498616416
30498,0.755,0.735,0.012180930631318233
30499,0.755,0.740,0.010043343704312913
30500,0.755,0.745,0.008291414360081663
30501,0.755,0.750,0.006854094581366679
30502,0.755,0.755,0.005673612748569865
30503,0.755,0.760,0.0047029748513821076
30504,0.755,0.765,0.0039039355456983223
30505,0.755,0.770,0.003245351722420073
30506,0.755,0.775,0.0027018470568267645
30507,0.755,0.780,0.0022527290980774795
30508,0.755,0.785,0.0018811112555035237
30509,0.755,0.790,0.0015732009103208893
30510,0.755,0.795,0.0013177221483715398
30511,0.755,0.800,0.0011054475458424648
30512,0.755,0.805,0.0009288182782400388
30513,0.755,0.810,0.0007816357587657797
30514,0.755,0.815,0.0006588112088637631
30515,0.755,0.820,0.0005561621565091895
30516,0.755,0.825,0.00047024695858074946
30517,0.755,0.830,0.00039823014431782176
30518,0.755,0.835,0.00033777275270172486
30519,0.755,0.840,0.00028694294911417147
30520,0.755,0.845,0.0002441431059174778
30521,0.755,0.850,0.00020805025839652793
30522,0.755,0.855,0.00017756743485466788
30523,0.755,0.860,0.0001517838343435879
30524,0.755,0.865,0.00012994220920389032
30525,0.755,0.870,0.0001114121198199806
30526,0.755,0.875,9.566797990464582e-05
30527,0.755,0.880,8.227101365257112e-05
30528,0.755,0.885,7.085441045971443e-05
30529,0.755,0.890,6.111109603626324e-05
30530,0.755,0.895,5.27836466454104e-05
30531,0.755,0.900,4.5655960718218543e-05
30532,0.755,0.905,3.954637313022257e-05
30533,0.755,0.910,3.430195512751349e-05
30534,0.755,0.915,2.979378980018623e-05
30535,0.755,0.920,2.5913051170635648e-05
30536,0.755,0.925,2.25677460496679e-05
30537,0.755,0.930,1.968000315342246e-05
30538,0.755,0.935,1.718381465004547e-05
30539,0.755,0.940,1.502315219241302e-05
30540,0.755,0.945,1.3150393299830828e-05
30541,0.755,0.950,1.1525005251216036e-05
30542,0.755,0.955,1.0112442909593586e-05
30543,0.755,0.960,8.883224489822401e-06
30544,0.755,0.965,7.812155514311414e-06
30545,0.755,0.970,6.877676323634834e-06
30546,0.755,0.975,6.061312722494111e-06
30547,0.755,0.980,5.347212810695386e-06
30548,0.755,0.985,4.7217559075466425e-06
30549,0.755,0.990,4.173221835232077e-06
30550,0.755,0.995,3.691510771072437e-06
30551,0.755,1.000,3.267905482482516e-06
30552,0.760,0.000,395.02905511745774
30553,0.760,0.005,392.0479267575431
30554,0.760,0.010,389.053100083432
30555,0.760,0.015,386.0445245783845
30556,0.760,0.020,383.02215019968685
30557,0.760,0.025,379.9859274059804
30558,0.760,0.030,376.9358071858676
30559,0.760,0.035,373.8717410878675
30560,0.760,0.040,370.79368125179866
30561,0.760,0.045,367.7015804416672
30562,0.760,0.050,364.5953920801485
30563,0.760,0.055,361.4750702847506
30564,0.760,0.060,358.34056990575647
30565,0.760,0.065,355.19184656604506
30566,0.760,0.070,352.0288567028995
30567,0.760,0.075,348.85155761191487
30568,0.760,0.080,345.65990749312505
30569,0.760,0.085,342.45386549947614
30570,0.760,0.090,339.23339178777945
30571,0.760,0.095,335.9984475722856
30572,0.760,0.100,332.7489951810304
30573,0.760,0.105,329.4849981151087
30574,0.760,0.110,326.20642111104524
30575,0.760,0.115,322.913230206438
30576,0.760,0.120,319.6053928090615
30577,0.760,0.125,316.2828777696268
30578,0.760,0.130,312.94565545840834
30579,0.760,0.135,309.5936978459573
30580,0.760,0.140,306.2269785881372
30581,0.760,0.145,302.845473115727
30582,0.760,0.150,299.44915872885787
30583,0.760,0.155,296.03801469655934
30584,0.760,0.160,292.61202236171226
30585,0.760,0.165,289.1711652517238
30586,0.760,0.170,285.7154291952597
30587,0.760,0.175,282.2448024453915
30588,0.760,0.180,278.7592758095445
30589,0.760,0.185,275.25884278665467
30590,0.760,0.190,271.7434997119837
30591,0.760,0.195,268.2132459100657
30592,0.760,0.200,264.66808385631356
30593,0.760,0.205,261.1080193478488
30594,0.760,0.210,257.53306168418777
30595,0.760,0.215,253.943223858469
30596,0.760,0.220,250.33852276000138
30597,0.760,0.225,246.71897938899238
30598,0.760,0.230,243.08461908444158
30599,0.760,0.235,239.43547176631543
30600,0.760,0.240,235.77157219329305
30601,0.760,0.245,232.09296023757787
30602,0.760,0.250,228.3996811785277
30603,0.760,0.255,224.69178601717158
30604,0.760,0.260,220.9693318140748
30605,0.760,0.265,217.232382053503
30606,0.760,0.270,213.48100703744512
30607,0.760,0.275,209.71528431381518
30608,0.760,0.280,205.9352991441036
30609,0.760,0.285,202.141145016937
30610,0.760,0.290,198.33292421548975
30611,0.760,0.295,194.51074844855052
30612,0.760,0.300,190.67473955736588
30613,0.760,0.305,186.82503031328838
30614,0.760,0.310,182.96176532486794
30615,0.760,0.315,179.08510207754225
30616,0.760,0.320,175.1952121346799
30617,0.760,0.325,171.29228253569687
30618,0.760,0.330,167.37651743557052
30619,0.760,0.335,163.44814004071347
30620,0.760,0.340,159.50739490922788
30621,0.760,0.345,155.5545506995719
30622,0.760,0.350,151.58990347115636
30623,0.760,0.355,147.61378066401497
30624,0.760,0.360,143.6265459130897
30625,0.760,0.365,139.62860488658004
30626,0.760,0.370,135.62041237783956
30627,0.760,0.375,131.60248092705257
30628,0.760,0.380,127.57539130266767
30629,0.760,0.385,123.53980523320767
30630,0.760,0.390,119.49648084681577
30631,0.760,0.395,115.44629134689778
30632,0.760,0.400,111.39024752412843
30633,0.760,0.405,107.32952477240882
30634,0.760,0.410,103.2654953307028
30635,0.760,0.415,99.19976650184228
30636,0.760,0.420,95.13422558639479
30637,0.760,0.425,91.07109219179702
30638,0.760,0.430,87.01297840498286
30639,0.760,0.435,82.96295701486319
30640,0.760,0.440,78.92463749782685
30641,0.760,0.445,74.90224879059511
30642,0.760,0.450,70.9007269286506
30643,0.760,0.455,66.92580439516196
30644,0.760,0.460,62.98409650047235
30645,0.760,0.465,59.08317833512009
30646,0.760,0.470,55.231643915076916
30647,0.760,0.475,51.43913725929184
30648,0.760,0.480,47.716343603939954
30649,0.760,0.485,44.074928167384
30650,0.760,0.490,40.52741031608184
30651,0.760,0.495,37.086963139131036
30652,0.760,0.500,33.76713271539672
30653,0.760,0.505,30.58147790410899
30654,0.760,0.510,27.543140054224896
30655,0.760,0.515,24.66436182999803
30656,0.760,0.520,21.955984064045094
30657,0.760,0.525,19.42695744098219
30658,0.760,0.530,17.08391005956319
30659,0.760,0.535,14.93081105241753
30660,0.760,0.540,12.968763815615278
30661,0.760,0.545,11.195950511755768
30662,0.760,0.550,9.60773402625125
30663,0.760,0.555,8.196906997231913
30664,0.760,0.560,6.9540626918356825
30665,0.760,0.565,5.868051742769172
30666,0.760,0.570,4.926483513045512
30667,0.760,0.575,4.116231349581668
30668,0.760,0.580,3.423906345087884
30669,0.760,0.585,2.8362728467422222
30670,0.760,0.590,2.3405889691339734
30671,0.760,0.595,1.9248651055414068
30672,0.760,0.600,1.5780416641628923
30673,0.760,0.605,1.290093325299017
30674,0.760,0.610,1.052070876360817
30675,0.760,0.615,0.8560933648952742
30676,0.760,0.620,0.6953033590665946
30677,0.760,0.625,0.563797031911406
30678,0.760,0.630,0.45653906775137115
30679,0.760,0.635,0.36927041307122715
30680,0.760,0.640,0.2984149365610274
30681,0.760,0.645,0.24098929638214725
30682,0.760,0.650,0.19451882459417294
30683,0.760,0.655,0.1569610550003842
30684,0.760,0.660,0.1266376276277093
30685,0.760,0.665,0.10217466486108771
30686,0.760,0.670,0.08245128597566681
30687,0.760,0.675,0.06655566278039667
30688,0.760,0.680,0.05374787770687315
30689,0.760,0.685,0.043428791698454816
30690,0.760,0.690,0.03511413437723997
30691,0.760,0.695,0.028413071467453064
30692,0.760,0.700,0.02301056832545705
30693,0.760,0.705,0.01865294234424711
30694,0.760,0.710,0.015136073305413694
30695,0.760,0.715,0.012295814547403857
30696,0.760,0.720,0.010000216216286011
30697,0.760,0.725,0.00814323338307987
30698,0.760,0.730,0.006639645918335048
30699,0.760,0.735,0.005420963787938685
30700,0.760,0.740,0.004432131317807199
30701,0.760,0.745,0.003628877609079373
30702,0.760,0.750,0.0029755883919638806
30703,0.760,0.755,0.002443597916967194
30704,0.760,0.760,0.002009818693152268
30705,0.760,0.765,0.0016556426310907273
30706,0.760,0.770,0.0013660599993140106
30707,0.760,0.775,0.0011289530501235206
30708,0.760,0.780,0.000934529635749118
30709,0.760,0.785,0.000774868976153241
30710,0.760,0.790,0.0006435572542641542
30711,0.760,0.795,0.0005353951513513206
30712,0.760,0.800,0.00044616299934575307
30713,0.760,0.805,0.00037243208599453567
30714,0.760,0.810,0.0003114129397542967
30715,0.760,0.815,0.0002608332555366699
30716,0.760,0.820,0.00021883958991301467
30717,0.760,0.825,0.000183918127903784
30718,0.760,0.830,0.0001548307616004643
30719,0.760,0.835,0.0001305634706755009
30720,0.760,0.840,0.00011028459409960408
30721,0.760,0.845,9.331106136706716e-05
30722,0.760,0.850,7.908103444006568e-05
30723,0.760,0.855,6.713171781947449e-05
30724,0.760,0.860,5.708133909342238e-05
30725,0.760,0.865,4.861449834950684e-05
30726,0.760,0.870,4.147024181279472e-05
30727,0.760,0.875,3.543234084833678e-05
30728,0.760,0.880,3.0321358313119057e-05
30729,0.760,0.885,2.5988165159215062e-05
30730,0.760,0.890,2.2308635167254876e-05
30731,0.760,0.895,1.9179297911000445e-05
30732,0.760,0.900,1.651377206118009e-05
30733,0.760,0.905,1.4239834959129555e-05
30734,0.760,0.910,1.2297011649448066e-05
30735,0.760,0.915,1.0634588551687004e-05
30736,0.760,0.920,9.209974710518411e-06
30737,0.760,0.925,7.987347921299816e-06
30738,0.760,0.930,6.936534647990705e-06
30739,0.760,0.935,6.032082065176123e-06
30740,0.760,0.940,5.252488192924452e-06
30741,0.760,0.945,4.579562295064103e-06
30742,0.760,0.950,3.997892753827546e-06
30743,0.760,0.955,3.494403738261851e-06
30744,0.760,0.960,3.0579853287355138e-06
30745,0.760,0.965,2.6791844890228204e-06
30746,0.760,0.970,2.349946506737133e-06
30747,0.760,0.975,2.0633983459181547e-06
30748,0.760,0.980,1.813666847933704e-06
30749,0.760,0.985,1.5957259397130099e-06
30750,0.760,0.990,1.405268011148108e-06
30751,0.760,0.995,1.2385954463744221e-06
30752,0.760,1.000,1.0925289690662588e-06
30753,0.765,0.000,392.54807834860253
30754,0.765,0.005,389.54483787014993
30755,0.765,0.010,386.52760958660934
30756,0.765,0.015,383.4963377496602
30757,0.765,0.020,380.45096696191234
30758,0.765,0.025,377.39144220086956
30759,0.765,0.030,374.31770884408115
30760,0.765,0.035,371.2297126955526
30761,0.765,0.040,368.1274000134908
30762,0.765,0.045,365.01071753946104
30763,0.765,0.050,361.8796125290438
30764,0.765,0.055,358.73403278407824
30765,0.765,0.060,355.5739266865869
30766,0.765,0.065,352.3992432344854
30767,0.765,0.070,349.20993207917957
30768,0.765,0.075,346.00594356516706
30769,0.765,0.080,342.78722877175977
30770,0.765,0.085,339.5537395570582
30771,0.765,0.090,336.3054286043075
30772,0.765,0.095,333.0422494707825
30773,0.765,0.100,329.7641566393497
30774,0.765,0.105,326.4711055728688
30775,0.765,0.110,323.16305277160086
30776,0.765,0.115,319.83995583380664
30777,0.765,0.120,316.5017735197224
30778,0.765,0.125,313.14846581911837
30779,0.765,0.130,309.77999402265283
30780,0.765,0.135,306.39632079725055
30781,0.765,0.140,302.99741026574776
30782,0.765,0.145,299.58322809106045
30783,0.765,0.150,296.1537415651502
30784,0.765,0.155,292.70891970307963
30785,0.765,0.160,289.248733342468
30786,0.765,0.165,285.77315524868044
30787,0.765,0.170,282.2821602261081
30788,0.765,0.175,278.7757252359196
30789,0.765,0.180,275.25382952070044
30790,0.765,0.185,271.7164547364226
30791,0.765,0.190,268.16358509223295
30792,0.765,0.195,264.59520749858507
30793,0.765,0.200,261.01131172429854
30794,0.765,0.205,257.4118905631823
30795,0.765,0.210,253.79694001093637
30796,0.765,0.215,250.1664594531246
30797,0.765,0.220,246.52045186511938
30798,0.765,0.225,242.85892402503637
30799,0.765,0.230,239.18188674083208
30800,0.765,0.235,235.48935509291817
30801,0.765,0.240,231.78134869387404
30802,0.765,0.245,228.05789196711837
30803,0.765,0.250,224.31901444675017
30804,0.765,0.255,220.5647511011996
30805,0.765,0.260,216.7951426838739
30806,0.765,0.265,213.01023611465789
30807,0.765,0.270,209.2100848969786
30808,0.765,0.275,205.39474957620996
30809,0.765,0.280,201.56429824653
30810,0.765,0.285,197.71880711502644
30811,0.765,0.290,193.85836113395976
30812,0.765,0.295,189.98305471474825
30813,0.765,0.300,186.09299254057328
30814,0.765,0.305,182.18829049868916
30815,0.765,0.310,178.2690767587551
30816,0.765,0.315,174.33549303007112
30817,0.765,0.320,170.3876960387705
30818,0.765,0.325,166.42585927621775
30819,0.765,0.330,162.4501750824982
30820,0.765,0.335,158.4608571445408
30821,0.765,0.340,154.4581435076793
30822,0.765,0.345,150.44230022310012
30823,0.765,0.350,146.41362578241868
30824,0.765,0.355,142.37245652550553
30825,0.765,0.360,138.31917324953818
30826,0.765,0.365,134.2542092970249
30827,0.765,0.370,130.17806045897123
30828,0.765,0.375,126.09129709693485
30829,0.765,0.380,121.99457896434484
30830,0.765,0.385,117.88867329217905
30831,0.765,0.390,113.77447679449834
30832,0.765,0.395,109.65304234097701
30833,0.765,0.400,105.52561112901411
30834,0.765,0.405,101.39365125579552
30835,0.765,0.410,97.2589036239744
30836,0.765,0.415,93.12343608985516
30837,0.765,0.420,88.98970664836975
30838,0.765,0.425,84.86063620387316
30839,0.765,0.430,80.73969104985763
30840,0.765,0.435,76.63097451666893
30841,0.765,0.440,72.53932628404904
30842,0.765,0.445,68.47042654086516
30843,0.765,0.450,64.43090047484657
30844,0.765,0.455,60.42841650027008
30845,0.765,0.460,56.471769262205356
30846,0.765,0.465,52.57093597654086
30847,0.765,0.470,48.73709239392568
30848,0.765,0.475,44.98257308168438
30849,0.765,0.480,41.32076040633481
30850,0.765,0.485,37.765888250215724
30851,0.765,0.490,34.33275073584604
30852,0.765,0.495,31.036313443221985
30853,0.765,0.500,27.89123469528933
30854,0.765,0.505,24.91131667813762
30855,0.765,0.510,22.108918898105973
30856,0.765,0.515,19.494377534557213
30857,0.765,0.520,17.075481112796194
30858,0.765,0.525,14.857053404518828
30859,0.765,0.530,12.840687379152632
30860,0.765,0.535,11.024659732607706
30861,0.765,0.540,9.404036039488819
30862,0.765,0.545,7.970955238933404
30863,0.765,0.550,6.715062789136066
30864,0.765,0.555,5.624047732782884
30865,0.765,0.560,4.684232118123371
30866,0.765,0.565,3.8811620443443955
30867,0.765,0.570,3.200156822229964
30868,0.765,0.575,2.626784125959647
30869,0.765,0.580,2.147242007908706
30870,0.765,0.585,1.7486410053783696
30871,0.765,0.590,1.4191897205840918
30872,0.765,0.595,1.1482944346439858
30873,0.765,0.600,0.9265874514621255
30874,0.765,0.605,0.7459003685201405
30875,0.765,0.610,0.5991979931997885
30876,0.765,0.615,0.48048686775091104
30877,0.765,0.620,0.3847099544874
30878,0.765,0.625,0.3076364421710412
30879,0.765,0.630,0.24575318520722625
30880,0.765,0.635,0.19616216144996218
30881,0.765,0.640,0.15648660825982888
30882,0.765,0.645,0.12478717412362908
30883,0.765,0.650,0.09948846617836045
30884,0.765,0.655,0.07931572361669786
30885,0.765,0.660,0.06324093915543912
30886,0.765,0.665,0.050437525256959055
30887,0.765,0.670,0.04024252666035946
30888,0.765,0.675,0.032125373952618476
30889,0.765,0.680,0.025662222018532344
30890,0.765,0.685,0.020514998417552822
30891,0.765,0.690,0.016414383246602087
30892,0.765,0.695,0.01314604256933468
30893,0.765,0.700,0.01053953486624591
30894,0.765,0.705,0.008459400013287412
30895,0.765,0.710,0.006798020929906333
30896,0.765,0.715,0.005469918532479676
30897,0.765,0.720,0.004407201140528043
30898,0.765,0.725,0.003555940677348908
30899,0.765,0.730,0.002873290814779945
30900,0.765,0.735,0.0023251976658495038
30901,0.765,0.740,0.0018845827597775984
30902,0.765,0.745,0.0015299018100604085
30903,0.765,0.750,0.0012440020837723997
30904,0.765,0.755,0.0010132167682114074
30905,0.765,0.760,0.0008266472719333141
30906,0.765,0.765,0.000675594452168652
30907,0.765,0.770,0.000553107798936431
30908,0.765,0.775,0.00045362801649355644
30909,0.765,0.780,0.0003727035441779262
30910,0.765,0.785,0.0003067656114164256
30911,0.765,0.790,0.0002529496366165763
30912,0.765,0.795,0.00020895332701899929
30913,0.765,0.800,0.00017292385308108633
30914,0.765,0.805,0.00014336806605483182
30915,0.765,0.810,0.00011908098849420402
30916,0.765,0.815,9.908880405730633e-05
30917,0.765,0.820,8.260336044075065e-05
30918,0.765,0.825,6.898582144870371e-05
30919,0.765,0.830,5.771759578703556e-05
30920,0.765,0.835,4.837705865741492e-05
30921,0.765,0.840,4.0620889318808015e-05
30922,0.765,0.845,3.4169090630880524e-05
30923,0.765,0.850,2.8792948726588984e-05
30924,0.765,0.855,2.4305343056161713e-05
30925,0.765,0.860,2.0552937521485086e-05
30926,0.765,0.865,1.740987891921677e-05
30927,0.765,0.870,1.4772704669717178e-05
30928,0.765,0.875,1.2556221957808266e-05
30929,0.765,0.880,1.0690168209297812e-05
30930,0.765,0.885,9.116500846050269e-06
30931,0.765,0.890,7.787194532750682e-06
30932,0.765,0.895,6.662448254440386e-06
30933,0.765,0.900,5.709223813223355e-06
30934,0.765,0.905,4.9000527079695e-06
30935,0.765,0.910,4.212060655992816e-06
30936,0.765,0.915,3.6261688591553775e-06
30937,0.765,0.920,3.1264390069592856e-06
30938,0.765,0.925,2.6995353412515865e-06
30939,0.765,0.930,2.3342821952612573e-06
30940,0.765,0.935,2.0212995132220025e-06
30941,0.765,0.940,1.7527021545583852e-06
30942,0.765,0.945,1.5218514465850415e-06
30943,0.765,0.950,1.3231495980538105e-06
30944,0.765,0.955,1.1518693233347738e-06
30945,0.765,0.960,1.0040124339744717e-06
30946,0.765,0.965,8.761922951861899e-07
30947,0.765,0.970,7.655359710188481e-07
30948,0.765,0.975,6.696026348488185e-07
30949,0.765,0.980,5.863154345795788e-07
30950,0.765,0.985,5.139045011761282e-07
30951,0.765,0.990,4.508591963151812e-07
30952,0.765,0.995,3.95888027254259e-07
30953,0.765,1.000,3.478849284206945e-07
30954,0.770,0.000,390.08095622196106
30955,0.770,0.005,387.0556529209442
30956,0.770,0.010,384.0160705352602
30957,0.770,0.015,380.96214796799234
30958,0.770,0.020,377.89382434420185
30959,0.770,0.025,374.81103903123613
30960,0.770,0.030,371.7137316601212
30961,0.770,0.035,368.60184214810545
30962,0.770,0.040,365.4753107224305
30963,0.770,0.045,362.33407794540375
30964,0.770,0.050,359.1780847408564
30965,0.770,0.055,356.0072724220751
30966,0.770,0.060,352.8215827212987
30967,0.770,0.065,349.62095782088096
30968,0.770,0.070,346.4053403862227
30969,0.770,0.075,343.1746736005873
30970,0.770,0.080,339.9289012019157
30971,0.770,0.085,336.6679675217698
30972,0.770,0.090,333.39181752653644
30973,0.770,0.095,330.10039686103534
30974,0.770,0.100,326.79365189468206
30975,0.770,0.105,323.4715297703671
30976,0.770,0.110,320.1339784562217
30977,0.770,0.115,316.78094680045206
30978,0.770,0.120,313.41238458943576
30979,0.770,0.125,310.0282426092846
30980,0.770,0.130,306.62847271109405
30981,0.770,0.135,303.21302788011155
30982,0.770,0.140,299.7818623090713
30983,0.770,0.145,296.334931475962
30984,0.770,0.150,292.8721922265095
30985,0.770,0.155,289.3936028616781
30986,0.770,0.160,285.8991232305152
30987,0.770,0.165,282.3887148286887
30988,0.770,0.170,278.86234090309387
30989,0.770,0.175,275.3199665629361
30990,0.770,0.180,271.76155889773236
30991,0.770,0.185,268.18708710271187
30992,0.770,0.190,264.59652261214427
30993,0.770,0.195,260.98983924117454
30994,0.770,0.200,257.36701333681174
30995,0.770,0.205,253.72802393878564
30996,0.770,0.210,250.07285295108323
30997,0.770,0.215,246.40148532507678
30998,0.770,0.220,242.71390925529255
30999,0.770,0.225,239.0101163890234
31000,0.770,0.230,235.29010205118962
31001,0.770,0.235,231.553865486091
31002,0.770,0.240,227.80141011799887
31003,0.770,0.245,224.03274383290864
31004,0.770,0.250,220.2478792842471
31005,0.770,0.255,216.44683422591598
31006,0.770,0.260,212.62963187679654
31007,0.770,0.265,208.79630132177138
31008,0.770,0.270,204.94687795549956
31009,0.770,0.275,201.08140397666511
31010,0.770,0.280,197.19992894229574
31011,0.770,0.285,193.30251039412008
31012,0.770,0.290,189.38921457192356
31013,0.770,0.295,185.46011723264357
31014,0.770,0.300,181.51530459870966
31015,0.770,0.305,177.55487446514147
31016,0.770,0.310,173.5789375024678
31017,0.770,0.315,169.5876188020212
31018,0.770,0.320,165.5810597220331
31019,0.770,0.325,161.5594201078043
31020,0.770,0.330,157.52288097768508
31021,0.770,0.335,153.47164778950824
31022,0.770,0.340,149.40595443035917
31023,0.770,0.345,145.3260681072353
31024,0.770,0.350,141.2322953583564
31025,0.770,0.355,137.12498945591673
31026,0.770,0.360,133.00455953208237
31027,0.770,0.365,128.8714818321513
31028,0.770,0.370,124.72631358266433
31029,0.770,0.375,120.56971005792569
31030,0.770,0.380,116.4024455346718
31031,0.770,0.385,112.2254389384987
31032,0.770,0.390,108.03978510130626
31033,0.770,0.395,103.84679265661465
31034,0.770,0.400,99.64802968377141
31035,0.770,0.405,95.44537825001025
31036,0.770,0.410,91.24109895885321
31037,0.770,0.415,87.03790645092081
31038,0.770,0.420,82.83905646265238
31039,0.770,0.425,78.6484444610642
31040,0.770,0.430,74.47071496029719
31041,0.770,0.435,70.3113793081072
31042,0.770,0.440,66.17693793971672
31043,0.770,0.445,62.0750008000438
31044,0.770,0.450,58.01439686965756
31045,0.770,0.455,54.00526064270231
31046,0.770,0.460,50.05908030251312
31047,0.770,0.465,46.188689725330285
31048,0.770,0.470,42.408185024341606
31049,0.770,0.475,38.732746997809805
31050,0.770,0.480,35.17835447445576
31051,0.770,0.485,31.761380874740542
31052,0.770,0.490,28.49807754839152
31053,0.770,0.495,25.403962002048946
31054,0.770,0.500,22.493145341082418
31055,0.770,0.505,19.777648432322067
31056,0.770,0.510,17.266767125857417
31057,0.770,0.515,14.966550155386662
31058,0.770,0.520,12.879446970643652
31059,0.770,0.525,11.004166609865006
31060,0.770,0.530,9.335765003081
31061,0.770,0.535,7.865951000044757
31062,0.770,0.540,6.583576067027346
31063,0.770,0.545,5.475253662821917
31064,0.770,0.550,4.5260447650355875
31065,0.770,0.555,3.7201465295956746
31066,0.770,0.560,3.041530091733502
31067,0.770,0.565,2.474488062164479
31068,0.770,0.570,2.004068884869603
31069,0.770,0.575,1.616390876381645
31070,0.770,0.580,1.2988414016355863
31071,0.770,0.585,1.0401753098967
31072,0.770,0.590,0.8305314552027631
31073,0.770,0.595,0.6613874865527211
31074,0.770,0.600,0.5254720324327206
31075,0.770,0.605,0.41665086494247033
31076,0.770,0.610,0.329800412271073
31077,0.770,0.615,0.2606786839228058
31078,0.770,0.620,0.2058006549128195
31079,0.770,0.625,0.1623226165767659
31080,0.770,0.630,0.12793800434498764
31081,0.770,0.635,0.10078573429651841
31082,0.770,0.640,0.07937105248992875
31083,0.770,0.645,0.0624982380784521
31084,0.770,0.650,0.0492141168503254
31085,0.770,0.655,0.03876115918082357
31086,0.770,0.660,0.030538891910611744
31087,0.770,0.665,0.02407239787922085
31088,0.770,0.670,0.018986773040892694
31089,0.770,0.675,0.014986533300023263
31090,0.770,0.680,0.01183909392529744
31091,0.770,0.685,0.009361572516627795
31092,0.770,0.690,0.007410285495308316
31093,0.770,0.695,0.005872414646030194
31094,0.770,0.700,0.004659413156561207
31095,0.770,0.705,0.0037018000028582712
31096,0.770,0.710,0.0029450583133677614
31097,0.770,0.715,0.0023464088108119444
31098,0.770,0.720,0.0018722750159402672
31099,0.770,0.725,0.001496294044040833
31100,0.770,0.730,0.0011977568771357977
31101,0.770,0.735,0.0009603861607256553
31102,0.770,0.740,0.0007713789071529366
31103,0.770,0.745,0.0006206568872776017
31104,0.770,0.750,0.0005002797130708505
31105,0.770,0.755,0.00040398528145921926
31106,0.770,0.760,0.0003268298771741016
31107,0.770,0.765,0.00026490623639513814
31108,0.770,0.770,0.00021512259009089527
31109,0.770,0.775,0.00017502940608033607
31110,0.770,0.780,0.00014268344740676713
31111,0.770,0.785,0.00011654103285469181
31112,0.770,0.790,9.537415893338357e-05
31113,0.770,0.795,7.820452843116719e-05
31114,0.770,0.800,6.425161298288482e-05
31115,0.770,0.805,5.2891722194089e-05
31116,0.770,0.810,4.3625711642761724e-05
31117,0.770,0.815,3.6053477177406545e-05
31118,0.770,0.820,2.9853785130313987e-05
31119,0.770,0.825,2.4768302191496806e-05
31120,0.770,0.830,2.0588934117569273e-05
31121,0.770,0.835,1.7147774293500824e-05
31122,0.770,0.840,1.4309113206313244e-05
31123,0.770,0.845,1.1963077312619637e-05
31124,0.770,0.850,1.0020557743304428e-05
31125,0.770,0.855,8.409161366948992e-06
31126,0.770,0.860,7.069973276182668e-06
31127,0.770,0.865,5.9549641574989575e-06
31128,0.770,0.870,5.024910898557232e-06
31129,0.770,0.875,4.247726239960949e-06
31130,0.770,0.880,3.5971149008941526e-06
31131,0.770,0.885,3.051490657311214e-06
31132,0.770,0.890,2.5931023104962477e-06
31133,0.770,0.895,2.207327121554435e-06
31134,0.770,0.900,1.8820987056225383e-06
31135,0.770,0.905,1.6074430498517e-06
31136,0.770,0.910,1.3751016113375632e-06
31137,0.770,0.915,1.178224655453773e-06
31138,0.770,0.920,1.0111213396112568e-06
31139,0.770,0.925,8.690557117359596e-07
31140,0.770,0.930,7.480799181054607e-07
31141,0.770,0.935,6.448976129235262e-07
31142,0.770,0.940,5.567519201699959e-07
31143,0.770,0.945,4.813333862663204e-07
31144,0.770,0.950,4.1670423495193276e-07
31145,0.770,0.955,3.6123593701993e-07
31146,0.770,0.960,3.1355767175828e-07
31147,0.770,0.965,2.7251371152025363e-07
31148,0.770,0.970,2.3712812761691783e-07
31149,0.770,0.975,2.065755120610126e-07
31150,0.770,0.980,1.8015664942929503e-07
31151,0.770,0.985,1.5727826731127164e-07
31152,0.770,0.990,1.3743615129952123e-07
31153,0.770,0.995,1.2020103832121915e-07
31154,0.770,1.000,1.0520680597764167e-07
31155,0.775,0.000,387.62957382930034
31156,0.775,0.005,384.5822847338086
31157,0.775,0.010,381.5204240505001
31158,0.775,0.015,378.44392523094825
31159,0.775,0.020,375.35272181428115
31160,0.775,0.025,372.24674744355394
31161,0.775,0.030,369.1259358830851
31162,0.775,0.035,365.9902210368243
31163,0.775,0.040,362.8395369678203
31164,0.775,0.045,359.67381791886345
31165,0.775,0.050,356.492998334383
31166,0.775,0.055,353.2970128836837
31167,0.775,0.060,350.0857964856111
31168,0.775,0.065,346.85928433474425
31169,0.775,0.070,343.61741192921494
31170,0.775,0.075,340.3601151002664
31171,0.775,0.080,337.08733004366445
31172,0.775,0.085,333.7989933530883
31173,0.775,0.090,330.4950420556306
31174,0.775,0.095,327.17541364954917
31175,0.775,0.100,323.840046144419
31176,0.775,0.105,320.48887810384576
31177,0.775,0.110,317.12184869090964
31178,0.775,0.115,313.7388977165222
31179,0.775,0.120,310.3399656908889
31180,0.775,0.125,306.92499387828485
31181,0.775,0.130,303.4939243553642
31182,0.775,0.135,300.046700073238
31183,0.775,0.140,296.5832649235754
31184,0.775,0.145,293.1035638089961
31185,0.775,0.150,289.60754271804666
31186,0.775,0.155,286.0951488050719
31187,0.775,0.160,282.56633047531915
31188,0.775,0.165,279.02103747563837
31189,0.775,0.170,275.45922099117547
31190,0.775,0.175,271.8808337484872
31191,0.775,0.180,268.2858301255499
31192,0.775,0.185,264.6741662691795
31193,0.775,0.190,261.04580022043575
31194,0.775,0.195,257.40069204864733
31195,0.775,0.200,253.7388039947738
31196,0.775,0.205,250.06010062490932
31197,0.775,0.210,246.36454899484974
31198,0.775,0.215,242.65211882677445
31199,0.775,0.220,238.92278269927013
31200,0.775,0.225,235.1765162521218
31201,0.775,0.230,231.41329840755887
31202,0.775,0.235,227.63311160996065
31203,0.775,0.240,223.83594208642683
31204,0.775,0.245,220.021780131121
31205,0.775,0.250,216.1906204169288
31206,0.775,0.255,212.34246233877093
31207,0.775,0.260,208.47731039392482
31208,0.775,0.265,204.5951746059883
31209,0.775,0.270,200.69607100074637
31210,0.775,0.275,196.78002214426462
31211,0.775,0.280,192.84705775615228
31212,0.775,0.285,188.89721541426528
31213,0.775,0.290,184.93054137134018
31214,0.775,0.295,180.94709150940355
31215,0.775,0.300,176.94693246458556
31216,0.775,0.305,172.93014296355005
31217,0.775,0.310,168.8968154235878
31218,0.775,0.315,164.84705788208575
31219,0.775,0.320,160.78099633823896
31220,0.775,0.325,156.69877761138093
31221,0.775,0.330,152.600572847116
31222,0.775,0.335,148.48658183575176
31223,0.775,0.340,144.35703834863284
31224,0.775,0.345,140.21221674840982
31225,0.775,0.350,136.05244019058344
31226,0.775,0.355,131.8780908075097
31227,0.775,0.360,127.68962235383495
31228,0.775,0.365,123.48757589513099
31229,0.775,0.370,119.27259923943122
31230,0.775,0.375,115.04547094314634
31231,0.775,0.380,110.80712986469916
31232,0.775,0.385,106.55871138378325
31233,0.775,0.390,102.30159153867184
31234,0.775,0.395,98.03744043826512
31235,0.775,0.400,93.76828634929988
31236,0.775,0.405,89.49659179922767
31237,0.775,0.410,85.22534281302664
31238,0.775,0.415,80.95815194169788
31239,0.775,0.420,76.69937494867877
31240,0.775,0.425,72.45423979312133
31241,0.775,0.430,68.22898478086861
31242,0.775,0.435,64.03100036160183
31243,0.775,0.440,59.868966007610446
31244,0.775,0.445,55.752969996569476
31245,0.775,0.450,51.69459598763349
31246,0.775,0.455,47.70695651069897
31247,0.775,0.460,43.80465064552101
31248,0.775,0.465,40.00362228492934
31249,0.775,0.470,36.320897659651415
31250,0.775,0.475,32.774187393829266
31251,0.775,0.480,29.381349968461247
31252,0.775,0.485,26.159729908286106
31253,0.775,0.490,23.125403780267014
31254,0.775,0.495,20.29238722831171
31255,0.775,0.500,17.67187261975327
31256,0.775,0.505,15.271574974798801
31257,0.775,0.510,13.095260196244945
31258,0.775,0.515,11.14251302947087
31259,0.775,0.520,9.408774608936975
31260,0.775,0.525,7.885645809186962
31261,0.775,0.530,6.561419590419209
31262,0.775,0.535,5.42177964074807
31263,0.775,0.540,4.45058840360812
31264,0.775,0.545,3.630686477720405
31265,0.775,0.550,2.944635722317728
31266,0.775,0.555,2.375356358443117
31267,0.775,0.560,1.9066293171502178
31268,0.775,0.565,1.523454941804554
31269,0.775,0.570,1.212275105014122
31270,0.775,0.575,0.961076580093844
31271,0.775,0.580,0.7593991418662014
31272,0.775,0.585,0.5982732377643202
31273,0.775,0.590,0.4701104152539711
31274,0.775,0.595,0.368566267162853
31275,0.775,0.600,0.288391499808324
31276,0.775,0.605,0.22528257804407517
31277,0.775,0.610,0.1757397032207298
31278,0.775,0.615,0.13693684563428918
31279,0.775,0.620,0.10660622826934049
31280,0.775,0.625,0.0829379894685929
31281,0.775,0.630,0.06449463511551669
31282,0.775,0.635,0.05013920766098913
31283,0.775,0.640,0.03897573724742825
31284,0.775,0.645,0.0303004026954892
31285,0.775,0.650,0.023561840115661484
31286,0.775,0.655,0.018329136255978224
31287,0.775,0.660,0.014266190733592093
31288,0.775,0.665,0.011111297638583003
31289,0.775,0.670,0.008660964383950457
31290,0.775,0.675,0.00675714321382806
31291,0.775,0.680,0.005277192708820318
31292,0.775,0.685,0.004126010591080762
31293,0.775,0.690,0.0032298849307745496
31294,0.775,0.695,0.002531699548173354
31295,0.775,0.700,0.001987202705001184
31296,0.775,0.705,0.001562108059035224
31297,0.775,0.710,0.0012298453092571492
31298,0.775,0.715,0.000969816854784791
31299,0.775,0.720,0.0007660478060829266
31300,0.775,0.725,0.000606141278307435
31301,0.775,0.730,0.00048047030069349613
31302,0.775,0.735,0.00038155292391681844
31303,0.775,0.740,0.0003035690474036482
31304,0.775,0.745,0.0002419868102418208
31305,0.775,0.750,0.00019327364824977498
31306,0.775,0.755,0.00015467276011477623
31307,0.775,0.760,0.00012403010021837764
31308,0.775,0.765,9.9660403670123e-05
31309,0.775,0.770,8.024336948804201e-05
31310,0.775,0.775,6.474315262472772e-05
31311,0.775,0.780,5.234587881520701e-05
31312,0.775,0.785,4.2411102493453365e-05
31313,0.775,0.790,3.443405844403759e-05
31314,0.775,0.795,2.8016275337126323e-05
31315,0.775,0.800,2.284267252670736e-05
31316,0.775,0.805,1.8663688099537867e-05
31317,0.775,0.810,1.528131518955581e-05
31318,0.775,0.815,1.253817741763748e-05
31319,0.775,0.820,1.0308970240630758e-05
31320,0.775,0.825,8.493746291569154e-06
31321,0.775,0.830,7.012639701534672e-06
31322,0.775,0.835,5.801714793093345e-06
31323,0.775,0.840,4.8096944914996685e-06
31324,0.775,0.845,3.9953779829226695e-06
31325,0.775,0.850,3.3255991542082465e-06
31326,0.775,0.855,2.773609945872119e-06
31327,0.775,0.860,2.3177980730005605e-06
31328,0.775,0.865,1.940668262771874e-06
31329,0.775,0.870,1.6280314915237684e-06
31330,0.775,0.875,1.3683586583621386e-06
31331,0.775,0.880,1.1522644630637211e-06
31332,0.775,0.885,9.720945486221087e-07
31333,0.775,0.890,8.215946760491847e-07
31334,0.775,0.895,6.956451717306732e-07
31335,0.775,0.900,5.900473977176628e-07
31336,0.775,0.905,5.013517539233003e-07
31337,0.775,0.910,4.2671889233162494e-07
31338,0.775,0.915,3.6380753463668653e-07
31339,0.775,0.920,3.106836356246452e-07
31340,0.775,0.925,2.6574670259833397e-07
31341,0.775,0.930,2.2766992679180626e-07
31342,0.775,0.935,1.953514533092976e-07
31343,0.775,0.940,1.6787464875644635e-07
31344,0.775,0.945,1.444756494254011e-07
31345,0.775,0.950,1.24516810469848e-07
31346,0.775,0.955,1.0746494588453905e-07
31347,0.775,0.960,9.287346439987547e-08
31348,0.775,0.965,8.036767874157142e-08
31349,0.775,0.970,6.963270386974114e-08
31350,0.775,0.975,6.040347074852659e-08
31351,0.775,0.980,5.2456471397394366e-08
31352,0.775,0.985,4.560292280269847e-08
31353,0.775,0.990,3.968309517889481e-08
31354,0.775,0.995,3.456159681652728e-08
31355,0.775,1.000,3.0123445531724473e-08
31356,0.780,0.000,385.19587640309726
31357,0.780,0.005,382.12670732253383
31358,0.780,0.010,379.04267352488455
31359,0.780,0.015,375.9437029227628
31360,0.780,0.020,372.8297233768956
31361,0.780,0.025,369.7006627082921
31362,0.780,0.030,366.55644871124343
31363,0.780,0.035,363.39700916721523
31364,0.780,0.040,360.22227185969973
31365,0.780,0.045,357.03216459009764
31366,0.780,0.050,353.82661519470554
31367,0.780,0.055,350.6055515628889
31368,0.780,0.060,347.36890165652915
31369,0.780,0.065,344.11659353083496
31370,0.780,0.070,340.84855535661717
31371,0.780,0.075,337.56471544413495
31372,0.780,0.080,334.2650022686211
31373,0.780,0.085,330.94934449761274
31374,0.780,0.090,327.6176710202111
31375,0.780,0.095,324.26991097841153
31376,0.780,0.100,320.9059938006471
31377,0.780,0.105,317.5258492377062
31378,0.780,0.110,314.12940740118955
31379,0.780,0.115,310.71659880468684
31380,0.780,0.120,307.2873544078653
31381,0.780,0.125,303.84160566367586
31382,0.780,0.130,300.37928456889716
31383,0.780,0.135,296.90032371825475
31384,0.780,0.140,293.4046563623689
31385,0.780,0.145,289.89221646980667
31386,0.780,0.150,286.3629387935328
31387,0.780,0.155,282.81675894207876
31388,0.780,0.160,279.253613455779
31389,0.780,0.165,275.67343988845
31390,0.780,0.170,272.07617689492633
31391,0.780,0.175,268.46176432490716
31392,0.780,0.180,264.83014332361313
31393,0.780,0.185,261.18125643981006
31394,0.780,0.190,257.5150477418214
31395,0.780,0.195,253.83146294222718
31396,0.780,0.200,250.1304495320466
31397,0.780,0.205,246.4119569253083
31398,0.780,0.210,242.67593661506245
31399,0.780,0.215,238.9223423420499
31400,0.780,0.220,235.1511302774688
31401,0.780,0.225,231.36225922153668
31402,0.780,0.230,227.55569081988537
31403,0.780,0.235,223.73138980024345
31404,0.780,0.240,219.88932423239072
31405,0.780,0.245,216.02946581503952
31406,0.780,0.250,212.15179019414745
31407,0.780,0.255,208.25627731824625
31408,0.780,0.260,204.3429118377479
31409,0.780,0.265,200.41168355694035
31410,0.780,0.270,196.4625879496241
31411,0.780,0.275,192.49562675219192
31412,0.780,0.280,188.51080865159818
31413,0.780,0.285,184.5081500903121
31414,0.780,0.290,180.4876762162745
31415,0.780,0.295,176.44942201343179
31416,0.780,0.300,172.3934336580294
31417,0.780,0.305,168.31977015805617
31418,0.780,0.310,164.22850534870332
31419,0.780,0.315,160.11973033627513
31420,0.780,0.320,155.9935565076394
31421,0.780,0.325,151.85011925327893
31422,0.780,0.330,147.68958259068435
31423,0.780,0.335,143.51214492292735
31424,0.780,0.340,139.3180462265971
31425,0.780,0.345,135.10757703596894
31426,0.780,0.350,130.8810896783561
31427,0.780,0.355,126.6390123210702
31428,0.780,0.360,122.38186651470731
31429,0.780,0.365,118.11028906105015
31430,0.780,0.370,113.8250591952878
31431,0.780,0.375,109.52713224706243
31432,0.780,0.380,105.21768112387166
31433,0.780,0.385,100.89814712744385
31434,0.780,0.390,96.57030174284836
31435,0.780,0.395,92.23632109190115
31436,0.780,0.400,87.89887466021648
31437,0.780,0.405,83.56122961341879
31438,0.780,0.410,79.22737141168498
31439,0.780,0.415,74.90214038977244
31440,0.780,0.420,70.59138235382616
31441,0.780,0.425,66.30210892101303
31442,0.780,0.430,62.04266019329282
31443,0.780,0.435,57.822858399998964
31444,0.780,0.440,53.65413651387658
31445,0.780,0.445,49.54962093954302
31446,0.780,0.450,45.52414292474833
31447,0.780,0.455,41.594150468501134
31448,0.780,0.460,37.777492650195015
31449,0.780,0.465,34.09305307658973
31450,0.780,0.470,30.560219883614355
31451,0.780,0.475,27.198196954108745
31452,0.780,0.480,24.025183770138298
31453,0.780,0.485,21.057476732120836
31454,0.780,0.490,18.30856808282625
31455,0.780,0.495,15.788333916933244
31456,0.780,0.500,13.502404740532397
31457,0.780,0.505,11.45179764501491
31458,0.780,0.510,9.632859253915033
31459,0.780,0.515,8.037528339717822
31460,0.780,0.520,6.653884637548995
31461,0.780,0.525,5.466914841396628
31462,0.780,0.530,4.459404981041029
31463,0.780,0.535,3.612863353059261
31464,0.780,0.540,2.9083885936930156
31465,0.780,0.545,2.3274187215036837
31466,0.780,0.550,1.8523230065355822
31467,0.780,0.555,1.4668237383017753
31468,0.780,0.560,1.156255435010291
31469,0.780,0.565,0.9076829037181724
31470,0.780,0.570,0.7099067735848845
31471,0.780,0.575,0.5533868142398173
31472,0.780,0.580,0.43011116980166686
31473,0.780,0.585,0.33343524076332137
31474,0.780,0.590,0.2579086865114825
31475,0.780,0.595,0.19910384652116173
31476,0.780,0.600,0.15345434172877442
31477,0.780,0.605,0.11810896253063352
31478,0.780,0.610,0.09080320852331118
31479,0.780,0.615,0.0697489272824674
31480,0.780,0.620,0.053541259195622984
31481,0.780,0.625,0.041081374710994274
31482,0.780,0.630,0.03151314434103153
31483,0.780,0.635,0.024171789595862386
31484,0.780,0.640,0.018542630932103236
31485,0.780,0.645,0.014228208032035844
31486,0.780,0.650,0.010922250493097748
31487,0.780,0.655,0.00838919191434629
31488,0.780,0.660,0.006448128149330116
31489,0.780,0.665,0.004960310444026311
31490,0.780,0.670,0.0038194313409721883
31491,0.780,0.675,0.00294410432901033
31492,0.780,0.680,0.0022720581685215027
31493,0.780,0.685,0.0017556657230282306
31494,0.780,0.690,0.001358507597911055
31495,0.780,0.695,0.0010527356523477142
31496,0.780,0.700,0.0008170531076894832
31497,0.780,0.705,0.0006351688662134303
31498,0.780,0.710,0.0004946158154683195
31499,0.780,0.715,0.0003858480510652023
31500,0.780,0.720,0.00030155153824129284
31501,0.780,0.725,0.0002361179222382948
31502,0.780,0.730,0.0001852429365184005
31503,0.780,0.735,0.00014561990338176183
31504,0.780,0.740,0.00011470577415770472
31505,0.780,0.745,9.054248867468254e-05
31506,0.780,0.750,7.162051631167479e-05
31507,0.780,0.755,5.6774561878860546e-05
31508,0.780,0.760,4.5103802433997e-05
31509,0.780,0.765,3.5910838655543286e-05
31510,0.780,0.770,2.865492961876078e-05
31511,0.780,0.775,2.2916134967360136e-05
31512,0.780,0.780,1.836779187842503e-05
31513,0.780,0.785,1.4755365807123259e-05
31514,0.780,0.790,1.1880179535638353e-05
31515,0.780,0.795,9.586879442767576e-06
31516,0.780,0.800,7.75376774926224e-06
31517,0.780,0.805,6.285335021332189e-06
31518,0.780,0.810,5.106483828712307e-06
31519,0.780,0.815,4.158053861718283e-06
31520,0.780,0.820,3.3933499125065333e-06
31521,0.780,0.825,2.7754436821145066e-06
31522,0.780,0.830,2.275073526347119e-06
31523,0.780,0.835,1.8690069066320552e-06
31524,0.780,0.840,1.5387614364567692e-06
31525,0.780,0.845,1.269604268764698e-06
31526,0.780,0.850,1.0497678732657362e-06
31527,0.780,0.855,8.698343136356643e-07
31528,0.780,0.860,7.222509498370057e-07
31529,0.780,0.865,6.00948820344932e-07
31530,0.780,0.870,5.010413828471544e-07
31531,0.780,0.875,4.1858625292991396e-07
31532,0.780,0.880,3.503964169725253e-07
31533,0.780,0.885,2.9389036708017045e-07
31534,0.780,0.890,2.469729109122695e-07
31535,0.780,0.895,2.0794019997910558e-07
31536,0.780,0.900,1.7540391331182486e-07
31537,0.780,0.905,1.482306192652031e-07
31538,0.780,0.910,1.2549318580420223e-07
31539,0.780,0.915,1.0643177231239956e-07
31540,0.780,0.920,9.042245493519321e-08
31541,0.780,0.925,7.695194456707216e-08
31542,0.780,0.930,6.559717647918827e-08
31543,0.780,0.935,5.600880234329367e-08
31544,0.780,0.940,4.7897813907695925e-08
31545,0.780,0.945,4.102468433894393e-08
31546,0.780,0.950,3.519053725352495e-08
31547,0.780,0.955,3.0229951733415694e-08
31548,0.780,0.960,2.6005089623139156e-08
31549,0.780,0.965,2.2400893427945803e-08
31550,0.780,0.970,1.932115252873284e-08
31551,0.780,0.975,1.66852748360903e-08
31552,0.780,0.980,1.4425632491083087e-08
31553,0.780,0.985,1.2485375417914981e-08
31554,0.780,0.990,1.0816626727138931e-08
31555,0.780,0.995,9.378990174636365e-09
31556,0.780,1.000,8.138312905882955e-09
31557,0.785,0.000,382.78186511267836
31558,0.785,0.005,379.690951565046
31559,0.785,0.010,376.58488017116355
31560,0.785,0.015,373.4635732339511
31561,0.785,0.020,370.3269528605015
31562,0.785,0.025,367.1749409697947
31563,0.785,0.030,364.0074593010956
31564,0.785,0.035,360.82442942309217
31565,0.785,0.040,357.62577274383665
31566,0.785,0.045,354.4114105215543
31567,0.785,0.050,351.18126387639046
31568,0.785,0.055,347.935253803174
31569,0.785,0.060,344.6733011852754
31570,0.785,0.065,341.39532680964925
31571,0.785,0.070,338.10125138315334
31572,0.785,0.075,334.79099555024663
31573,0.785,0.080,331.4644799121712
31574,0.785,0.085,328.121625047735
31575,0.785,0.090,324.7623515358195
31576,0.785,0.095,321.3865799797434
31577,0.785,0.100,317.9942310336249
31578,0.785,0.105,314.5852254308958
31579,0.785,0.110,311.1594840151293
31580,0.785,0.115,307.7169277733584
31581,0.785,0.120,304.2574778720724
31582,0.785,0.125,300.781055696095
31583,0.785,0.130,297.2875828905611
31584,0.785,0.135,293.7769814062298
31585,0.785,0.140,290.24917354838493
31586,0.785,0.145,286.70408202960124
31587,0.785,0.150,283.1416300266726
31588,0.785,0.155,279.5617412420291
31589,0.785,0.160,275.96433996999724
31590,0.785,0.165,272.3493511682944
31591,0.785,0.170,268.7167005351854
31592,0.785,0.175,265.0663145927794
31593,0.785,0.180,261.398120776998
31594,0.785,0.185,257.71204753480913
31595,0.785,0.190,254.0080244294057
31596,0.785,0.195,250.28598225409272
31597,0.785,0.200,246.54585315577356
31598,0.785,0.205,242.78757076905657
31599,0.785,0.210,239.0110703621891
31600,0.785,0.215,235.216288996234
31601,0.785,0.220,231.40316569918664
31602,0.785,0.225,227.57164165706578
31603,0.785,0.230,223.72166042445036
31604,0.785,0.235,219.85316815748186
31605,0.785,0.240,215.96611387305103
31606,0.785,0.245,212.0604497387776
31607,0.785,0.250,208.13613139952994
31608,0.785,0.255,204.1931183476843
31609,0.785,0.260,200.23137434618846
31610,0.785,0.265,196.2508679158815
31611,0.785,0.270,192.25157290158614
31612,0.785,0.275,188.23346913542025
31613,0.785,0.280,184.19654322081743
31614,0.785,0.285,180.14078946721207
31615,0.785,0.290,176.06621101362933
31616,0.785,0.295,171.97282119002327
31617,0.785,0.300,167.8606451787543
31618,0.785,0.305,163.72972205587592
31619,0.785,0.310,159.5801073138747
31620,0.785,0.315,155.41187599538927
31621,0.785,0.320,151.22512660264067
31622,0.785,0.325,147.01998599161686
31623,0.785,0.330,142.7966155154578
31624,0.785,0.335,138.55521875036916
31625,0.785,0.340,134.2960512222765
31626,0.785,0.345,130.0194326560708
31627,0.785,0.350,125.72576239421689
31628,0.785,0.355,121.41553877979887
31629,0.785,0.360,117.08938347156055
31630,0.785,0.365,112.74807185383021
31631,0.785,0.370,108.39257091721272
31632,0.785,0.375,104.02408620555504
31633,0.785,0.380,99.64411963095169
31634,0.785,0.385,95.25454011873661
31635,0.785,0.390,90.85766910828832
31636,0.785,0.395,86.45638283007598
31637,0.785,0.400,82.05423290394124
31638,0.785,0.405,77.65558602649541
31639,0.785,0.410,73.26578217577037
31640,0.785,0.415,68.8913086792864
31641,0.785,0.420,64.53998449485083
31642,0.785,0.425,60.22114502349471
31643,0.785,0.430,55.945812722609546
31644,0.785,0.435,51.72683296003725
31645,0.785,0.440,47.578948548324135
31646,0.785,0.445,43.518781290808995
31647,0.785,0.450,39.5646862343308
31648,0.785,0.455,35.7364461339147
31649,0.785,0.460,32.05478192572088
31650,0.785,0.465,28.54067123903123
31651,0.785,0.470,25.214491206554428
31652,0.785,0.475,22.09503186571768
31653,0.785,0.480,19.19845744741164
31654,0.785,0.485,16.537317808562655
31655,0.785,0.490,14.119723568322106
31656,0.785,0.495,11.948790396502677
31657,0.785,0.500,10.02242896343489
31658,0.785,0.505,8.333511586269855
31659,0.785,0.510,6.870393941346687
31660,0.785,0.515,5.61772205154443
31661,0.785,0.520,4.557421433120917
31662,0.785,0.525,3.669752608532608
31663,0.785,0.530,2.9343251356378333
31664,0.785,0.535,2.3309858675649076
31665,0.785,0.540,1.8405287062302718
31666,0.785,0.545,1.4452050281674822
31667,0.785,0.550,1.129040586723101
31668,0.785,0.555,0.8779831257168206
31669,0.785,0.560,0.6799147967487054
31670,0.785,0.565,0.5245660924690269
31671,0.785,0.570,0.403365519629611
31672,0.785,0.575,0.3092538200505627
31673,0.785,0.580,0.2364850009793366
31674,0.785,0.585,0.1804300053773288
31675,0.785,0.590,0.13739325596005544
31676,0.785,0.595,0.10444784846196234
31677,0.785,0.600,0.07929187631120659
31678,0.785,0.605,0.06012611085075483
31679,0.785,0.610,0.04555184140187497
31680,0.785,0.615,0.0344868907906589
31681,0.785,0.620,0.026097478571613406
31682,0.785,0.625,0.01974355449729106
31683,0.785,0.630,0.014935353592440593
31684,0.785,0.635,0.011299148991462124
31685,0.785,0.640,0.008550443675101516
31686,0.785,0.645,0.006473111933779427
31687,0.785,0.650,0.00490325501378682
31688,0.785,0.655,0.0037167622727592303
31689,0.785,0.660,0.002819765156517788
31690,0.785,0.665,0.0021413363142914485
31691,0.785,0.670,0.0016279223668182214
31692,0.785,0.675,0.0012391095099480757
31693,0.785,0.680,0.0009444099229734727
31694,0.785,0.685,0.0007208274386016063
31695,0.785,0.690,0.0005510164029331355
31696,0.785,0.695,0.00042189098593044787
31697,0.785,0.700,0.00032357583963294866
31698,0.785,0.705,0.00024861497171169806
31699,0.785,0.710,0.00019137566051927857
31700,0.785,0.715,0.00014759951516687348
31701,0.785,0.720,0.00011406443817118411
31702,0.785,0.725,8.833011194649219e-05
31703,0.785,0.730,6.854635482764394e-05
31704,0.785,0.735,5.330878267046049e-05
31705,0.785,0.740,4.155005837233209e-05
31706,0.785,0.745,3.2457913439567716e-05
31707,0.785,0.750,2.541331213770375e-05
31708,0.785,0.755,1.994377444928199e-05
31709,0.785,0.760,1.5688111747074735e-05
31710,0.785,0.765,1.2369759354326863e-05
31711,0.785,0.770,9.776589069119068e-06
31712,0.785,0.775,7.74560968539787e-06
31713,0.785,0.780,6.151357807989796e-06
31714,0.785,0.785,4.897077387450736e-06
31715,0.785,0.790,3.9080088647621734e-06
31716,0.785,0.795,3.1262759958125976e-06
31717,0.785,0.800,2.506984116987954e-06
31718,0.785,0.805,2.0152381658811904e-06
31719,0.785,0.810,1.6238599474725117e-06
31720,0.785,0.815,1.3116377570704066e-06
31721,0.785,0.820,1.0619819019657938e-06
31722,0.785,0.825,8.618901780315368e-07
31723,0.785,0.830,7.011504115300994e-07
31724,0.785,0.835,5.717246135438568e-07
31725,0.785,0.840,4.672724988644969e-07
31726,0.785,0.845,3.8278213293079926e-07
31727,0.785,0.850,3.1428307137508366e-07
31728,0.785,0.855,2.5862313542207214e-07
31729,0.785,0.860,2.1329436590996665e-07
31730,0.785,0.865,1.7629705318445234e-07
31731,0.785,0.870,1.4603330168417527e-07
31732,0.785,0.875,1.2122354717650885e-07
31733,0.785,0.880,1.0084094539623073e-07
31734,0.785,0.885,8.405970240206447e-08
31735,0.785,0.890,7.02143020377317e-08
31736,0.785,0.895,5.876726729085649e-08
31737,0.785,0.900,4.928361785468846e-08
31738,0.785,0.905,4.1410592188305034e-08
31739,0.785,0.910,3.486151657829005e-08
31740,0.785,0.915,2.9402947312227152e-08
31741,0.785,0.920,2.4844401285708405e-08
31742,0.785,0.925,2.103013758860894e-08
31743,0.785,0.930,1.7832567387585256e-08
31744,0.785,0.935,1.5146959045192447e-08
31745,0.785,0.940,1.2887175542061105e-08
31746,0.785,0.945,1.098223623222444e-08
31747,0.785,0.950,9.37353812361488e-09
31748,0.785,0.955,8.012605831532685e-09
31749,0.785,0.960,6.859266115109563e-09
31750,0.785,0.965,5.880164037912507e-09
31751,0.785,0.970,5.047554508352081e-09
31752,0.785,0.975,4.338316201062364e-09
31753,0.785,0.980,3.733145373746942e-09
31754,0.785,0.985,3.2158954542013775e-09
31755,0.785,0.990,2.7730349303095555e-09
31756,0.785,0.995,2.3932013871438758e-09
31757,0.785,1.000,2.0668337790722457e-09
31758,0.790,0.000,380.3895921809068
31759,0.790,0.005,377.2771001793681
31760,0.790,0.010,374.14915785328037
31761,0.790,0.015,371.005681842969
31762,0.790,0.020,367.8465884450698
31763,0.790,0.025,364.67179361555804
31764,0.790,0.030,361.4812129733007
31765,0.790,0.035,358.27476180418313
31766,0.790,0.040,355.0523550658654
31767,0.790,0.045,351.81390739323007
31768,0.790,0.050,348.55933310458386
31769,0.790,0.055,345.288546208686
31770,0.790,0.060,342.0014604126766
31771,0.790,0.065,338.69798913098714
31772,0.790,0.070,335.37804549531967
31773,0.790,0.075,332.04154236579063
31774,0.790,0.080,328.6883923433368
31775,0.790,0.085,325.3185077834969
31776,0.790,0.090,321.9318008116812
31777,0.790,0.095,318.5281833400588
31778,0.790,0.100,315.10756708619573
31779,0.790,0.105,311.6698635935911
31780,0.790,0.110,308.21498425426756
31781,0.790,0.115,304.74284033358674
31782,0.790,0.120,301.2533429974708
31783,0.790,0.125,297.74640334222954
31784,0.790,0.130,294.2219324272053
31785,0.790,0.135,290.6798413104681
31786,0.790,0.140,287.12004108781275
31787,0.790,0.145,283.54244293533185
31788,0.790,0.150,279.94695815586374
31789,0.790,0.155,276.33349822964607
31790,0.790,0.160,272.7019748695345
31791,0.790,0.165,269.05230008118826
31792,0.790,0.170,265.38438622866977
31793,0.790,0.175,261.69814610595586
31794,0.790,0.180,257.99349301492606
31795,0.790,0.185,254.27034085046745
31796,0.790,0.190,250.52860419343233
31797,0.790,0.195,246.76819841229442
31798,0.790,0.200,242.98903977449783
31799,0.790,0.205,239.19104556866066
31800,0.790,0.210,235.37413423902242
31801,0.790,0.215,231.53822553379237
31802,0.790,0.220,227.68324066941162
31803,0.790,0.225,223.8091025131779
31804,0.790,0.230,219.91573578724658
31805,0.790,0.235,216.00306729774053
31806,0.790,0.240,212.07102619361788
31807,0.790,0.245,208.11954426112956
31808,0.790,0.250,204.14855626121178
31809,0.790,0.255,200.15800031911203
31810,0.790,0.260,196.14781837806052
31811,0.790,0.265,192.11795673204006
31812,0.790,0.270,188.06836665688826
31813,0.790,0.275,183.99900516435687
31814,0.790,0.280,179.9098359107019
31815,0.790,0.285,175.80083030033558
31816,0.790,0.290,171.67196883659307
31817,0.790,0.295,167.5232427864813
31818,0.790,0.300,163.35465624527728
31819,0.790,0.305,159.16622871116508
31820,0.790,0.310,154.9579983111284
31821,0.790,0.315,150.73002585878635
31822,0.790,0.320,146.48239997480874
31823,0.790,0.325,142.21524356347456
31824,0.790,0.330,137.92872201764982
31825,0.790,0.335,133.62305362219715
31826,0.790,0.340,129.2985227459535
31827,0.790,0.345,124.95549655832254
31828,0.790,0.350,120.5944461809854
31829,0.790,0.355,116.21597338975279
31830,0.790,0.360,111.82084421495802
31831,0.790,0.365,107.41003104540498
31832,0.790,0.370,102.9847651077324
31833,0.790,0.375,98.54660144611364
31834,0.790,0.380,94.09749872624803
31835,0.790,0.385,89.63991627001539
31836,0.790,0.390,85.17693060090457
31837,0.790,0.395,80.71237331709987
31838,0.790,0.400,76.25099114017323
31839,0.790,0.405,71.79862730570646
31840,0.790,0.410,67.3624208375101
31841,0.790,0.415,62.95101646162585
31842,0.790,0.420,58.57477283152606
31843,0.790,0.425,54.245950398317646
31844,0.790,0.430,49.9788530452603
31845,0.790,0.435,45.789890385386315
31846,0.790,0.440,41.69752189855106
31847,0.790,0.445,37.72204202093631
31848,0.790,0.450,33.885169504010605
31849,0.790,0.455,30.209417326971685
31850,0.790,0.460,26.71724261831855
31851,0.790,0.465,23.430008632845656
31852,0.790,0.470,20.36682883536949
31853,0.790,0.475,17.543399147668342
31854,0.790,0.480,14.970948786952052
31855,0.790,0.485,12.65544370059218
31856,0.790,0.490,10.597154192228592
31857,0.790,0.495,8.79065157308311
31858,0.790,0.500,7.225236639772312
31859,0.790,0.505,5.885739641333202
31860,0.790,0.510,4.753581800521092
31861,0.790,0.515,3.8079626707907592
31862,0.790,0.520,3.0270385809628673
31863,0.790,0.525,2.388980788847367
31864,0.790,0.530,1.872838668532352
31865,0.790,0.535,1.4591731387538491
31866,0.790,0.540,1.1304603977753735
31867,0.790,0.545,0.8712911564272283
31868,0.790,0.550,0.6684047619457153
31869,0.790,0.555,0.5106022376957844
31870,0.790,0.560,0.3885799708213023
31871,0.790,0.565,0.2947194206641113
31872,0.790,0.570,0.22286020614596472
31873,0.790,0.575,0.1680759527023646
31874,0.790,0.580,0.12646531987086665
31875,0.790,0.585,0.09496510708748171
31876,0.790,0.590,0.07118828881540068
31877,0.790,0.595,0.05328709140386331
31878,0.790,0.600,0.039839535294824716
31879,0.790,0.605,0.029756958527063972
31880,0.790,0.610,0.022209672215882412
31881,0.790,0.615,0.016567883705629262
31882,0.790,0.620,0.01235521465772215
31883,0.790,0.625,0.009212438377035122
31884,0.790,0.630,0.006869396327140565
31885,0.790,0.635,0.005123386768957424
31886,0.790,0.640,0.003822625604236472
31887,0.790,0.645,0.002853649777369013
31888,0.790,0.650,0.0021317636368360913
31889,0.790,0.655,0.0015938196714454914
31890,0.790,0.660,0.0011927806173848289
31891,0.790,0.665,0.0008936347219981101
31892,0.790,0.670,0.0006703347972827931
31893,0.790,0.675,0.0005035091849784276
31894,0.790,0.680,0.00037875297322104585
31895,0.790,0.685,0.00028535425637231924
31896,0.790,0.690,0.00021534583590606814
31897,0.790,0.695,0.00016279990510726535
31898,0.790,0.700,0.00012330385747586482
31899,0.790,0.705,9.357092402236988e-05
31900,0.790,0.710,7.115106591398344e-05
31901,0.790,0.715,5.421634855174931e-05
31902,0.790,0.720,4.140161194441719e-05
31903,0.790,0.725,3.16861744391392e-05
31904,0.790,0.730,2.4305976881253175e-05
31905,0.790,0.735,1.868830614984826e-05
31906,0.790,0.740,1.4403267763239997e-05
31907,0.790,0.745,1.1127685106060572e-05
31908,0.790,0.750,8.618221424024177e-06
31909,0.790,0.755,6.6913499794148335e-06
31910,0.790,0.760,5.208412199177302e-06
31911,0.790,0.765,4.064458777539332e-06
31912,0.790,0.770,3.179905771115525e-06
31913,0.790,0.775,2.4942873703170467e-06
31914,0.790,0.780,1.9615719532839074e-06
31915,0.790,0.785,1.5466450484607682e-06
31916,0.790,0.790,1.2226644015282022e-06
31917,0.790,0.795,9.690676750288676e-07
31918,0.790,0.800,7.700692193770145e-07
31919,0.790,0.805,6.135238816836744e-07
31920,0.790,0.810,4.90066690922264e-07
31921,0.790,0.815,3.924602309364342e-07
31922,0.790,0.820,3.150986259968285e-07
31923,0.790,0.825,2.536298263910853e-07
31924,0.790,0.830,2.0466741154360065e-07
31925,0.790,0.835,1.6557025355274992e-07
31926,0.790,0.840,1.34273718856957e-07
31927,0.790,0.845,1.0916008573591745e-07
31928,0.790,0.850,8.895885897638971e-08
31929,0.790,0.855,7.266992201425023e-08
31930,0.790,0.860,5.95041685316023e-08
31931,0.790,0.865,4.883753946357704e-08
31932,0.790,0.870,4.01753618283993e-08
31933,0.790,0.875,3.312462056660053e-08
31934,0.790,0.880,2.737235188901371e-08
31935,0.790,0.885,2.2668770112704674e-08
31936,0.790,0.890,1.8814062340678056e-08
31937,0.790,0.895,1.5648031210854974e-08
31938,0.790,0.900,1.3041953813767838e-08
31939,0.790,0.905,1.0892168711057377e-08
31940,0.790,0.910,9.11501331476225e-09
31941,0.790,0.915,7.642818679731313e-09
31942,0.790,0.920,6.42073405656084e-09
31943,0.790,0.925,5.404203930470177e-09
31944,0.790,0.930,4.556959221512449e-09
31945,0.790,0.935,3.849414489270374e-09
31946,0.790,0.940,3.2573864032414774e-09
31947,0.790,0.945,2.761066950913897e-09
31948,0.790,0.950,2.344199046628176e-09
31949,0.790,0.955,1.9934132845076428e-09
31950,0.790,0.960,1.6976932470737282e-09
31951,0.790,0.965,1.4479435759864821e-09
31952,0.790,0.970,1.236640347720702e-09
31953,0.790,0.975,1.0575474964796659e-09
31954,0.790,0.980,9.054863369948639e-10
31955,0.790,0.985,7.761478548153579e-10
31956,0.790,0.990,6.659395006360751e-10
31957,0.790,0.995,5.718598652782594e-10
31958,0.790,1.000,4.913959144246221e-10
31959,0.795,0.000,378.02115532267976
31960,0.795,0.005,374.8872820031923
31961,0.795,0.010,371.7376672021322
31962,0.795,0.015,368.57222186310815
31963,0.795,0.020,365.3908564348852
31964,0.795,0.025,362.19348086952346
31965,0.795,0.030,358.9800046208653
31966,0.795,0.035,355.75033664341794
31967,0.795,0.040,352.5043853916796
31968,0.795,0.045,349.24205881996386
31969,0.795,0.050,345.96326438278
31970,0.795,0.055,342.6679090358319
31971,0.795,0.060,339.35589923770505
31972,0.795,0.065,336.0271409523143
31973,0.795,0.070,332.6815396521924
31974,0.795,0.075,329.31900032270687
31975,0.795,0.080,325.9394274672957
31976,0.795,0.085,322.542725113827
31977,0.795,0.090,319.12879682218676
31978,0.795,0.095,315.6975456932168
31979,0.795,0.100,312.2488743791268
31980,0.795,0.105,308.7826850955207
31981,0.795,0.110,305.2988796351848
31982,0.795,0.115,301.79735938379997
31983,0.795,0.120,298.27802533775304
31984,0.795,0.125,294.7407781242367
31985,0.795,0.130,291.18551802384667
31986,0.795,0.135,287.6121449958998
31987,0.795,0.140,284.0205587067227
31988,0.795,0.145,280.4106585611789
31989,0.795,0.150,276.78234373773586
31990,0.795,0.155,273.1355132274004
31991,0.795,0.160,269.4700658768901
31992,0.795,0.165,265.7859004364519
31993,0.795,0.170,262.0829156127896
31994,0.795,0.175,258.3610101276249
31995,0.795,0.180,254.62008278249104
31996,0.795,0.185,250.86003253044828
31997,0.795,0.190,247.08075855552553
31998,0.795,0.195,243.28216036082608
31999,0.795,0.200,239.46413786641588
32000,0.795,0.205,235.6265915183218
32001,0.795,0.210,231.76942241025117
32002,0.795,0.215,227.8925324199817
32003,0.795,0.220,223.9958243628251
32004,0.795,0.225,220.07920216512557
32005,0.795,0.230,216.14257106148844
32006,0.795,0.235,212.18583782036552
32007,0.795,0.240,208.2089110038331
32008,0.795,0.245,204.21170126895322
32009,0.795,0.250,200.19412172012576
32010,0.795,0.255,196.15608832444497
32011,0.795,0.260,192.097520405454
32012,0.795,0.265,188.01834123507163
32013,0.795,0.270,183.9184787491427
32014,0.795,0.275,179.79786641942462
32015,0.795,0.280,175.65644432435576
32016,0.795,0.285,171.49416047329214
32017,0.795,0.290,167.31097245484898
32018,0.795,0.295,163.10684950056523
32019,0.795,0.300,158.88177508161152
32020,0.795,0.305,154.63575019029082
32021,0.795,0.310,150.36879750162086
32022,0.795,0.315,146.0809666657841
32023,0.795,0.320,141.77234105257125
32024,0.795,0.325,137.44304635758525
32025,0.795,0.330,133.09326159077136
32026,0.795,0.335,128.7232331050666
32027,0.795,0.340,124.33329249085803
32028,0.795,0.345,119.92387936431632
32029,0.795,0.350,115.49557031681339
32030,0.795,0.355,111.04911556793688
32031,0.795,0.360,106.5854851701049
32032,0.795,0.365,102.10592693384648
32033,0.795,0.370,97.61203855122002
32034,0.795,0.375,93.10585664245131
32035,0.795,0.380,88.5899655613947
32036,0.795,0.385,84.06762865521664
32037,0.795,0.390,79.54294412266083
32038,0.795,0.395,75.02102644096524
32039,0.795,0.400,70.50821227197419
32040,0.795,0.405,66.0122865214529
32041,0.795,0.410,61.54271953913747
32042,0.795,0.415,57.11090014757085
32043,0.795,0.420,52.730341366329256
32044,0.795,0.425,48.41682689613949
32045,0.795,0.430,44.18845785581199
32046,0.795,0.435,40.06555297456564
32047,0.795,0.440,36.07035431406659
32048,0.795,0.445,32.2264979805104
32049,0.795,0.450,28.558228154986747
32050,0.795,0.455,25.089364347773536
32051,0.795,0.460,21.84207399596074
32052,0.795,0.465,18.835548899999424
32053,0.795,0.470,16.084723914407093
32054,0.795,0.475,13.599197286966959
32055,0.795,0.480,11.38250385812066
32056,0.795,0.485,9.431851611891396
32057,0.795,0.490,7.738365084812355
32058,0.795,0.495,6.287800947916808
32059,0.795,0.500,5.0616307877995945
32060,0.795,0.505,4.038340222039214
32061,0.795,0.510,3.194780379092156
32062,0.795,0.515,2.5074258320017493
32063,0.795,0.520,1.9534327693115585
32064,0.795,0.525,1.5114395942343604
32065,0.795,0.530,1.1620975308144574
32066,0.795,0.535,0.8883535242593783
32067,0.795,0.540,0.6755288601315732
32068,0.795,0.545,0.5112454138160232
32069,0.795,0.550,0.3852503566728549
32070,0.795,0.555,0.2891831768688412
32071,0.795,0.560,0.21631928062772954
32072,0.795,0.565,0.1613145812561531
32073,0.795,0.570,0.11996676261119181
32074,0.795,0.575,0.08900194707765047
32075,0.795,0.580,0.06589040397594047
32076,0.795,0.585,0.048691502423424675
32077,0.795,0.590,0.035926015346655876
32078,0.795,0.595,0.026472771859488316
32079,0.795,0.600,0.019486225438297516
32080,0.795,0.605,0.014331508559003479
32081,0.795,0.610,0.01053379781723784
32082,0.795,0.615,0.007739190040834864
32083,0.795,0.620,0.005684706884041544
32084,0.795,0.625,0.004175452995821152
32085,0.795,0.630,0.003067324027023739
32086,0.795,0.635,0.002253983448068813
32087,0.795,0.640,0.0016570986474652913
32088,0.795,0.645,0.00121904963814091
32089,0.795,0.650,0.0008975031489808526
32090,0.795,0.655,0.0006613871708299044
32091,0.795,0.660,0.00048791244078823367
32092,0.795,0.665,0.00036037367563194263
32093,0.795,0.670,0.0002665296640069061
32094,0.795,0.675,0.00019741186143210237
32095,0.795,0.680,0.00014644940146895052
32096,0.795,0.685,0.000108827255357013
32097,0.795,0.690,8.101586918335448e-05
32098,0.795,0.695,6.042672357782396e-05
32099,0.795,0.700,4.516024246513606e-05
32100,0.795,0.705,3.382135644425541e-05
32101,0.795,0.710,2.538458776538749e-05
32102,0.795,0.715,1.9095360756414107e-05
32103,0.795,0.720,1.4397799648808844e-05
32104,0.795,0.725,1.088188842795565e-05
32105,0.795,0.730,8.24478285809382e-06
32106,0.795,0.735,6.262467438191692e-06
32107,0.795,0.740,4.768976006015406e-06
32108,0.795,0.745,3.6411445464156583e-06
32109,0.795,0.750,2.787412450301292e-06
32110,0.795,0.755,2.1395883375358086e-06
32111,0.795,0.760,1.6467884246190896e-06
32112,0.795,0.765,1.2709684378429773e-06
32113,0.795,0.770,9.836255568876125e-07
32114,0.795,0.775,7.63360388059428e-07
32115,0.795,0.780,5.940718699030829e-07
32116,0.795,0.785,4.63618591616474e-07
32117,0.795,0.790,3.628242966200543e-07
32118,0.795,0.795,2.8473775224187904e-07
32119,0.795,0.800,2.240809004076909e-07
32120,0.795,0.805,1.7683660220048404e-07
32121,0.795,0.810,1.3994005623445624e-07
32122,0.795,0.815,1.1104735050500454e-07
32123,0.795,0.820,8.836150710661039e-08
32124,0.795,0.825,7.050146145348042e-08
32125,0.795,0.830,5.640316645338723e-08
32126,0.795,0.835,4.524478145248885e-08
32127,0.795,0.840,3.638995477567581e-08
32128,0.795,0.845,2.9344727190206378e-08
32129,0.795,0.850,2.3724710851451993e-08
32130,0.795,0.855,1.923003654016394e-08
32131,0.795,0.860,1.5626186464438068e-08
32132,0.795,0.865,1.2729295958804373e-08
32133,0.795,0.870,1.039485590430795e-08
32134,0.795,0.875,8.509008775450626e-09
32135,0.795,0.880,6.981827199642483e-09
32136,0.795,0.885,5.742111318667992e-09
32137,0.795,0.890,4.733352333457932e-09
32138,0.795,0.895,3.91059350949794e-09
32139,0.795,0.900,3.237983408965912e-09
32140,0.795,0.905,2.6868642612576528e-09
32141,0.795,0.910,2.2342749705561818e-09
32142,0.795,0.915,1.861776121174957e-09
32143,0.795,0.920,1.5545256045072677e-09
32144,0.795,0.925,1.3005497520976448e-09
32145,0.795,0.930,1.090167323236373e-09
32146,0.795,0.935,9.155332664561284e-10
32147,0.795,0.940,7.702765425344641e-10
32148,0.795,0.945,6.492119792948362e-10
32149,0.795,0.950,5.481105213673401e-10
32150,0.795,0.955,4.635156409233166e-10
32151,0.795,0.960,3.9259631696069644e-10
32152,0.795,0.965,3.330290456550778e-10
32153,0.795,0.970,2.8290294611429967e-10
32154,0.795,0.975,2.40643277310459e-10
32155,0.795,0.980,2.0494966130865234e-10
32156,0.795,0.985,1.7474607618874232e-10
32157,0.795,0.990,1.4914028574037294e-10
32158,0.795,0.995,1.273908483977783e-10
32159,0.795,1.000,1.0888022301569539e-10
32160,0.800,0.000,375.67869151778916
32161,0.800,0.005,372.5236655906894
32162,0.800,0.010,369.3526090308441
32163,0.800,0.015,366.1654270705513
32164,0.800,0.020,362.9620242934978
32165,0.800,0.025,359.74230462782793
32166,0.800,0.030,356.5061713393743
32167,0.800,0.035,353.253527025093
32168,0.800,0.040,349.9842736067432
32169,0.800,0.045,346.69831232485944
32170,0.800,0.050,343.39554373306424
32171,0.800,0.055,340.07586769278004
32172,0.800,0.060,336.7391833683976
32173,0.800,0.065,333.3853892229671
32174,0.800,0.070,330.01438301448377
32175,0.800,0.075,326.62606179284575
32176,0.800,0.080,323.2203218975661
32177,0.800,0.085,319.7970589563341
32178,0.800,0.090,316.35616788452205
32179,0.800,0.095,312.89754288574704
32180,0.800,0.100,309.4210774536061
32181,0.800,0.105,305.9266643747097
32182,0.800,0.110,302.41419573315653
32183,0.800,0.115,298.8835629165975
32184,0.800,0.120,295.334656624057
32185,0.800,0.125,291.7673668756912
32186,0.800,0.130,288.1815830246815
32187,0.800,0.135,284.57719377148214
32188,0.800,0.140,280.95408718066057
32189,0.800,0.145,277.31215070059795
32190,0.800,0.150,273.65127118634416
32191,0.800,0.155,269.9713349259591
32192,0.800,0.160,266.27222767070987
32193,0.800,0.165,262.55383466954635
32194,0.800,0.170,258.8160407083328
32195,0.800,0.175,255.0587301543875
32196,0.800,0.180,251.2817870069678
32197,0.800,0.185,247.48509495444776
32198,0.800,0.190,243.66853743907043
32199,0.800,0.195,239.83199773032104
32200,0.800,0.200,235.97535900818832
32201,0.800,0.205,232.09850445783988
32202,0.800,0.210,228.20131737759192
32203,0.800,0.215,224.28368130248126
32204,0.800,0.220,220.3454801463228
32205,0.800,0.225,216.38659836585268
32206,0.800,0.230,212.40692115150227
32207,0.800,0.235,208.4063346505606
32208,0.800,0.240,204.38472623006163
32209,0.800,0.245,200.3419847887805
32210,0.800,0.250,196.27800113039092
32211,0.800,0.255,192.19266841330438
32212,0.800,0.260,188.08588269723685
32213,0.800,0.265,183.95754361243837
32214,0.800,0.270,179.80755518519962
32215,0.800,0.275,175.63582686324852
32216,0.800,0.280,171.4422747976612
32217,0.800,0.285,167.22682345482747
32218,0.800,0.290,162.98940765396463
32219,0.800,0.295,158.72997515410952
32220,0.800,0.300,154.44848995125423
32221,0.800,0.305,150.14493649360216
32222,0.800,0.310,145.81932508359412
32223,0.800,0.315,141.47169881280908
32224,0.800,0.320,137.10214247408794
32225,0.800,0.325,132.710794018964
32226,0.800,0.330,128.29785928283192
32227,0.800,0.335,123.86363089066009
32228,0.800,0.340,119.40851248735576
32229,0.800,0.345,114.9330497126479
32230,0.800,0.350,110.43796966074729
32231,0.800,0.355,105.92423092433238
32232,0.800,0.360,101.39308670460666
32233,0.800,0.365,96.8461638422916
32234,0.800,0.370,92.28556093221812
32235,0.800,0.375,87.7139688360219
32236,0.800,0.380,83.13481676611491
32237,0.800,0.385,78.5524464838662
32238,0.800,0.390,73.97231577331969
32239,0.800,0.395,69.40122989239123
32240,0.800,0.400,64.84759580107996
32241,0.800,0.405,60.321688280131276
32242,0.800,0.410,55.83590938811146
32243,0.800,0.415,51.405013201206735
32244,0.800,0.420,47.04625717698979
32245,0.800,0.425,42.779431404135856
32246,0.800,0.430,38.62671015872202
32247,0.800,0.435,34.61227032994615
32248,0.800,0.440,30.761632620271563
32249,0.800,0.445,27.1007074078523
32250,0.800,0.450,23.654568571136213
32251,0.800,0.455,20.446031549749566
32252,0.800,0.460,17.49416681374026
32253,0.800,0.465,14.812922316194905
32254,0.800,0.470,12.410042996921778
32255,0.800,0.475,10.286451442135284
32256,0.800,0.480,8.43619128269365
32257,0.800,0.485,6.846946327257056
32258,0.800,0.490,5.501055684444446
32259,0.800,0.495,4.376871880460706
32260,0.800,0.500,3.450272021063029
32261,0.800,0.505,2.696135953317618
32262,0.800,0.510,2.089642593873692
32263,0.800,0.515,1.6072911066929887
32264,0.800,0.520,1.2276113492438976
32265,0.800,0.525,0.9315758081615331
32266,0.800,0.530,0.7027570490412411
32267,0.800,0.535,0.5272900382232917
32268,0.800,0.540,0.39370070879327124
32269,0.800,0.545,0.29265542580193205
32270,0.800,0.550,0.2166749470584957
32271,0.800,0.555,0.1598444163374589
32272,0.800,0.560,0.11753994901287823
32273,0.800,0.565,0.08618347760905186
32274,0.800,0.570,0.06303095766473371
32275,0.800,0.575,0.04599459028843397
32276,0.800,0.580,0.033496995039294396
32277,0.800,0.585,0.024353821779062555
32278,0.800,0.590,0.017680722953566687
32279,0.800,0.595,0.012820596981818245
32280,0.800,0.600,0.009287321258774107
32281,0.800,0.605,0.006722655600458511
32282,0.800,0.610,0.004863508014171977
32283,0.800,0.615,0.0035172515337642796
32284,0.800,0.620,0.0025432301301435574
32285,0.800,0.625,0.001838979191740786
32286,0.800,0.630,0.0013300092407038096
32287,0.800,0.635,0.0009622643839610216
32288,0.800,0.640,0.0006965766027158495
32289,0.800,0.645,0.0005046015241384581
32290,0.800,0.650,0.00036584882216025405
32291,0.800,0.655,0.0002655181345707276
32292,0.800,0.660,0.00019292562558380008
32293,0.800,0.665,0.00014036227577389972
32294,0.800,0.670,0.00010226686578307507
32295,0.800,0.675,7.462778972158967e-05
32296,0.800,0.680,5.455091089885475e-05
32297,0.800,0.685,3.994768078815524e-05
32298,0.800,0.690,2.9310228201704894e-05
32299,0.800,0.695,2.154926003551445e-05
32300,0.800,0.700,1.587727693181891e-05
32301,0.800,0.705,1.1724452991005707e-05
32302,0.800,0.710,8.678045143927744e-06
32303,0.800,0.715,6.438744453070125e-06
32304,0.800,0.720,4.789222702393514e-06
32305,0.800,0.725,3.571456670801905e-06
32306,0.800,0.730,2.6703706926784576e-06
32307,0.800,0.735,2.002028261154559e-06
32308,0.800,0.740,1.5051001181133578e-06
32309,0.800,0.745,1.1346935186121326e-06
32310,0.800,0.750,8.578842012689374e-07
32311,0.800,0.755,6.504772149656406e-07
32312,0.800,0.760,4.946554485402097e-07
32313,0.800,0.765,3.7727009696040806e-07
32314,0.800,0.770,2.8859588281129225e-07
32315,0.800,0.775,2.2142318649511497e-07
32316,0.800,0.780,1.7039474513359611e-07
32317,0.800,0.785,1.3152015199919481e-07
32318,0.800,0.790,1.0181981998230804e-07
32319,0.800,0.795,7.906337010384751e-08
32320,0.800,0.800,6.157700952197634e-08
32321,0.800,0.805,4.810140703792048e-08
32322,0.800,0.810,3.76866007701488e-08
32323,0.800,0.815,2.9614116533338233e-08
32324,0.800,0.820,2.3339120724836957e-08
32325,0.800,0.825,1.844735477992952e-08
32326,0.800,0.830,1.462299881890287e-08
32327,0.800,0.835,1.1624633744858224e-08
32328,0.800,0.840,9.267217581947975e-09
32329,0.800,0.845,7.408538346565805e-09
32330,0.800,0.850,5.939006556747804e-09
32331,0.800,0.855,4.773945022364638e-09
32332,0.800,0.860,3.847750424782193e-09
32333,0.800,0.865,3.109461197286553e-09
32334,0.800,0.870,2.5193845114026535e-09
32335,0.800,0.875,2.0465228164061106e-09
32336,0.800,0.880,1.6666054515576978e-09
32337,0.800,0.885,1.3605792704033398e-09
32338,0.800,0.890,1.1134483247955714e-09
32339,0.800,0.895,9.1337964351884e-10
32340,0.800,0.900,7.510123559299249e-10
32341,0.800,0.905,6.189225883490437e-10
32342,0.800,0.910,5.112079816892145e-10
32343,0.800,0.915,4.2316429247123635e-10
32344,0.800,0.920,3.5103305095667043e-10
32345,0.800,0.925,2.9180418352010383e-10
32346,0.800,0.930,2.430612537437907e-10
32347,0.800,0.935,2.0285982827860414e-10
32348,0.800,0.940,1.6963164983859496e-10
32349,0.800,0.945,1.4210896360489716e-10
32350,0.800,0.950,1.1926461874817853e-10
32351,0.800,0.955,1.0026454658634835e-10
32352,0.800,0.960,8.442997132013918e-11
32353,0.800,0.965,7.120729150475158e-11
32354,0.800,0.970,6.014402069010985e-11
32355,0.800,0.975,5.08695247797068e-11
32356,0.800,0.980,4.307956477966192e-11
32357,0.800,0.985,3.6523864769075144e-11
32358,0.800,0.990,3.099608963955287e-11
32359,0.800,0.995,2.6325745963101493e-11
32360,0.800,1.000,2.2371620311539064e-11
32361,0.805,0.000,373.3643701428283
32362,0.805,0.005,370.18845215279964
32363,0.805,0.010,366.9962170774286
32364,0.805,0.015,363.7875644431667
32365,0.805,0.020,360.5623929721885
32366,0.805,0.025,357.3206005702371
32367,0.805,0.030,354.0620843144394
32368,0.805,0.035,350.7867404411219
32369,0.805,0.040,347.49446433366137
32370,0.805,0.045,344.1851505104089
32371,0.805,0.050,340.85869261272893
32372,0.805,0.055,337.51498339320074
32373,0.805,0.060,334.1539147040319
32374,0.805,0.065,330.77537748574116
32375,0.805,0.070,327.3792617561717
32376,0.805,0.075,323.96545659990255
32377,0.805,0.080,320.53385015813114
32378,0.805,0.085,317.08432961910955
32379,0.805,0.090,313.61678120922136
32380,0.805,0.095,310.13109018479713
32381,0.805,0.100,306.6271408247743
32382,0.805,0.105,303.104816424317
32383,0.805,0.110,299.56399928952516
32384,0.805,0.115,296.0045707333706
32385,0.805,0.120,292.426411073016
32386,0.805,0.125,288.829399628685
32387,0.805,0.130,285.21341472427173
32388,0.805,0.135,281.5783336898979
32389,0.805,0.140,277.92403286664853
32390,0.805,0.145,274.2503876137457
32391,0.805,0.150,270.5572723184512
32392,0.805,0.155,266.8445604090282
32393,0.805,0.160,263.11212437113585
32394,0.805,0.165,259.35983576808945
32395,0.805,0.170,255.587565265481
32396,0.805,0.175,251.79518266074413
32397,0.805,0.180,247.98255691834456
32398,0.805,0.185,244.14955621140905
32399,0.805,0.190,240.29604797076826
32400,0.805,0.195,236.42189894258792
32401,0.805,0.200,232.5269752560333
32402,0.805,0.205,228.61114250273334
32403,0.805,0.210,224.67426583025258
32404,0.805,0.215,220.71621005231813
32405,0.805,0.220,216.73683977927772
32406,0.805,0.225,212.73601957318274
32407,0.805,0.230,208.71361413310387
32408,0.805,0.235,204.6694885178589
32409,0.805,0.240,200.60350841538744
32410,0.805,0.245,196.51554047069223
32411,0.805,0.250,192.40545268778024
32412,0.805,0.255,188.27311492563715
32413,0.805,0.260,184.11839951429042
32414,0.805,0.265,179.94118202490446
32415,0.805,0.270,175.74134223818004
32416,0.805,0.275,171.51876536884
32417,0.805,0.280,167.27334362164854
32418,0.805,0.285,163.00497817746302
32419,0.805,0.290,158.71358173785956
32420,0.805,0.295,154.39908179591237
32421,0.805,0.300,150.06142485130167
32422,0.805,0.305,145.70058185323967
32423,0.805,0.310,141.31655523862312
32424,0.805,0.315,136.90938804004523
32425,0.805,0.320,132.47917567428277
32426,0.805,0.325,128.02608119285028
32427,0.805,0.330,123.550354988733
32428,0.805,0.335,119.05236021388451
32429,0.805,0.340,114.53260547540255
32430,0.805,0.345,109.99178674607312
32431,0.805,0.350,105.43084084207447
32432,0.805,0.355,100.8510132705439
32433,0.805,0.360,96.25394369718123
32434,0.805,0.365,91.64177266544225
32435,0.805,0.370,87.01727340904296
32436,0.805,0.375,82.38401247672566
32437,0.805,0.380,77.7465421982685
32438,0.805,0.385,73.1106264454257
32439,0.805,0.390,68.48349828072313
32440,0.805,0.395,63.87414348883456
32441,0.805,0.400,59.2935972254859
32442,0.805,0.405,54.75523185545801
32443,0.805,0.410,50.275002673296015
32444,0.805,0.415,45.871605567144506
32445,0.805,0.420,41.56648889801142
32446,0.805,0.425,37.38365441715257
32447,0.805,0.430,33.34918369655851
32448,0.805,0.435,29.490442516848322
32449,0.805,0.440,25.83494987134732
32450,0.805,0.445,22.408950829082766
32451,0.805,0.450,19.235797272210434
32452,0.805,0.455,16.33430397920624
32453,0.805,0.460,13.717290890165552
32454,0.805,0.465,11.390527350035468
32455,0.805,0.470,9.352250695162418
32456,0.805,0.475,7.593344422670455
32457,0.805,0.480,6.098150527657099
32458,0.805,0.485,4.845785684092071
32459,0.805,0.490,3.81175916152417
32460,0.805,0.495,2.9696670456565597
32461,0.805,0.500,2.2927614489086325
32462,0.805,0.505,1.7552505216538783
32463,0.805,0.510,1.3332549256636912
32464,0.805,0.515,1.0054107414055309
32465,0.805,0.520,0.7531561328540081
32466,0.805,0.525,0.5607658498372661
32467,0.805,0.530,0.4152060763130349
32468,0.805,0.535,0.30587751314388
32469,0.805,0.540,0.2243026919735675
32470,0.805,0.545,0.16379909936617743
32471,0.805,0.550,0.11916590741307266
32472,0.805,0.555,0.08640062056981136
32473,0.805,0.560,0.06245330695910113
32474,0.805,0.565,0.045020151810473245
32475,0.805,0.570,0.03237438672463252
32476,0.805,0.575,0.023230652426865544
32477,0.805,0.580,0.01663802416164505
32478,0.805,0.585,0.011896843465575208
32479,0.805,0.590,0.008494841787383243
32480,0.805,0.595,0.006058591996911431
32481,0.805,0.600,0.004316942848208915
32482,0.805,0.605,0.003073695784751501
32483,0.805,0.610,0.0021873292872626854
32484,0.805,0.615,0.0015560448483078393
32485,0.805,0.620,0.001106797486281245
32486,0.805,0.625,0.0007872877588881134
32487,0.805,0.630,0.0005601407275150615
32488,0.805,0.635,0.00039869072791770316
32489,0.805,0.640,0.0002839393057452676
32490,0.805,0.645,0.00020236641645602604
32491,0.805,0.650,0.0001443597603298878
32492,0.805,0.655,0.0001030903387739055
32493,0.805,0.660,7.370912233077338e-05
32494,0.805,0.665,5.2774157894398355e-05
32495,0.805,0.670,3.7842641310543794e-05
32496,0.805,0.675,2.7180830864904422e-05
32497,0.805,0.680,1.955798158668456e-05
32498,0.805,0.685,1.4100090187018952e-05
32499,0.805,0.690,1.0186158365529409e-05
32500,0.805,0.695,7.374647394145217e-06
32501,0.805,0.700,5.351351147706239e-06
32502,0.805,0.705,3.892453138946269e-06
32503,0.805,0.710,2.838342325166658e-06
32504,0.805,0.715,2.0750496968051644e-06
32505,0.805,0.720,1.521082157596692e-06
32506,0.805,0.725,1.1180790817526188e-06
32507,0.805,0.730,8.241768645302417e-07
32508,0.805,0.735,6.092925211795544e-07
32509,0.805,0.740,4.51767946821533e-07
32510,0.805,0.745,3.3597956961787956e-07
32511,0.805,0.750,2.5063350973288667e-07
32512,0.805,0.755,1.8754796384642838e-07
32513,0.805,0.760,1.4078226116191148e-07
32514,0.805,0.765,1.0601288130942989e-07
32515,0.805,0.770,8.008563643223187e-08
32516,0.805,0.775,6.069369676891575e-08
32517,0.805,0.780,4.614565232214428e-08
32518,0.805,0.785,3.5198098314995876e-08
32519,0.805,0.790,2.6934542165930408e-08
32520,0.805,0.795,2.06776258819523e-08
32521,0.805,0.800,1.59253558295703e-08
32522,0.805,0.805,1.230466720042418e-08
32523,0.805,0.810,9.53753121453374e-09
32524,0.805,0.815,7.416157339503658e-09
32525,0.805,0.820,5.784805146374461e-09
32526,0.805,0.825,4.526410546242436e-09
32527,0.805,0.830,3.552726947519375e-09
32528,0.805,0.835,2.7970387288237728e-09
32529,0.805,0.840,2.2087617714172445e-09
32530,0.805,0.845,1.7494317611686102e-09
32531,0.805,0.850,1.3897156275862464e-09
32532,0.805,0.855,1.1071792043202635e-09
32533,0.805,0.860,8.846152585337512e-10
32534,0.805,0.865,7.087878318371369e-10
32535,0.805,0.870,5.694866731068888e-10
32536,0.805,0.875,4.5881324865833977e-10
32537,0.805,0.880,3.7064014891186693e-10
32538,0.805,0.885,3.0020066969680376e-10
32539,0.805,0.890,2.437763777916469e-10
32540,0.805,0.895,1.9845862514447036e-10
32541,0.805,0.900,1.6196601931816897e-10
32542,0.805,0.905,1.3250434693476437e-10
32543,0.805,0.910,1.0865879005191877e-10
32544,0.805,0.915,8.931077125360093e-11
32545,0.805,0.920,7.357363121785e-11
32546,0.805,0.925,6.074274385840459e-11
32547,0.805,0.930,5.025672849734859e-11
32548,0.805,0.935,4.166721311827699e-11
32549,0.805,0.940,3.461520371470848e-11
32550,0.805,0.945,2.8812569984068135e-11
32551,0.805,0.950,2.4027503483041938e-11
32552,0.805,0.955,2.0073067738081856e-11
32553,0.805,0.960,1.679816086249572e-11
32554,0.805,0.965,1.4080365093757793e-11
32555,0.805,0.970,1.182027567140362e-11
32556,0.805,0.975,9.936992248167595e-12
32557,0.805,0.980,8.364525944035197e-12
32558,0.805,0.985,7.0489292001771005e-12
32559,0.805,0.990,5.945997423846059e-12
32560,0.805,0.995,5.019423891691646e-12
32561,0.805,1.000,4.239314653088858e-12
32562,0.810,0.000,371.0803854995578
32563,0.810,0.005,367.88386788045955
32564,0.810,0.010,364.67075011642396
32565,0.810,0.015,361.44092605386965
32566,0.810,0.020,358.1942885781119
32567,0.810,0.025,354.93072959586726
32568,0.810,0.030,351.6501400175243
32569,0.810,0.035,348.35240973920304
32570,0.810,0.040,345.03742762463
32571,0.810,0.045,341.70508148685667
32572,0.810,0.050,338.3552580698559
32573,0.810,0.055,334.98784303003214
32574,0.810,0.060,331.60272091768735
32575,0.810,0.065,328.1997751584881
32576,0.810,0.070,324.7788880349834
32577,0.810,0.075,321.33994066823476
32578,0.810,0.080,317.882812999612
32579,0.810,0.085,314.4073837728344
32580,0.810,0.090,310.91353051632524
32581,0.810,0.095,307.40112952596854
32582,0.810,0.100,303.87005584836083
32583,0.810,0.105,300.3201832646593
32584,0.810,0.110,296.75138427514383
32585,0.810,0.115,293.1635300846157
32586,0.810,0.120,289.5564905887779
32587,0.810,0.125,285.9301343617505
32588,0.810,0.130,282.2843286448978
32589,0.810,0.135,278.6189393371637
32590,0.810,0.140,274.9338309871361
32591,0.810,0.145,271.2288667870918
32592,0.810,0.150,267.503908569307
32593,0.810,0.155,263.7588168049615
32594,0.810,0.160,259.9934506060163
32595,0.810,0.165,256.207667730505
32596,0.810,0.170,252.40132459175877
32597,0.810,0.175,248.57427627218053
32598,0.810,0.180,244.7263765423045
32599,0.810,0.185,240.85747788602995
32600,0.810,0.190,236.9674315331156
32601,0.810,0.195,233.05608750026312
32602,0.810,0.200,229.1232946424477
32603,0.810,0.205,225.16890071655507
32604,0.810,0.210,221.19275245993006
32605,0.810,0.215,217.19469568712518
32606,0.810,0.220,213.17457540905448
32607,0.810,0.225,209.1322359799302
32608,0.810,0.230,205.0675212789159
32609,0.810,0.235,200.98027493545575
32610,0.810,0.240,196.87034060990655
32611,0.810,0.245,192.73756234460362
32612,0.810,0.250,188.58178500509877
32613,0.810,0.255,184.40285483737446
32614,0.810,0.260,180.2006201748195
32615,0.810,0.265,175.97493233925655
32616,0.810,0.270,171.72564679412602
32617,0.810,0.275,167.4526246260915
32618,0.810,0.280,163.1557344551628
32619,0.810,0.285,158.83485490466933
32620,0.810,0.290,154.48987780325297
32621,0.810,0.295,150.12071234429953
32622,0.810,0.300,145.7272904974133
32623,0.810,0.305,141.30957405603644
32624,0.810,0.310,136.86756382044373
32625,0.810,0.315,132.4013115624634
32626,0.810,0.320,127.91093560463271
32627,0.810,0.325,123.39664108009849
32628,0.810,0.330,118.8587462283452
32629,0.810,0.335,114.2977164325965
32630,0.810,0.340,109.71420812078922
32631,0.810,0.345,105.10912512976473
32632,0.810,0.350,100.48369065543808
32633,0.810,0.355,95.83953844299985
32634,0.810,0.360,91.17882734061256
32635,0.810,0.365,86.50438362916125
32636,0.810,0.370,81.81987546327106
32637,0.810,0.375,77.13002304098747
32638,0.810,0.380,72.44084638319839
32639,0.810,0.385,67.75994936676015
32640,0.810,0.390,63.09683336476909
32641,0.810,0.395,58.463225976693195
32642,0.810,0.400,53.87339957060617
32643,0.810,0.405,49.344440931665865
32644,0.810,0.410,44.89641840224793
32645,0.810,0.415,40.55237913576
32646,0.810,0.420,36.338100847129994
32647,0.810,0.425,32.281525667458524
32648,0.810,0.430,28.41182477228013
32649,0.810,0.435,24.758085824881974
32650,0.810,0.440,21.347680241467668
32651,0.810,0.445,18.204444866606107
32652,0.810,0.450,15.346884791460043
32653,0.810,0.455,12.786647086938943
32654,0.810,0.460,10.52750800142372
32655,0.810,0.465,8.565050157552843
32656,0.810,0.470,6.887092425251376
32657,0.810,0.475,5.474802536529236
32658,0.810,0.480,4.30430801870958
32659,0.810,0.485,3.3485547475974626
32660,0.810,0.490,2.5791565097173548
32661,0.810,0.495,1.9680253308751932
32662,0.810,0.500,1.4886491533177841
32663,0.810,0.505,1.1169656751281434
32664,0.810,0.510,0.8318494092708065
32665,0.810,0.515,0.6152735926979017
32666,0.810,0.520,0.4522288335613184
32667,0.810,0.525,0.33048141938133685
32668,0.810,0.530,0.24024319598132376
32669,0.810,0.535,0.17380849110054836
32670,0.810,0.540,0.1251965055732589
32671,0.810,0.545,0.08982272083704602
32672,0.810,0.550,0.06421133408602031
32673,0.810,0.555,0.04575262075784139
32674,0.810,0.560,0.03250396207675964
32675,0.810,0.565,0.023030381541436044
32676,0.810,0.570,0.01627913449768196
32677,0.810,0.575,0.011482623452633456
32678,0.810,0.580,0.008084240599739813
32679,0.810,0.585,0.005682369671409579
32680,0.810,0.590,0.003988518627420413
32681,0.810,0.595,0.002796287862902332
32682,0.810,0.600,0.001958544515977606
32683,0.810,0.605,0.0013707458085963251
32684,0.810,0.610,0.0009588278280488059
32685,0.810,0.615,0.0006704568831513463
32686,0.810,0.620,0.0004687400655132735
32687,0.810,0.625,0.0003277231384103534
32688,0.810,0.630,0.00022918024220263802
32689,0.810,0.635,0.00016033266071162553
32690,0.810,0.640,0.0001122328008315644
32691,0.810,0.645,7.862257924480691e-05
32692,0.810,0.650,5.512893663605515e-05
32693,0.810,0.655,3.869816143567138e-05
32694,0.810,0.660,2.7198896512818622e-05
32695,0.810,0.665,1.914399299752787e-05
32696,0.810,0.670,1.3495911000325836e-05
32697,0.810,0.675,9.530736052602496e-06
32698,0.810,0.680,6.74324913895482e-06
32699,0.810,0.685,4.780707624824837e-06
32700,0.810,0.690,3.3966801844153783e-06
32701,0.810,0.695,2.418874694527081e-06
32702,0.810,0.700,1.7267219732892267e-06
32703,0.810,0.705,1.2357571051779902e-06
32704,0.810,0.710,8.867351612865358e-07
32705,0.810,0.715,6.380435975042325e-07
32706,0.810,0.720,4.6041011566843893e-07
32707,0.810,0.725,3.332090619922388e-07
32708,0.810,0.730,2.4188137205936e-07
32709,0.810,0.735,1.7613058265244316e-07
32710,0.810,0.740,1.2866005203481834e-07
32711,0.810,0.745,9.428790191887802e-08
32712,0.810,0.750,6.93258269778377e-08
32713,0.810,0.755,5.1142435272997586e-08
32714,0.810,0.760,3.7855794297650487e-08
32715,0.810,0.765,2.811656702634176e-08
32716,0.810,0.770,2.095475730330375e-08
32717,0.810,0.775,1.5671191087922956e-08
32718,0.810,0.780,1.1760513981647106e-08
32719,0.810,0.785,8.856432402959244e-09
32720,0.810,0.790,6.692684223423209e-09
32721,0.810,0.795,5.075154936375156e-09
32722,0.810,0.800,3.861908021056209e-09
32723,0.810,0.805,2.948847387848546e-09
32724,0.810,0.810,2.2593970090030956e-09
32725,0.810,0.815,1.7370526381302046e-09
32726,0.810,0.820,1.3399919138736242e-09
32727,0.810,0.825,1.0371633498121584e-09
32728,0.810,0.830,8.054405645554052e-10
32729,0.810,0.835,6.275457967417877e-10
32730,0.810,0.840,4.905304433157856e-10
32731,0.810,0.845,3.84660010419977e-10
32732,0.810,0.850,3.025934762207282e-10
32733,0.810,0.855,2.387775753664848e-10
32734,0.810,0.860,1.889984127934978e-10
32735,0.810,0.865,1.500485700191585e-10
32736,0.810,0.870,1.1947923117375744e-10
32737,0.810,0.875,9.541507346618176e-11
32738,0.810,0.880,7.641562409016933e-11
32739,0.810,0.885,6.137111558540956e-11
32740,0.810,0.890,4.9424027130592574e-11
32741,0.810,0.895,3.9909804839551956e-11
32742,0.810,0.900,3.231194323271247e-11
32743,0.810,0.905,2.622785081520584e-11
32744,0.810,0.910,2.1342836559810758e-11
32745,0.810,0.915,1.741022899846584e-11
32746,0.810,0.920,1.4236139422527382e-11
32747,0.810,0.925,1.1667751714515672e-11
32748,0.810,0.930,9.584297715265227e-12
32749,0.810,0.935,7.89008316206432e-12
32750,0.810,0.940,6.509083671436225e-12
32751,0.810,0.945,5.380746074601466e-12
32752,0.810,0.950,4.456717599212211e-12
32753,0.810,0.955,3.698291169104523e-12
32754,0.810,0.960,3.074404852863482e-12
32755,0.810,0.965,2.5600712337453803e-12
32756,0.810,0.970,2.1351411647084026e-12
32757,0.810,0.975,1.7833282604437726e-12
32758,0.810,0.980,1.4914371882847445e-12
32759,0.810,0.985,1.248751638004226e-12
32760,0.810,0.990,1.0465476894981752e-12
32761,0.810,0.995,8.777058768963207e-13
32762,0.810,1.000,7.364011016234255e-13
32763,0.815,0.000,368.8289487901223
32764,0.815,0.005,365.61215570367534
32765,0.815,0.010,362.3784834950532
32766,0.815,0.015,359.12782037683724
32767,0.815,0.020,355.86005344327424
32768,0.815,0.025,352.57506864735353
32769,0.815,0.030,349.2727507774396
32770,0.815,0.035,345.9529834334745
32771,0.815,0.040,342.6156490027667
32772,0.815,0.045,339.26062863538726
32773,0.815,0.050,335.88780221919586
32774,0.815,0.055,332.4970483545235
32775,0.815,0.060,329.088244328542
32776,0.815,0.065,325.6612660893564
32777,0.815,0.070,322.21598821985714
32778,0.815,0.075,318.7522839113811
32779,0.815,0.080,315.27002493722523
32780,0.815,0.085,311.76908162607594
32781,0.815,0.090,308.24932283541204
32782,0.815,0.095,304.7106159249552
32783,0.815,0.100,301.15282673024643
32784,0.815,0.105,297.5758195364368
32785,0.815,0.110,293.9794570523942
32786,0.815,0.115,290.36360038523503
32787,0.815,0.120,286.72810901541106
32788,0.815,0.125,283.0728407724893
32789,0.815,0.130,279.3976518117907
32790,0.815,0.135,275.70239659206743
32791,0.815,0.140,271.9869278544314
32792,0.815,0.145,268.2510966027742
32793,0.815,0.150,264.4947520859586
32794,0.815,0.155,260.7177417821074
32795,0.815,0.160,256.9199113853747
32796,0.815,0.165,253.10110479565245
32797,0.815,0.170,249.2611641117583
32798,0.815,0.175,245.3999296287596
32799,0.815,0.180,241.5172398402343
32800,0.815,0.185,237.61293144644833
32801,0.815,0.190,233.686839369668
32802,0.815,0.195,229.73879677812144
32803,0.815,0.200,225.7686351205233
32804,0.815,0.205,221.7761841735768
32805,0.815,0.210,217.76127210554253
32806,0.815,0.215,213.72372555982312
32807,0.815,0.220,209.66336976366514
32808,0.815,0.225,205.58002866857274
32809,0.815,0.230,201.47352513100932
32810,0.815,0.235,197.34368114456998
32811,0.815,0.240,193.19031813824938
32812,0.815,0.245,189.01325735997983
32813,0.815,0.250,184.81232037062927
32814,0.815,0.255,180.58732968160356
32815,0.815,0.260,176.3381095797169
32816,0.815,0.265,172.06448719690596
32817,0.815,0.270,167.766293900736
32818,0.815,0.275,163.44336710590446
32819,0.815,0.280,159.09555263890786
32820,0.815,0.285,154.72270783007778
32821,0.815,0.290,150.32470556233835
32822,0.815,0.295,145.9014395781497
32823,0.815,0.300,141.45283143999566
32824,0.815,0.305,136.9788396614232
32825,0.815,0.310,132.4794716822011
32826,0.815,0.315,127.95479956107935
32827,0.815,0.320,123.40498051225629
32828,0.815,0.325,118.83028372683113
32829,0.815,0.330,114.2311253070816
32830,0.815,0.335,109.60811360510749
32831,0.815,0.340,104.96210779673973
32832,0.815,0.345,100.29429312187202
32833,0.815,0.350,95.60627684574678
32834,0.815,0.355,90.90020956788727
32835,0.815,0.360,86.17893689651957
32836,0.815,0.365,81.44618650799869
32837,0.815,0.370,76.70679490972455
32838,0.815,0.375,71.96697638159937
32839,0.815,0.380,67.23463301416271
32840,0.815,0.385,62.51969882435856
32841,0.815,0.390,57.83450196071711
32842,0.815,0.395,53.1941166015728
32843,0.815,0.400,48.616660526911105
32844,0.815,0.405,44.12347690397342
32845,0.815,0.410,39.739122741183046
32846,0.815,0.415,35.49107708332569
32847,0.815,0.420,31.409086616237936
32848,0.815,0.425,27.524092651471136
32849,0.815,0.430,23.866736624693758
32850,0.815,0.435,20.465519638385828
32851,0.815,0.440,17.344783051905836
32852,0.815,0.445,14.522758432992518
32853,0.815,0.450,12.009977204880926
32854,0.815,0.455,9.808309001551251
32855,0.815,0.460,7.91080673779842
32856,0.815,0.465,6.302394185770547
32857,0.815,0.470,4.961277500103552
32858,0.815,0.475,3.8608402529417156
32859,0.815,0.480,2.9717239561167403
32860,0.815,0.485,2.263810237460329
32861,0.815,0.490,1.7078905362571968
32862,0.815,0.495,1.2769049712864073
32863,0.815,0.500,0.9467247166959044
32864,0.815,0.505,0.6965222234077743
32865,0.815,0.510,0.5088137569952271
32866,0.815,0.515,0.36927166098801584
32867,0.815,0.520,0.26639734787070685
32868,0.815,0.525,0.19112906418838957
32869,0.815,0.530,0.13643814409078656
32870,0.815,0.535,0.09694840381764042
32871,0.815,0.540,0.06859784565470448
32872,0.815,0.545,0.04835056072290509
32873,0.815,0.550,0.03395929603041472
32874,0.815,0.555,0.023774805233691753
32875,0.815,0.560,0.016595977933210507
32876,0.815,0.565,0.011554083410247856
32877,0.815,0.570,0.008024683487450971
32878,0.815,0.575,0.005561447895693259
32879,0.815,0.580,0.0038469699610959537
32880,0.815,0.585,0.002656564972734874
32881,0.815,0.590,0.0018318484178241037
32882,0.815,0.595,0.0012615958587616882
32883,0.815,0.600,0.0008679699144243671
32884,0.815,0.605,0.0005966684462053422
32885,0.815,0.610,0.0004099153912189474
32886,0.815,0.615,0.0002814981808256378
32887,0.815,0.620,0.00019326956416553038
32888,0.815,0.625,0.0001326914906429809
32889,0.815,0.630,9.111683255187369e-05
32890,0.815,0.635,6.259120147066891e-05
32891,0.815,0.640,4.3019886527848e-05
32892,0.815,0.645,2.959018023710851e-05
32893,0.815,0.650,2.037174579736448e-05
32894,0.815,0.655,1.4040733920486741e-05
32895,0.815,0.660,9.68968207347066e-06
32896,0.815,0.665,6.696734698686168e-06
32897,0.815,0.670,4.635797949315339e-06
32898,0.815,0.675,3.2148881507883216e-06
32899,0.815,0.680,2.233866876251705e-06
32900,0.815,0.685,1.5554878922707326e-06
32901,0.815,0.690,1.085573900847118e-06
32902,0.815,0.695,7.594487818207552e-07
32903,0.815,0.700,5.32652688030971e-07
32904,0.815,0.705,3.7458778339964997e-07
32905,0.815,0.710,2.641686259831469e-07
32906,0.815,0.715,1.8684356117985315e-07
32907,0.815,0.720,1.325537938917662e-07
32908,0.815,0.725,9.433390278313317e-08
32909,0.815,0.730,6.73513175588107e-08
32910,0.815,0.735,4.8246362934563125e-08
32911,0.815,0.740,3.467825617389857e-08
32912,0.815,0.745,2.5012353254896847e-08
32913,0.815,0.750,1.810436881116194e-08
32914,0.815,0.755,1.315125308393238e-08
32915,0.815,0.760,9.587948814220197e-09
32916,0.815,0.765,7.0157743234453796e-09
32917,0.815,0.770,5.152642786361755e-09
32918,0.815,0.775,3.798384721193614e-09
32919,0.815,0.780,2.81053642269698e-09
32920,0.815,0.785,2.0873953882276886e-09
32921,0.815,0.790,1.5561322091670734e-09
32922,0.815,0.795,1.1644286134065108e-09
32923,0.815,0.800,8.745801805714106e-10
32924,0.815,0.805,6.593259373047895e-10
32925,0.815,0.810,4.988909138663532e-10
32926,0.815,0.815,3.7888287817648825e-10
32927,0.815,0.820,2.8879218102301685e-10
32928,0.815,0.825,2.2091859722442936e-10
32929,0.815,0.830,1.6960131401062636e-10
32930,0.815,0.835,1.3066474884091563e-10
32931,0.815,0.840,1.0101847176153074e-10
32932,0.815,0.845,7.836748176727778e-11
32933,0.815,0.850,6.100174103854797e-11
32934,0.815,0.855,4.7642803676744395e-11
32935,0.815,0.860,3.733169731459787e-11
32936,0.815,0.865,2.934670200955728e-11
32937,0.815,0.870,2.314286286205657e-11
32938,0.815,0.875,1.8307350354926975e-11
32939,0.815,0.880,1.4526412018956028e-11
32940,0.815,0.885,1.1560828323506046e-11
32941,0.815,0.890,9.227627087585208e-12
32942,0.815,0.895,7.386417894904716e-12
32943,0.815,0.900,5.9291474353866805e-12
32944,0.815,0.905,4.772395652283939e-12
32945,0.815,0.910,3.8515647549765966e-12
32946,0.815,0.915,3.1164826621817305e-12
32947,0.815,0.920,2.5280665593334906e-12
32948,0.815,0.925,2.0557833635827793e-12
32949,0.815,0.930,1.6757110537346126e-12
32950,0.815,0.935,1.3690543488727954e-12
32951,0.815,0.940,1.1210049677603762e-12
32952,0.815,0.945,9.19863969124758e-13
32953,0.815,0.950,7.563639956835756e-13
32954,0.815,0.955,6.231444268239004e-13
32955,0.815,0.960,5.14343819233803e-13
32956,0.815,0.965,4.2528256134986155e-13
32957,0.815,0.970,3.52215103141183e-13
32958,0.815,0.975,2.921359909482224e-13
32959,0.815,0.980,2.426276170728004e-13
32960,0.815,0.985,2.0174039508341667e-13
32961,0.815,0.990,1.678982023584013e-13
32962,0.815,0.995,1.3982355949865748e-13
32963,0.815,1.000,1.16478263532726e-13
32964,0.820,0.000,366.6122796023838
32965,0.820,0.005,363.37556655266394
32966,0.820,0.010,360.12170016320596
32967,0.820,0.015,356.8505630791026
32968,0.820,0.020,353.5620366702343
32969,0.820,0.025,350.25600100286533
32970,0.820,0.030,346.9323348105795
32971,0.820,0.035,343.5909154645611
32972,0.820,0.040,340.2316189432286
32973,0.820,0.045,336.8543198012306
32974,0.820,0.050,333.4588911378167
32975,0.820,0.055,330.04520456460136
32976,0.820,0.060,326.6131301727364
32977,0.820,0.065,323.162536499519
32978,0.820,0.070,319.6932904944591
32979,0.820,0.075,316.2052574848422
32980,0.820,0.080,312.6983011408187
32981,0.820,0.085,309.17228344006924
32982,0.820,0.090,305.62706463208906
32983,0.820,0.095,302.06250320215236
32984,0.820,0.100,298.4784558350175
32985,0.820,0.105,294.874777378449
32986,0.820,0.110,291.2513208066394
32987,0.820,0.115,287.60793718362726
32988,0.820,0.120,283.94447562682177
32989,0.820,0.125,280.2607832707612
32990,0.820,0.130,276.5567052312506
32991,0.820,0.135,272.83208457004986
32992,0.820,0.140,269.0867622603082
32993,0.820,0.145,265.3205771529781
32994,0.820,0.150,261.53336594448194
32995,0.820,0.155,257.7249631459562
32996,0.820,0.160,253.89520105446417
32997,0.820,0.165,250.04390972664757
32998,0.820,0.170,246.17091695539202
32999,0.820,0.175,242.27604825021123
33000,0.820,0.180,238.35912682222485
33001,0.820,0.185,234.41997357482055
33002,0.820,0.190,230.45840710137554
33003,0.820,0.195,226.4742436917741
33004,0.820,0.200,222.46729734994483
33005,0.820,0.205,218.4373798252597
33006,0.820,0.210,214.38430066147163
33007,0.820,0.215,210.30786726794483
33008,0.820,0.220,206.20788501937628
33009,0.820,0.225,202.08415739209684
33010,0.820,0.230,197.93648614755915
33011,0.820,0.235,193.76467157694975
33012,0.820,0.240,189.5685128252886
33013,0.820,0.245,185.34780831925383
33014,0.820,0.250,181.1023563307786
33015,0.820,0.255,176.83195571884147
33016,0.820,0.260,172.5364069056581
33017,0.820,0.265,168.21551316178977
33018,0.820,0.270,163.8690822989758
33019,0.820,0.275,159.4969289016857
33020,0.820,0.280,155.09887727096913
33021,0.820,0.285,150.6747653103734
33022,0.820,0.290,146.2244496576379
33023,0.820,0.295,141.74781246278604
33024,0.820,0.300,137.244770339651
33025,0.820,0.305,132.71528618178482
33026,0.820,0.310,128.15938474460518
33027,0.820,0.315,123.57717316444129
33028,0.820,0.320,118.96886792351935
33029,0.820,0.325,114.334830189231
33030,0.820,0.330,109.67561196474901
33031,0.820,0.335,104.99201608788681
33032,0.820,0.340,100.28517379396716
33033,0.820,0.345,95.55664428015515
33034,0.820,0.350,90.80854139707213
33035,0.820,0.355,86.04369311094163
33036,0.820,0.360,81.26583949874416
33037,0.820,0.365,76.47987441095971
33038,0.820,0.370,71.69213406121543
33039,0.820,0.375,66.91073201640302
33040,0.820,0.380,62.14593357188433
33041,0.820,0.385,57.41055250363904
33042,0.820,0.390,52.720339149477965
33043,0.820,0.395,48.09431086042454
33044,0.820,0.400,43.55495563990109
33045,0.820,0.405,39.12822095081078
33046,0.820,0.410,34.84318858506848
33047,0.820,0.415,30.731341910901428
33048,0.820,0.420,26.82536306842714
33049,0.820,0.425,23.157460864182976
33050,0.820,0.430,19.757322787109825
33051,0.820,0.435,16.64989117861849
33052,0.820,0.440,13.853255155152693
33053,0.820,0.445,11.376991145456556
33054,0.820,0.450,9.221248609226928
33055,0.820,0.455,7.376759887090673
33056,0.820,0.460,5.825781177600108
33057,0.820,0.465,4.543795360434717
33058,0.820,0.470,3.5016793470969407
33059,0.820,0.475,2.667991728254761
33060,0.820,0.480,2.0110723952635152
33061,0.820,0.485,1.5007392873305672
33062,0.820,0.490,1.1094813651555278
33063,0.820,0.495,0.8131485310796506
33064,0.820,0.500,0.5912094726255894
33065,0.820,0.505,0.42668311187581615
33066,0.820,0.510,0.3058546398242964
33067,0.820,0.515,0.2178734801159278
33068,0.820,0.520,0.15430812869139893
33069,0.820,0.525,0.10870914667361602
33070,0.820,0.530,0.07621098255006174
33071,0.820,0.535,0.053187530136972236
33072,0.820,0.540,0.03696548661132669
33073,0.820,0.545,0.025592903642695834
33074,0.820,0.550,0.017656785364039647
33075,0.820,0.555,0.012142182348326515
33076,0.820,0.560,0.008325148471430404
33077,0.820,0.565,0.0056925727035214745
33078,0.820,0.570,0.0038828708469991363
33079,0.820,0.575,0.002642576063269061
33080,0.820,0.580,0.0017948635974898508
33081,0.820,0.585,0.001216918289828871
33082,0.820,0.590,0.0008237813423433651
33083,0.820,0.595,0.0005568983923095182
33084,0.820,0.600,0.00037604956669539676
33085,0.820,0.605,0.0002536938703909355
33086,0.820,0.610,0.0001710253401434589
33087,0.820,0.615,0.00011523536629267422
33088,0.820,0.620,7.762018125546678e-05
33089,0.820,0.625,5.227755942889756e-05
33090,0.820,0.630,3.521239278015098e-05
33091,0.820,0.635,2.3724806294422347e-05
33092,0.820,0.640,1.599276327839827e-05
33093,0.820,0.645,1.078808123153357e-05
33094,0.820,0.650,7.283668964992646e-06
33095,0.820,0.655,4.92295678755008e-06
33096,0.820,0.660,3.331617752558297e-06
33097,0.820,0.665,2.2579788945103226e-06
33098,0.820,0.670,1.5328546019708265e-06
33099,0.820,0.675,1.0425036191413174e-06
33100,0.820,0.680,7.104393076815845e-07
33101,0.820,0.685,4.852039958189699e-07
33102,0.820,0.690,3.321563605866932e-07
33103,0.820,0.695,2.2795644866843837e-07
33104,0.820,0.700,1.5686274358064073e-07
33105,0.820,0.705,1.0824575409658981e-07
33106,0.820,0.710,7.491804128969022e-08
33107,0.820,0.715,5.201210316187804e-08
33108,0.820,0.720,3.622591155009222e-08
33109,0.820,0.725,2.5315232288317316e-08
33110,0.820,0.730,1.7751669064455488e-08
33111,0.820,0.735,1.249206588762879e-08
33112,0.820,0.740,8.82279736792643e-09
33113,0.820,0.745,6.254469666616403e-09
33114,0.820,0.750,4.450594258860079e-09
33115,0.820,0.755,3.179186715236128e-09
33116,0.820,0.760,2.2798581501886247e-09
33117,0.820,0.765,1.6413935819007129e-09
33118,0.820,0.770,1.18644141235135e-09
33119,0.820,0.775,8.610341498049661e-10
33120,0.820,0.780,6.273981675019873e-10
33121,0.820,0.785,4.5900746436855284e-10
33122,0.820,0.790,3.371719558739108e-10
33123,0.820,0.795,2.486776662823446e-10
33124,0.820,0.800,1.8414980530593788e-10
33125,0.820,0.805,1.3691392648883518e-10
33126,0.820,0.810,1.0220120640609635e-10
33127,0.820,0.815,7.659214095122508e-11
33128,0.820,0.820,5.7625900376433157e-11
33129,0.820,0.825,4.352512886503148e-11
33130,0.820,0.830,3.300143837172523e-11
33131,0.820,0.835,2.511748052258162e-11
33132,0.820,0.840,1.9188811891134323e-11
33133,0.820,0.845,1.4713836455509536e-11
33134,0.820,0.850,1.1323622224295055e-11
33135,0.820,0.855,8.745831376269382e-12
33136,0.820,0.860,6.778705866033674e-12
33137,0.820,0.865,5.2722408890455796e-12
33138,0.820,0.870,4.114513415904724e-12
33139,0.820,0.875,3.2217201956286645e-12
33140,0.820,0.880,2.5308939035230052e-12
33141,0.820,0.885,1.994559290637226e-12
33142,0.820,0.890,1.5767993193382966e-12
33143,0.820,0.895,1.2503494795760174e-12
33144,0.820,0.900,9.944443538710886e-13
33145,0.820,0.905,7.932163677224004e-13
33146,0.820,0.910,6.345012010267799e-13
33147,0.820,0.915,5.089436652119854e-13
33148,0.820,0.920,4.0932630568341897e-13
33149,0.820,0.925,3.3006362483240114e-13
33150,0.820,0.930,2.6681986967195594e-13
33151,0.820,0.935,2.162192847823499e-13
33152,0.820,0.940,1.7562578280820483e-13
33153,0.820,0.945,1.4297488846892298e-13
33154,0.820,0.950,1.1664516690365106e-13
33155,0.820,0.955,9.535956633451321e-14
33156,0.820,0.960,7.810949216006177e-14
33157,0.820,0.965,6.409620546147676e-14
33158,0.820,0.970,5.2685462427094485e-14
33159,0.820,0.975,4.337230394310875e-14
33160,0.820,0.980,3.575364648552831e-14
33161,0.820,0.985,2.950688615380231e-14
33162,0.820,0.990,2.4373149716291438e-14
33163,0.820,0.995,2.0144146361469804e-14
33164,0.820,1.000,1.6651816741336875e-14
33165,0.825,0.000,364.4325969809961
33166,0.825,0.005,361.17635020002166
33167,0.825,0.010,357.9026812796863
33168,0.825,0.015,354.61146738360185
33169,0.825,0.020,351.30258424439194
33170,0.825,0.025,347.97590612978706
33171,0.825,0.030,344.63130580784184
33172,0.825,0.035,341.26865451126685
33173,0.825,0.040,337.8878219008755
33174,0.825,0.045,334.4886760281444
33175,0.825,0.050,331.07108329688896
33176,0.825,0.055,327.6349084240606
33177,0.825,0.060,324.1800143996708
33178,0.825,0.065,320.7062624458556
33179,0.825,0.070,317.2135119750918
33180,0.825,0.075,313.7016205475881
33181,0.825,0.080,310.1704438278682
33182,0.825,0.085,306.6198355405807
33183,0.825,0.090,303.04964742556473
33184,0.825,0.095,299.4597291922156
33185,0.825,0.100,295.8499284731973
33186,0.825,0.105,292.22009077755973
33187,0.825,0.110,288.5700594433284
33188,0.825,0.115,284.89967558964537
33189,0.825,0.120,281.2087780685561
33190,0.825,0.125,277.4972034165517
33191,0.825,0.130,273.76478580599786
33192,0.825,0.135,270.0113569966052
33193,0.825,0.140,266.2367462871261
33194,0.825,0.145,262.44078046750053
33195,0.825,0.150,258.6232837717179
33196,0.825,0.155,254.7840778317218
33197,0.825,0.160,250.9229816327557
33198,0.825,0.165,247.0398114706422
33199,0.825,0.170,243.13438091160575
33200,0.825,0.175,239.20650075540507
33201,0.825,0.180,235.25597900273812
33202,0.825,0.185,231.28262082814211
33203,0.825,0.190,227.28622855995295
33204,0.825,0.195,223.2666016693248
33205,0.825,0.200,219.22353677090706
33206,0.825,0.205,215.1568276385331
33207,0.825,0.210,211.0662652403092
33208,0.825,0.215,206.9516377988318
33209,0.825,0.220,202.81273088406724
33210,0.825,0.225,198.6493275488074
33211,0.825,0.230,194.46120851980078
33212,0.825,0.235,190.248152461893
33213,0.825,0.240,186.00993633816705
33214,0.825,0.245,181.74633589662085
33215,0.825,0.250,177.45712632399466
33216,0.825,0.255,173.14208312081493
33217,0.825,0.260,168.80098326967396
33218,0.825,0.265,164.43360679271004
33219,0.825,0.270,160.03973882615523
33220,0.825,0.275,155.6191723822516
33221,0.825,0.280,151.17171202516934
33222,0.825,0.285,146.69717876213244
33223,0.825,0.290,142.19541654933587
33224,0.825,0.295,137.6663009414459
33225,0.825,0.300,133.1097505822218
33226,0.825,0.305,128.52574245263355
33227,0.825,0.310,123.91433207409045
33228,0.825,0.315,119.2756802217445
33229,0.825,0.320,114.61008815015417
33230,0.825,0.325,109.91804388275655
33231,0.825,0.330,105.20028277308418
33232,0.825,0.335,100.45786630168824
33233,0.825,0.340,95.69228389564292
33234,0.825,0.345,90.90558337282272
33235,0.825,0.350,86.1005362797448
33236,0.825,0.355,81.2808446694398
33237,0.825,0.360,76.45139537597639
33238,0.825,0.365,71.61856602957783
33239,0.825,0.370,66.79058316665758
33240,0.825,0.375,61.97792589634288
33241,0.825,0.380,57.19375771632743
33242,0.825,0.385,52.4543535014043
33243,0.825,0.390,47.77946847464573
33244,0.825,0.395,43.19257274759612
33245,0.825,0.400,38.720852932075715
33246,0.825,0.405,34.39486875521657
33247,0.825,0.410,30.24775790455072
33248,0.825,0.415,26.313917701149204
33249,0.825,0.420,22.6271650756438
33250,0.825,0.425,19.218483815103724
33251,0.825,0.430,16.11359125045558
33252,0.825,0.435,13.330660293034201
33253,0.825,0.440,10.87857480278387
33254,0.825,0.445,8.756045475283042
33255,0.825,0.450,6.951768446265026
33256,0.825,0.455,5.445605730614937
33257,0.825,0.460,4.210567329674684
33258,0.825,0.465,3.2152404534696055
33259,0.825,0.470,2.42627561270513
33260,0.825,0.475,1.8105976076608268
33261,0.825,0.480,1.3371268475966247
33262,0.825,0.485,0.977928073078805
33263,0.825,0.490,0.7088132951599401
33264,0.825,0.495,0.5094955378458582
33265,0.825,0.500,0.3634188687886317
33266,0.825,0.505,0.2573878893310058
33267,0.825,0.510,0.1810993135482143
33268,0.825,0.515,0.12665086257887842
33269,0.825,0.520,0.08807610287450751
33270,0.825,0.525,0.0609320191691711
33271,0.825,0.530,0.041950236516047575
33272,0.825,0.535,0.028752472990627664
33273,0.825,0.540,0.01962488459294435
33274,0.825,0.545,0.013343187652122427
33275,0.825,0.550,0.009039698410734355
33276,0.825,0.555,0.006103861270323142
33277,0.825,0.560,0.004108853453950473
33278,0.825,0.565,0.002758076617975823
33279,0.825,0.570,0.001846555856099292
33280,0.825,0.575,0.0012333517261217941
33281,0.825,0.580,0.0008220070759735202
33282,0.825,0.585,0.0005467922925150952
33283,0.825,0.590,0.0003630950782955891
33284,0.825,0.595,0.00024074741178730592
33285,0.825,0.600,0.00015941817230708945
33286,0.825,0.605,0.0001054484878989967
33287,0.825,0.610,6.968840860454638e-05
33288,0.825,0.615,4.602457459060722e-05
33289,0.825,0.620,3.0382225548939512e-05
33290,0.825,0.625,2.005125843081877e-05
33291,0.825,0.630,1.3232679001560072e-05
33292,0.825,0.635,8.734337335205252e-06
33293,0.825,0.640,5.767401084018749e-06
33294,0.825,0.645,3.810572505808085e-06
33295,0.825,0.650,2.5197172452265262e-06
33296,0.825,0.655,1.6678465319028891e-06
33297,0.825,0.660,1.1053342483092792e-06
33298,0.825,0.665,7.335912361092285e-07
33299,0.825,0.670,4.876701898178095e-07
33300,0.825,0.675,3.247858370522518e-07
33301,0.825,0.680,2.1674662612731514e-07
33302,0.825,0.685,1.4496917408648413e-07
33303,0.825,0.690,9.719602251957745e-08
33304,0.825,0.695,6.533558540008302e-08
33305,0.825,0.700,4.4040852856811224e-08
33306,0.825,0.705,2.97741529158898e-08
33307,0.825,0.710,2.0191597148278207e-08
33308,0.825,0.715,1.3737754157421556e-08
33309,0.825,0.720,9.378579814388243e-09
33310,0.825,0.725,6.4252964335238764e-09
33311,0.825,0.730,4.4181284448253705e-09
33312,0.825,0.735,3.0494577238789093e-09
33313,0.825,0.740,2.1129617350514917e-09
33314,0.825,0.745,1.4698957190244247e-09
33315,0.825,0.750,1.0267008181638475e-09
33316,0.825,0.755,7.201050454864675e-10
33317,0.825,0.760,5.071891048081991e-10
33318,0.825,0.765,3.5874774524772096e-10
33319,0.825,0.770,2.54842788902397e-10
33320,0.825,0.775,1.8181673253032542e-10
33321,0.825,0.780,1.3028186368230301e-10
33322,0.825,0.785,9.376245877067225e-11
33323,0.825,0.790,6.777529352168436e-11
33324,0.825,0.795,4.920509562732724e-11
33325,0.825,0.800,3.587900920437011e-11
33326,0.825,0.805,2.627572519461192e-11
33327,0.825,0.810,1.9326005935479903e-11
33328,0.825,0.815,1.4275425768679615e-11
33329,0.825,0.820,1.0589597782902672e-11
33330,0.825,0.825,7.8885068911198e-12
33331,0.825,0.830,5.900848630160668e-12
33332,0.825,0.835,4.432164670236406e-12
33333,0.825,0.840,3.3425254727534624e-12
33334,0.825,0.845,2.5308423603165803e-12
33335,0.825,0.850,1.9237990346095932e-12
33336,0.825,0.855,1.4680133771474207e-12
33337,0.825,0.860,1.1244661671857517e-12
33338,0.825,0.865,8.645263588449014e-13
33339,0.825,0.870,6.671048434902615e-13
33340,0.825,0.875,5.166087325780575e-13
33341,0.825,0.880,4.014655641143527e-13
33342,0.825,0.885,3.1305472834729794e-13
33343,0.825,0.890,2.449309083605651e-13
33344,0.825,0.895,1.9225767705424045e-13
33345,0.825,0.900,1.5139288126525427e-13
33346,0.825,0.905,1.195840466002117e-13
33347,0.825,0.910,9.47438120783572e-14
33348,0.825,0.915,7.52837838757038e-14
33349,0.825,0.920,5.999118342522032e-14
33350,0.825,0.925,4.793694906287855e-14
33351,0.825,0.930,3.840704090126114e-14
33352,0.825,0.935,3.085091545483322e-14
33353,0.825,0.940,2.4842751129525674e-14
33354,0.825,0.945,2.0052173468759584e-14
33355,0.825,0.950,1.622208133720201e-14
33356,0.825,0.955,1.3151798150033986e-14
33357,0.825,0.960,1.0684229132689445e-14
33358,0.825,0.965,8.696041920685853e-15
33359,0.825,0.970,7.090135606357038e-15
33360,0.825,0.975,5.78984776859847e-15
33361,0.825,0.980,4.734484887294268e-15
33362,0.825,0.985,3.875863677221146e-15
33363,0.825,0.990,3.175626784880146e-15
33364,0.825,0.995,2.6031533393898262e-15
33365,0.825,1.000,2.133927767972058e-15
33366,0.830,0.000,362.29211017126033
33367,0.830,0.005,359.0167457746083
33368,0.830,0.010,355.7236964892132
33369,0.830,0.015,352.41283410211867
33370,0.830,0.020,349.08402881543265
33371,0.830,0.025,345.73714920693726
33372,0.830,0.030,342.3720621895977
33373,0.830,0.035,338.9886329699565
33374,0.830,0.040,335.58672500540064
33375,0.830,0.045,332.16619996029124
33376,0.830,0.050,328.7269176609464
33377,0.830,0.055,325.2687360494703
33378,0.830,0.060,321.79151113642445
33379,0.830,0.065,318.2950969523394
33380,0.830,0.070,314.77934549806764
33381,0.830,0.075,311.24410669398446
33382,0.830,0.080,307.6892283280416
33383,0.830,0.085,304.1145560026936
33384,0.830,0.090,300.519933080708
33385,0.830,0.095,296.9052006298915
33386,0.830,0.100,293.270197366759
33387,0.830,0.105,289.61475959918863
33388,0.830,0.110,285.9387211681116
33389,0.830,0.115,282.2419133883013
33390,0.830,0.120,278.52416498833486
33391,0.830,0.125,274.78530204982263
33392,0.830,0.130,271.0251479460207
33393,0.830,0.135,267.2435232799638
33394,0.830,0.140,263.4402458222944
33395,0.830,0.145,259.6151304489986
33396,0.830,0.150,255.76798907931283
33397,0.830,0.155,251.89863061413004
33398,0.830,0.160,248.00686087531668
33399,0.830,0.165,244.09248254645692
33400,0.830,0.170,240.15529511568226
33401,0.830,0.175,236.1950948214203
33402,0.830,0.180,232.21167460213542
33403,0.830,0.185,228.20482405143892
33404,0.830,0.190,224.17432938035725
33405,0.830,0.195,220.11997338907653
33406,0.830,0.200,216.0415354512025
33407,0.830,0.205,211.9387915145066
33408,0.830,0.210,207.81151412339892
33409,0.830,0.215,203.65947247002904
33410,0.830,0.220,199.48243248316436
33411,0.830,0.225,195.28015696697494
33412,0.830,0.230,191.05240580586042
33413,0.830,0.235,186.79893625681268
33414,0.830,0.240,182.5195033579933
33415,0.830,0.245,178.2138604918411
33416,0.830,0.250,173.8817601539496
33417,0.830,0.255,169.52295499628548
33418,0.830,0.260,165.1371992365516
33419,0.830,0.265,160.724250556607
33420,0.830,0.270,156.28387265446784
33421,0.830,0.275,151.81583866996075
33422,0.830,0.280,147.3199357780793
33423,0.830,0.285,142.79597134230815
33424,0.830,0.290,138.24378115003702
33425,0.830,0.295,133.6632404230038
33426,0.830,0.300,129.05427851893722
33427,0.830,0.305,124.41689852988021
33428,0.830,0.310,119.75120335365747
33429,0.830,0.315,115.05743028418844
33430,0.830,0.320,110.33599674920832
33431,0.830,0.325,105.58756053061354
33432,0.830,0.330,100.81309863071904
33433,0.830,0.335,96.01400987062571
33434,0.830,0.340,91.19224725527438
33435,0.830,0.345,86.35048697459679
33436,0.830,0.350,81.49234138555055
33437,0.830,0.355,76.62262303693734
33438,0.830,0.360,71.7476651568856
33439,0.830,0.365,66.87570018409335
33440,0.830,0.370,62.017290827275914
33441,0.830,0.375,57.18579661898593
33442,0.830,0.380,52.39784203551481
33443,0.830,0.385,47.6737298347124
33444,0.830,0.390,43.0377169009009
33445,0.830,0.395,38.51804404304068
33446,0.830,0.400,34.146594158896846
33447,0.830,0.405,29.95805696462784
33448,0.830,0.410,25.98851649025945
33449,0.830,0.415,22.273459086891243
33450,0.830,0.420,18.84532209303035
33451,0.830,0.425,15.730844703122493
33452,0.830,0.430,12.94860137151745
33453,0.830,0.435,10.507144142881923
33454,0.830,0.440,8.404117161371802
33455,0.830,0.445,6.626534503838822
33456,0.830,0.450,5.152176729839361
33457,0.830,0.455,3.9518368954728236
33458,0.830,0.460,2.9920040215468497
33459,0.830,0.465,2.237546458389201
33460,0.830,0.470,1.6540379917551158
33461,0.830,0.475,1.2095110245480971
33462,0.830,0.480,0.875570661025375
33463,0.830,0.485,0.6279214567114912
33464,0.830,0.490,0.4464279474605605
33465,0.830,0.495,0.3148533117049776
33466,0.830,0.500,0.22041085321244572
33467,0.830,0.505,0.15323585850516738
33468,0.830,0.510,0.10585327282493023
33469,0.830,0.515,0.07268733945116479
33470,0.830,0.520,0.049636407725153465
33471,0.830,0.525,0.03372018241098978
33472,0.830,0.530,0.022796852768835453
33473,0.830,0.535,0.015342323778661232
33474,0.830,0.540,0.010281696820953956
33475,0.830,0.545,0.0068629979848367955
33476,0.830,0.550,0.004564043192940964
33477,0.830,0.555,0.0030246727386343277
33478,0.830,0.560,0.0019980276315804853
33479,0.830,0.565,0.0013158832881860873
33480,0.830,0.570,0.0008642150636169738
33481,0.830,0.575,0.000566120424746706
33482,0.830,0.580,0.0003699738617961927
33483,0.830,0.585,0.00024126838807364483
33484,0.830,0.590,0.00015703213957663983
33485,0.830,0.595,0.00010202979014025262
33486,0.830,0.600,6.61923191262392e-05
33487,0.830,0.605,4.288670470514028e-05
33488,0.830,0.610,2.7756531220250974e-05
33489,0.830,0.615,1.7948528251896414e-05
33490,0.830,0.620,1.1598668957613631e-05
33491,0.830,0.625,7.4920121237009296e-06
33492,0.830,0.630,4.838335230420175e-06
33493,0.830,0.635,3.1246221590787615e-06
33494,0.830,0.640,2.018369496931685e-06
33495,0.830,0.645,1.3043781103309709e-06
33496,0.830,0.650,8.435374552907786e-07
33497,0.830,0.655,5.460114947280614e-07
33498,0.830,0.660,3.538295803151472e-07
33499,0.830,0.665,2.296039956684792e-07
33500,0.830,0.670,1.4922962507675792e-07
33501,0.830,0.675,9.716667208399655e-08
33502,0.830,0.680,6.339592604708688e-08
33503,0.830,0.685,4.145534465772853e-08
33504,0.830,0.690,2.7174795596101155e-08
33505,0.830,0.695,1.786107846784827e-08
33506,0.830,0.700,1.17731060469134e-08
33507,0.830,0.705,7.783944061658801e-09
33508,0.830,0.710,5.163135443391891e-09
33509,0.830,0.715,3.436439160876506e-09
33510,0.830,0.720,2.295394200180717e-09
33511,0.830,0.725,1.5389596594362518e-09
33512,0.830,0.730,1.0358141730077488e-09
33513,0.830,0.735,6.999704389510041e-10
33514,0.830,0.740,4.749790485272418e-10
33515,0.830,0.745,3.2367915677183025e-10
33516,0.830,0.750,2.2153585834826728e-10
33517,0.830,0.755,1.523002643885021e-10
33518,0.830,0.760,1.0517626183658986e-10
33519,0.830,0.765,7.296645081558834e-11
33520,0.830,0.770,5.085574456610391e-11
33521,0.830,0.775,3.561115251665596e-11
33522,0.830,0.780,2.505384230783985e-11
33523,0.830,0.785,1.7709788130673728e-11
33524,0.830,0.790,1.2577868721251313e-11
33525,0.830,0.795,8.97542690251209e-12
33526,0.830,0.800,6.435069119862425e-12
33527,0.830,0.805,4.635464615014113e-12
33528,0.830,0.810,3.3547770627254417e-12
33529,0.830,0.815,2.4392118877464788e-12
33530,0.830,0.820,1.7816934563881638e-12
33531,0.830,0.825,1.3073546528769537e-12
33532,0.830,0.830,9.636242258701761e-13
33533,0.830,0.835,7.134285733240209e-13
33534,0.830,0.840,5.305110081040633e-13
33535,0.830,0.845,3.961961279334764e-13
33536,0.830,0.850,2.9714416024644463e-13
33537,0.830,0.855,2.2378611276539762e-13
33538,0.830,0.860,1.6922892990346696e-13
33539,0.830,0.865,1.2848639167632154e-13
33540,0.830,0.870,9.793665660021862e-14
33541,0.830,0.875,7.493811743291213e-14
33542,0.830,0.880,5.755627441593177e-14
33543,0.830,0.885,4.436876567576411e-14
33544,0.830,0.890,3.432563644728802e-14
33545,0.830,0.895,2.664880166018654e-14
33546,0.830,0.900,2.0759425300688616e-14
33547,0.830,0.905,1.6225261258570037e-14
33548,0.830,0.910,1.2722322119385575e-14
33549,0.830,0.915,1.0006871348134236e-14
33550,0.830,0.920,7.894882108539995e-15
33551,0.830,0.925,6.246915339373421e-15
33552,0.830,0.930,4.9569477670681265e-15
33553,0.830,0.935,3.94408747241613e-15
33554,0.830,0.940,3.1464091036757944e-15
33555,0.830,0.945,2.5163502558576242e-15
33556,0.830,0.950,2.0172617797802743e-15
33557,0.830,0.955,1.6208139772129034e-15
33558,0.830,0.960,1.3050397863382968e-15
33559,0.830,0.965,1.0528536847088319e-15
33560,0.830,0.970,8.509269299369104e-16
33561,0.830,0.975,6.88830769130163e-16
33562,0.830,0.980,5.583816359131451e-16
33563,0.830,0.985,4.531391752064332e-16
33564,0.830,0.990,3.6802022698454006e-16
33565,0.830,0.995,2.990010676549066e-16
33566,0.830,1.000,2.428870339372216e-16
33567,0.835,0.000,360.1930091328601
33568,0.835,0.005,356.8989720481054
33569,0.835,0.010,353.58699397515085
33570,0.835,0.015,350.2569414472879
33571,0.835,0.020,346.90867926144927
33572,0.835,0.025,343.54207043337965
33573,0.835,0.030,340.15697615148247
33574,0.835,0.035,336.7532557293222
33575,0.835,0.040,333.3307665567571
33576,0.835,0.045,329.8893640496833
33577,0.835,0.050,326.42890159836764
33578,0.835,0.055,322.9492305143532
33579,0.835,0.060,319.4501999759181
33580,0.835,0.065,315.9316569720759
33581,0.835,0.070,312.39344624510267
33582,0.835,0.075,308.8354102315848
33583,0.835,0.080,305.25738900197825
33584,0.835,0.085,301.65922019868117
33585,0.835,0.090,298.04073897262026
33586,0.835,0.095,294.4017779183602
33587,0.835,0.100,290.7421670077525
33588,0.835,0.105,287.0617335221455
33589,0.835,0.110,283.3603019831885
33590,0.835,0.115,279.6376940822756
33591,0.835,0.120,275.89372860868616
33592,0.835,0.125,272.12822137650016
33593,0.835,0.130,268.34098515038426
33594,0.835,0.135,264.53182957037643
33595,0.835,0.140,260.70056107582826
33596,0.835,0.145,256.84698282870926
33597,0.835,0.150,252.97089463653515
33598,0.835,0.155,249.07209287525222
33599,0.835,0.160,245.15037041250702
33600,0.835,0.165,241.20551653185007
33601,0.835,0.170,237.23731685858607
33602,0.835,0.175,233.2455532881895
33603,0.835,0.180,229.23000391848564
33604,0.835,0.185,225.1904429871598
33605,0.835,0.190,221.12664081664846
33606,0.835,0.195,217.0383637691051
33607,0.835,0.200,212.9253742150049
33608,0.835,0.205,208.7874305200917
33609,0.835,0.210,204.62428705692164
33610,0.835,0.215,200.43569424930982
33611,0.835,0.220,196.2213986607666
33612,0.835,0.225,191.9811431417231
33613,0.835,0.230,187.71466705535505
33614,0.835,0.235,183.42170660855248
33615,0.835,0.240,179.10199532365507
33616,0.835,0.245,174.7552646988023
33617,0.835,0.250,170.38124512121524
33618,0.835,0.255,165.97966711991265
33619,0.835,0.260,161.55026307421832
33620,0.835,0.265,157.0927695345598
33621,0.835,0.270,152.60693036594193
33622,0.835,0.275,148.09250099666215
33623,0.835,0.280,143.54925415125078
33624,0.835,0.285,138.9769875749452
33625,0.835,0.290,134.37553442699524
33626,0.835,0.295,129.7447772439396
33627,0.835,0.300,125.08466666650472
33628,0.835,0.305,120.39524650232018
33629,0.835,0.310,115.67668718036188
33630,0.835,0.315,110.92933026104487
33631,0.835,0.320,106.15374741335852
33632,0.835,0.325,101.35081816172364
33633,0.835,0.330,96.52183172180726
33634,0.835,0.335,91.66861932603777
33635,0.835,0.340,86.7937244548696
33636,0.835,0.345,81.90061909634358
33637,0.835,0.350,76.99397414688538
33638,0.835,0.355,72.07999070878193
33639,0.835,0.360,67.16679542714513
33640,0.835,0.365,62.26489595334816
33641,0.835,0.370,57.38768075818634
33642,0.835,0.375,52.55192961815914
33643,0.835,0.380,47.77827671002003
33644,0.835,0.385,43.091538742761315
33645,0.835,0.390,38.52079049772963
33646,0.835,0.395,34.099048551794006
33647,0.835,0.400,29.86242445035485
33648,0.835,0.405,25.84864702987894
33649,0.835,0.410,22.094941890709656
33650,0.835,0.415,18.635392707676864
33651,0.835,0.420,15.4980701969501
33652,0.835,0.425,12.702352212006563
33653,0.835,0.430,10.256913491086872
33654,0.835,0.435,8.158792320513905
33655,0.835,0.440,6.393743740033417
33656,0.835,0.445,4.937818848049708
33657,0.835,0.450,3.7598558903790904
33658,0.835,0.455,2.8244134946467887
33659,0.835,0.460,2.094658069839487
33660,0.835,0.465,1.5348187986080266
33661,0.835,0.470,1.1119895361336483
33662,0.835,0.475,0.7972252809850806
33663,0.835,0.480,0.5660081102360394
33664,0.835,0.485,0.3982272869876827
33665,0.835,0.490,0.2778364528290624
33666,0.835,0.495,0.19233419742058133
33667,0.835,0.500,0.13218080832458126
33668,0.835,0.505,0.09022730460866597
33669,0.835,0.510,0.0612008894191669
33670,0.835,0.515,0.041266889190473575
33671,0.835,0.520,0.02767119660125642
33672,0.835,0.525,0.018457821545466265
33673,0.835,0.530,0.01225156446801143
33674,0.835,0.535,0.008094382302878766
33675,0.835,0.540,0.005324406956769384
33676,0.835,0.545,0.003487882304480361
33677,0.835,0.550,0.002275924383368372
33678,0.835,0.555,0.0014796448397662576
33679,0.835,0.560,0.0009586406507468861
33680,0.835,0.565,0.0006190783849418447
33681,0.835,0.570,0.00039858233071657373
33682,0.835,0.575,0.00025589585397513715
33683,0.835,0.580,0.0001638592812358865
33684,0.835,0.585,0.00010467217434090894
33685,0.835,0.590,6.671662666370997e-05
33686,0.835,0.595,4.243952412804036e-05
33687,0.835,0.600,2.6948368242148915e-05
33688,0.835,0.605,1.7084926930936827e-05
33689,0.835,0.610,1.0817003150124579e-05
33690,0.835,0.615,6.840847603690855e-06
33691,0.835,0.620,4.3223454712878154e-06
33692,0.835,0.625,2.7291955109292833e-06
33693,0.835,0.630,1.722487033914313e-06
33694,0.835,0.635,1.0868895034669695e-06
33695,0.835,0.640,6.858454666051837e-07
33696,0.835,0.645,4.328955461964343e-07
33697,0.835,0.650,2.7337668095736333e-07
33698,0.835,0.655,1.7276972565173583e-07
33699,0.835,0.660,1.0929706556758424e-07
33700,0.835,0.665,6.922948926467444e-08
33701,0.835,0.670,4.391597318462522e-08
33702,0.835,0.675,2.7906745491291495e-08
33703,0.835,0.680,1.7768749829976018e-08
33704,0.835,0.685,1.1338876358138141e-08
33705,0.835,0.690,7.253563818824491e-09
33706,0.835,0.695,4.652665548846809e-09
33707,0.835,0.700,2.9930873837776006e-09
33708,0.835,0.705,1.9315205559103806e-09
33709,0.835,0.710,1.2506433148323558e-09
33710,0.835,0.715,8.12661706014101e-10
33711,0.835,0.720,5.300442418356915e-10
33712,0.835,0.725,3.4707206980911354e-10
33713,0.835,0.730,2.2819532669546673e-10
33714,0.835,0.735,1.5067544219721313e-10
33715,0.835,0.740,9.992876264329961e-11
33716,0.835,0.745,6.65746436840274e-11
33717,0.835,0.750,4.4560461818269474e-11
33718,0.835,0.755,2.996810467718342e-11
33719,0.835,0.760,2.025246712090579e-11
33720,0.835,0.765,1.3754347675038851e-11
33721,0.835,0.770,9.388017457281033e-12
33722,0.835,0.775,6.440242449289898e-12
33723,0.835,0.780,4.440602724831892e-12
33724,0.835,0.785,3.0775452493381138e-12
33725,0.835,0.790,2.143857761868041e-12
33726,0.835,0.795,1.5011276632755339e-12
33727,0.835,0.800,1.0564910329858503e-12
33728,0.835,0.805,7.473644677556271e-13
33729,0.835,0.810,5.31380080276429e-13
33730,0.835,0.815,3.797241135929409e-13
33731,0.835,0.820,2.727102800795531e-13
33732,0.835,0.825,1.9682595733063422e-13
33733,0.835,0.830,1.4275289914503134e-13
33734,0.835,0.835,1.0403530347714623e-13
33735,0.835,0.840,7.617964663114469e-14
33736,0.835,0.845,5.604368351947868e-14
33737,0.835,0.850,4.141990925363457e-14
33738,0.835,0.855,3.075034623245738e-14
33739,0.835,0.860,2.293039411404296e-14
33740,0.835,0.865,1.717333768405674e-14
33741,0.835,0.870,1.2916343341476734e-14
33742,0.835,0.875,9.754954249472923e-15
33743,0.835,0.880,7.397245070452723e-15
33744,0.835,0.885,5.631596661234113e-15
33745,0.835,0.890,4.303946741446563e-15
33746,0.835,0.895,3.3016613639841793e-15
33747,0.835,0.900,2.5420518185600023e-15
33748,0.835,0.905,1.964164630159844e-15
33749,0.835,0.910,1.5228873189912422e-15
33750,0.835,0.915,1.184699325600081e-15
33751,0.835,0.920,9.245966357857201e-16
33752,0.835,0.925,7.238566653421992e-16
33753,0.835,0.930,5.684078255355498e-16
33754,0.835,0.935,4.476352751243323e-16
33755,0.835,0.940,3.5350292112851453e-16
33756,0.835,0.945,2.7990547338326204e-16
33757,0.835,0.950,2.2218850043439364e-16
33758,0.835,0.955,1.7679162976322607e-16
33759,0.835,0.960,1.4098234203392017e-16
33760,0.835,0.965,1.126566676427e-16
33761,0.835,0.970,9.018942668712165e-17
33762,0.835,0.975,7.232134604523884e-17
33763,0.835,0.980,5.807366289363699e-17
33764,0.835,0.985,4.668331614398328e-17
33765,0.835,0.990,3.7553599781477166e-17
33766,0.835,0.995,3.021646792478439e-17
33767,0.835,1.000,2.430364985864835e-17
33768,0.840,0.000,358.1374549288615
33769,0.840,0.005,354.8252176036078
33770,0.840,0.010,351.4947904014548
33771,0.840,0.015,348.1460347414334
33772,0.840,0.020,344.7788101579704
33773,0.840,0.025,341.39297425069446
33774,0.840,0.030,337.98838263270136
33775,0.840,0.035,334.56488887724214
33776,0.840,0.040,331.12234446280445
33777,0.840,0.045,327.66059871655165
33778,0.840,0.050,324.1794987560912
33779,0.840,0.055,320.67888942953977
33780,0.840,0.060,317.1586132538569
33781,0.840,0.065,313.6185103514204
33782,0.840,0.070,310.05841838481587
33783,0.840,0.075,306.47817248982057
33784,0.840,0.080,302.8776052065564
33785,0.840,0.085,299.25654640880043
33786,0.840,0.090,295.61482323143554
33787,0.840,0.095,291.9522599960357
33788,0.840,0.100,288.26867813458364
33789,0.840,0.105,284.5638961113263
33790,0.840,0.110,280.83772934278346
33791,0.840,0.115,277.08999011593585
33792,0.840,0.120,273.3204875046341
33793,0.840,0.125,269.52902728428745
33794,0.840,0.130,265.7154118449141
33795,0.840,0.135,261.87944010266546
33796,0.840,0.140,258.020907409973
33797,0.840,0.145,254.13960546451497
33798,0.840,0.150,250.23532221726424
33799,0.840,0.155,246.30784177995923
33800,0.840,0.160,242.35694433244734
33801,0.840,0.165,238.38240603049167
33802,0.840,0.170,234.3839989148167
33803,0.840,0.175,230.36149082241536
33804,0.840,0.180,226.31464530146474
33805,0.840,0.185,222.24322153163303
33806,0.840,0.190,218.1469742521412
33807,0.840,0.195,214.02565370071298
33808,0.840,0.200,209.87900556759493
33809,0.840,0.205,205.70677097021277
33810,0.840,0.210,201.50868645591925
33811,0.840,0.215,197.28448404280655
33812,0.840,0.220,193.03389131197721
33813,0.840,0.225,188.75663156926495
33814,0.840,0.230,184.45242410062758
33815,0.840,0.235,180.12098455384785
33816,0.840,0.240,175.76202549056845
33817,0.840,0.245,171.37525716809688
33818,0.840,0.250,166.96038863126606
33819,0.840,0.255,162.51712922283417
33820,0.840,0.260,158.045190659009
33821,0.840,0.265,153.54428986810345
33822,0.840,0.270,149.01415285959575
33823,0.840,0.275,144.45451998394847
33824,0.840,0.280,139.86515306821525
33825,0.840,0.285,135.24584507875312
33826,0.840,0.290,130.59643318296258
33827,0.840,0.295,125.91681637261152
33828,0.840,0.300,121.20697919080786
33829,0.840,0.305,116.46702359459078
33830,0.840,0.310,111.69721160808909
33831,0.840,0.315,106.89802219774745
33832,0.840,0.320,102.07022674293465
33833,0.840,0.325,97.2149885738019
33834,0.840,0.330,92.33399325552878
33835,0.840,0.335,87.42961749697724
33836,0.840,0.340,82.50514552226785
33837,0.840,0.345,77.5650420642684
33838,0.840,0.350,72.61529017506246
33839,0.840,0.355,67.66379884491631
33840,0.840,0.360,62.72087868144229
33841,0.840,0.365,57.79977206285798
33842,0.840,0.370,52.917205709937974
33843,0.840,0.375,48.09390767063483
33844,0.840,0.380,43.35499825411842
33845,0.840,0.385,38.730129879517236
33846,0.840,0.390,34.253223549665535
33847,0.840,0.395,29.96164477068026
33848,0.840,0.400,25.89469769850476
33849,0.840,0.405,22.091408390293143
33850,0.840,0.410,18.587717341269848
33851,0.840,0.415,15.413383435617913
33852,0.840,0.420,12.589062455454794
33853,0.840,0.425,10.12409426006337
33854,0.840,0.430,8.01546009191437
33855,0.840,0.435,6.248151769629672
33856,0.840,0.440,4.796888754552706
33857,0.840,0.445,3.628830585226641
33858,0.840,0.450,2.7067576141169662
33859,0.840,0.455,1.9921766957247573
33860,0.840,0.460,1.4479286813442263
33861,0.840,0.465,1.040065333257273
33862,0.840,0.470,0.7389524447406522
33863,0.840,0.475,0.519694701158457
33864,0.840,0.480,0.36204986802673783
33865,0.840,0.485,0.25001415023529494
33866,0.840,0.490,0.1712374992122082
33867,0.840,0.495,0.11638792067511362
33868,0.840,0.500,0.07854246141289065
33869,0.840,0.505,0.05264774720528764
33870,0.840,0.510,0.035067565604512727
33871,0.840,0.515,0.023218655153355937
33872,0.840,0.520,0.015286738311682868
33873,0.840,0.525,0.010010770541942007
33874,0.840,0.530,0.0065224921850780965
33875,0.840,0.535,0.0042292484051987345
33876,0.840,0.540,0.0027297310428752003
33877,0.840,0.545,0.0017542104936122934
33878,0.840,0.550,0.0011226457811209596
33879,0.840,0.555,0.0007156388642845393
33880,0.840,0.560,0.0004544895969167021
33881,0.840,0.565,0.00028762070901889263
33882,0.840,0.570,0.00018141329138100584
33883,0.840,0.575,0.00011406625790178812
33884,0.840,0.580,7.151071981905122e-05
33885,0.840,0.585,4.470935933440973e-05
33886,0.840,0.590,2.7882241406850586e-05
33887,0.840,0.595,1.734797895006774e-05
33888,0.840,0.600,1.0770944127017604e-05
33889,0.840,0.605,6.674764646331019e-06
33890,0.840,0.610,4.129439573491506e-06
33891,0.840,0.615,2.551039060486909e-06
33892,0.840,0.620,1.5740338068482685e-06
33893,0.840,0.625,9.702516083233161e-07
33894,0.840,0.630,5.976304992561613e-07
33895,0.840,0.635,3.6793078843066505e-07
33896,0.840,0.640,2.264610786942049e-07
33897,0.840,0.645,1.393882405808461e-07
33898,0.840,0.650,8.581766575434143e-08
33899,0.840,0.655,5.286396210939797e-08
33900,0.840,0.660,3.259049356760518e-08
33901,0.840,0.665,2.011347630304051e-08
33902,0.840,0.670,1.242984479008467e-08
33903,0.840,0.675,7.69385992397516e-09
33904,0.840,0.680,4.771339177001766e-09
33905,0.840,0.685,2.965312976387428e-09
33906,0.840,0.690,1.8473562742563983e-09
33907,0.840,0.695,1.1539703123025735e-09
33908,0.840,0.700,7.229599819894261e-10
33909,0.840,0.705,4.5437935901143524e-10
33910,0.840,0.710,2.865586028692402e-10
33911,0.840,0.715,1.81384781499787e-10
33912,0.840,0.720,1.152599689994537e-10
33913,0.840,0.725,7.354266123568651e-11
33914,0.840,0.730,4.712713858177877e-11
33915,0.840,0.735,3.033582000216337e-11
33916,0.840,0.740,1.9618661988758753e-11
33917,0.840,0.745,1.274916484442221e-11
33918,0.840,0.750,8.326374870990121e-12
33919,0.840,0.755,5.46573379750418e-12
33920,0.840,0.760,3.6066902332881704e-12
33921,0.840,0.765,2.392652936739844e-12
33922,0.840,0.770,1.5958674182019669e-12
33923,0.840,0.775,1.0702594270997685e-12
33924,0.840,0.780,7.217365355507821e-13
33925,0.840,0.785,4.894196596416772e-13
33926,0.840,0.790,3.3373877558709093e-13
33927,0.840,0.795,2.2885368822012493e-13
33928,0.840,0.800,1.578094199165306e-13
33929,0.840,0.805,1.0942690499940861e-13
33930,0.840,0.810,7.629901508449402e-14
33931,0.840,0.815,5.349339894650403e-14
33932,0.840,0.820,3.7709127574533775e-14
33933,0.840,0.825,2.6725911564026514e-14
33934,0.840,0.830,1.9042744848539093e-14
33935,0.840,0.835,1.3639726305439631e-14
33936,0.840,0.840,9.820331954362001e-15
33937,0.840,0.845,7.10647039726264e-15
33938,0.840,0.850,5.168323916481247e-15
33939,0.840,0.855,3.777220574133015e-15
33940,0.840,0.860,2.7738250979890047e-15
33941,0.840,0.865,2.0465661741050846e-15
33942,0.840,0.870,1.5169358833292937e-15
33943,0.840,0.875,1.1294242520532161e-15
33944,0.840,0.880,8.44594684417103e-16
33945,0.840,0.885,6.342976601159663e-16
33946,0.840,0.890,4.783468915511342e-16
33947,0.840,0.895,3.622003471158123e-16
33948,0.840,0.900,2.7533489591108414e-16
33949,0.840,0.905,2.1010191576379485e-16
33950,0.840,0.910,1.6091791268924309e-16
33951,0.840,0.915,1.2368952618145117e-16
33952,0.840,0.920,9.540329991876796e-17
33953,0.840,0.925,7.383163115363764e-17
33954,0.840,0.930,5.732123088672452e-17
33955,0.840,0.935,4.464021293836067e-17
33956,0.840,0.940,3.4867140289460637e-17
33957,0.840,0.945,2.7310184358099787e-17
33958,0.840,0.950,2.1447989719019046e-17
33959,0.840,0.955,1.688624700956424e-17
33960,0.840,0.960,1.3325678104499715e-17
33961,0.840,0.965,1.0538348958936978e-17
33962,0.840,0.970,8.350070483076306e-18
33963,0.840,0.975,6.6272854906033434e-18
33964,0.840,0.980,5.267255914839251e-18
33965,0.840,0.985,4.190696501635495e-18
33966,0.840,0.990,3.336225452150772e-18
33967,0.840,0.995,2.656169661594075e-18
33968,0.840,1.000,2.1133835121406277e-18
33969,0.845,0.000,356.12757010153337
33970,0.845,0.005,352.7976310017657
33971,0.845,0.010,349.4492608634623
33972,0.845,0.015,346.0823161461337
33973,0.845,0.020,342.6966512802163
33974,0.845,0.025,339.292118611622
33975,0.845,0.030,335.8685683445272
33976,0.845,0.035,332.4258484823605
33977,0.845,0.040,328.9638047669452
33978,0.845,0.045,325.4822806157526
33979,0.845,0.050,321.98111705722545
33980,0.845,0.055,318.4601526641279
33981,0.845,0.060,314.9192234848807
33982,0.845,0.065,311.35816297284214
33983,0.845,0.070,307.77680191349447
33984,0.845,0.075,304.1749683495009
33985,0.845,0.080,300.5524875035937
33986,0.845,0.085,296.9091816992663
33987,0.845,0.090,293.24487027923635
33988,0.845,0.095,289.5593695216577
33989,0.845,0.100,285.8524925540622
33990,0.845,0.105,282.1240492650187
33991,0.845,0.110,278.3738462135078
33992,0.845,0.115,274.601686536021
33993,0.845,0.120,270.80736985140766
33994,0.845,0.125,266.99069216351137
33995,0.845,0.130,263.15144576166506
33996,0.845,0.135,259.28941911913955
33997,0.845,0.140,255.4043967896886
33998,0.845,0.145,251.49615930237954
33999,0.845,0.150,247.56448305497554
34000,0.845,0.155,243.60914020622303
34001,0.845,0.160,239.62989856752182
34002,0.845,0.165,235.62652149461798
34003,0.845,0.170,231.59876778017187
34004,0.845,0.175,227.54639154834285
34005,0.845,0.180,223.46914215291324
34006,0.845,0.185,219.36676408098688
34007,0.845,0.190,215.23899686498845
34008,0.845,0.195,211.08557500660933
34009,0.845,0.200,206.90622791760265
34010,0.845,0.205,202.7006798840038
34011,0.845,0.210,198.46865006263914
34012,0.845,0.215,194.20985252185793
34013,0.845,0.220,189.92399634260755
34014,0.845,0.225,185.61078580162948
34015,0.845,0.230,181.26992066624987
34016,0.845,0.235,176.90109664068376
34017,0.845,0.240,172.50400601796787
34018,0.845,0.245,168.0783386109301
34019,0.845,0.250,163.62378306181245
34020,0.845,0.255,159.1400286657535
34021,0.845,0.260,154.62676789160818
34022,0.845,0.265,150.0836998489642
34023,0.845,0.270,145.51053503857602
34024,0.845,0.275,140.90700184252628
34025,0.845,0.280,136.27285537032313
34026,0.845,0.285,131.6078894908035
34027,0.845,0.290,126.911953163442
34028,0.845,0.295,122.18497255643163
34029,0.845,0.300,117.42698092620084
34030,0.845,0.305,112.6381588598176
34031,0.845,0.310,107.81888827360201
34032,0.845,0.315,102.96982453771226
34033,0.845,0.320,98.09199226001077
34034,0.845,0.325,93.18691158044362
34035,0.845,0.330,88.25676320160916
34036,0.845,0.335,83.30460160434184
34037,0.845,0.340,78.33462658767334
34038,0.845,0.345,73.35252279526173
34039,0.845,0.350,68.36587426976247
34040,0.845,0.355,63.384654937848154
34041,0.845,0.360,58.42178453397171
34042,0.845,0.365,53.4937209717383
34043,0.845,0.370,48.62103324340571
34044,0.845,0.375,43.828863962698925
34045,0.845,0.380,39.147151558817654
34046,0.845,0.385,34.61044829691451
34047,0.845,0.390,30.25715783429117
34048,0.845,0.395,26.128046009959977
34049,0.845,0.400,22.26397035589294
34050,0.845,0.405,18.702932641042942
34051,0.845,0.410,15.476761549265895
34052,0.845,0.415,12.607921597678683
34053,0.845,0.420,10.107039971845461
34054,0.845,0.425,7.971678527519228
34055,0.845,0.430,6.186642620597533
34056,0.845,0.435,4.725776575702741
34057,0.845,0.440,3.5548658902375077
34058,0.845,0.445,2.635063101152749
34059,0.845,0.450,1.926232154329151
34060,0.845,0.455,1.3897413786483535
34061,0.845,0.460,0.9904512205902568
34062,0.845,0.465,0.6978558172543452
34063,0.845,0.470,0.4864912394134549
34064,0.845,0.475,0.3358002866848126
34065,0.845,0.480,0.2296556562402143
34066,0.845,0.485,0.15571442952907896
34067,0.845,0.490,0.10473086686012921
34068,0.845,0.495,0.06990815465639434
34069,0.845,0.500,0.046331730395144974
34070,0.845,0.505,0.03049978050246601
34071,0.845,0.510,0.019949628394458758
34072,0.845,0.515,0.012969708152956253
34073,0.845,0.520,0.008383158313322668
34074,0.845,0.525,0.005388668907285158
34075,0.845,0.530,0.003445540979860636
34076,0.845,0.535,0.0021919680887430557
34077,0.845,0.540,0.0013877308901181612
34078,0.845,0.545,0.0008744996140660476
34079,0.845,0.550,0.0005486347572797301
34080,0.845,0.555,0.00034273633490891354
34081,0.845,0.560,0.0002132419050948795
34082,0.845,0.565,0.0001321606972514721
34083,0.845,0.570,8.160771273786183e-05
34084,0.845,0.575,5.0215926024965015e-05
34085,0.845,0.580,3.079756559243521e-05
34086,0.845,0.585,1.8829578941618413e-05
34087,0.845,0.590,1.1478907847621696e-05
34088,0.845,0.595,6.978864904009576e-06
34089,0.845,0.600,4.232375110903788e-06
34090,0.845,0.605,2.5608970094675605e-06
34091,0.845,0.610,1.5463397129244003e-06
34092,0.845,0.615,9.320124085107959e-07
34093,0.845,0.620,5.608473140778545e-07
34094,0.845,0.625,3.370381195675497e-07
34095,0.845,0.630,2.0231738462441335e-07
34096,0.845,0.635,1.213440923802432e-07
34097,0.845,0.640,7.27360646080616e-08
34098,0.845,0.645,4.358570317403353e-08
34099,0.845,0.650,2.6116892917033285e-08
34100,0.845,0.655,1.5653258902582388e-08
34101,0.845,0.660,9.38682449493428e-09
34102,0.845,0.665,5.633652881415051e-09
34103,0.845,0.670,3.3849111246844566e-09
34104,0.845,0.675,2.0366656140613475e-09
34105,0.845,0.680,1.2275455174294588e-09
34106,0.845,0.685,7.413634569072733e-10
34107,0.845,0.690,4.4877671429940834e-10
34108,0.845,0.695,2.723728976065171e-10
34109,0.845,0.700,1.6579031065135853e-10
34110,0.845,0.705,1.0123741506337242e-10
34111,0.845,0.710,6.203426509600724e-11
34112,0.845,0.715,3.8154817988598874e-11
34113,0.845,0.720,2.3561802166059652e-11
34114,0.845,0.725,1.4612292494098593e-11
34115,0.845,0.730,9.102964178469907e-12
34116,0.845,0.735,5.697702947793842e-12
34117,0.845,0.740,3.583938940592449e-12
34118,0.845,0.745,2.265946170580519e-12
34119,0.845,0.750,1.440269516236655e-12
34120,0.845,0.755,9.204760524714596e-13
34121,0.845,0.760,5.915851209674082e-13
34122,0.845,0.765,3.823943619698462e-13
34123,0.845,0.770,2.486226036827725e-13
34124,0.845,0.775,1.626080336949431e-13
34125,0.845,0.780,1.0699046652358811e-13
34126,0.845,0.785,7.082254790352695e-14
34127,0.845,0.790,4.7166709485755133e-14
34128,0.845,0.795,3.160415365610103e-14
34129,0.845,0.800,2.130578024955333e-14
34130,0.845,0.805,1.4450707335250735e-14
34131,0.845,0.810,9.86067885105219e-15
34132,0.845,0.815,6.769126858931505e-15
34133,0.845,0.820,4.674590586041793e-15
34134,0.845,0.825,3.247221336029671e-15
34135,0.845,0.830,2.268849404740461e-15
34136,0.845,0.835,1.5943705398000042e-15
34137,0.845,0.840,1.1267398712917269e-15
34138,0.845,0.845,8.006946980287664e-16
34139,0.845,0.850,5.721035872639375e-16
34140,0.845,0.855,4.1096058500682534e-16
34141,0.845,0.860,2.967528801680489e-16
34142,0.845,0.865,2.1538175047361177e-16
34143,0.845,0.870,1.5710523151603271e-16
34144,0.845,0.875,1.1515629314467906e-16
34145,0.845,0.880,8.480990515471739e-17
34146,0.845,0.885,6.274991938133301e-17
34147,0.845,0.890,4.663721739391609e-17
34148,0.845,0.895,3.481364874185102e-17
34149,0.845,0.900,2.6098043877591003e-17
34150,0.845,0.905,1.9644969842716625e-17
34151,0.845,0.910,1.4846451422701357e-17
34152,0.845,0.915,1.1263255261345493e-17
34153,0.845,0.920,8.576629765830811e-18
34154,0.845,0.925,6.554219897189536e-18
34155,0.845,0.930,5.025922538106133e-18
34156,0.845,0.935,3.866678298917609e-18
34157,0.845,0.940,2.984162474035572e-18
34158,0.845,0.945,2.3099403200901974e-18
34159,0.845,0.950,1.7930843492500727e-18
34160,0.845,0.955,1.395548905140507e-18
34161,0.845,0.960,1.0888041677135228e-18
34162,0.845,0.965,8.513777807461841e-19
34163,0.845,0.970,6.670498044776717e-19
34164,0.845,0.975,5.235252052288348e-19
34165,0.845,0.980,4.1145173017876653e-19
34166,0.845,0.985,3.236913520458914e-19
34167,0.845,0.990,2.5477771120651526e-19
34168,0.845,0.995,2.0051062405118693e-19
34169,0.845,1.000,1.5765199209736957e-19
34170,0.850,0.000,354.165429150285
34171,0.850,0.005,350.81831106360687
34172,0.850,0.010,347.4525289706227
34173,0.850,0.015,344.0679345397123
34174,0.850,0.020,340.6643772700299
34175,0.850,0.025,337.24170443092595
34176,0.850,0.030,333.79976099939785
34177,0.850,0.035,330.3383895955161
34178,0.850,0.040,326.8574304157732
34179,0.850,0.045,323.35672116430067
34180,0.850,0.050,319.8360969819024
34181,0.850,0.055,316.2953903728488
34182,0.850,0.060,312.7344311293784
34183,0.850,0.065,309.1530462538562
34184,0.850,0.070,305.5510598785317
34185,0.850,0.075,301.9282931828515
34186,0.850,0.080,298.2845643082702
34187,0.850,0.085,294.61968827051834
34188,0.850,0.090,290.9334768692783
34189,0.850,0.095,287.22573859522976
34190,0.850,0.100,283.4962785344289
34191,0.850,0.105,279.7448982699923
34192,0.850,0.110,275.9713957810661
34193,0.850,0.115,272.1755653390716
34194,0.850,0.120,268.35719740123363
34195,0.850,0.125,264.5160785014201
34196,0.850,0.130,260.65199113834166
34197,0.850,0.135,256.7647136612012
34198,0.850,0.140,252.8540201529212
34199,0.850,0.145,248.9196803111419
34200,0.850,0.150,244.96145932725653
34201,0.850,0.155,240.97911776385823
34202,0.850,0.160,236.97241143110992
34203,0.850,0.165,232.94109126273352
34204,0.850,0.170,228.88490319256465
34205,0.850,0.175,224.80358803295022
34206,0.850,0.180,220.6968813567142
34207,0.850,0.185,216.56451338501947
34208,0.850,0.190,212.40620888426923
34209,0.850,0.195,208.2216870762854
34210,0.850,0.200,204.0106615675008
34211,0.850,0.205,199.77284030491094
34212,0.850,0.210,195.5079255692879
34213,0.850,0.215,191.21561401987782
34214,0.850,0.220,186.89559680989822
34215,0.850,0.225,182.54755979906207
34216,0.850,0.230,178.17118389880426
34217,0.850,0.235,173.7661455987616
34218,0.850,0.240,169.33211774063213
34219,0.850,0.245,164.86877062952146
34220,0.850,0.250,160.3757736055957
34221,0.850,0.255,155.85279724344792
34222,0.850,0.260,151.29951640728885
34223,0.850,0.265,146.7156144725651
34224,0.850,0.270,142.10078913645128
34225,0.850,0.275,137.45476039079253
34226,0.850,0.280,132.77728143443755
34227,0.850,0.285,128.0681535740346
34228,0.850,0.290,123.3272465239224
34229,0.850,0.295,118.55452599169652
34230,0.850,0.300,113.75009105502664
34231,0.850,0.305,108.91422462760991
34232,0.850,0.310,104.04746130474697
34233,0.850,0.315,99.15067808612982
34234,0.850,0.320,94.22521487926191
34235,0.850,0.325,89.27303321734706
34236,0.850,0.330,84.29692310293711
34237,0.850,0.335,79.30076896674427
34238,0.850,0.340,74.2898858063492
34239,0.850,0.345,69.2714346790726
34240,0.850,0.350,64.25492145465923
34241,0.850,0.355,59.25277221366114
34242,0.850,0.360,54.28096076092418
34243,0.850,0.365,49.359636568440436
34244,0.850,0.370,44.513664714815704
34245,0.850,0.375,39.77294610658792
34246,0.850,0.380,35.17234532291436
34247,0.850,0.385,30.75103135873843
34248,0.850,0.390,26.551056716597735
34249,0.850,0.395,22.615086585277197
34250,0.850,0.400,18.98335332409954
34251,0.850,0.405,15.690133318108995
34252,0.850,0.410,12.76026411836177
34253,0.850,0.415,10.206349836087737
34254,0.850,0.420,8.027259324772459
34255,0.850,0.425,6.2082800740591155
34256,0.850,0.430,4.722914703962744
34257,0.850,0.435,3.53592898392855
34258,0.850,0.440,2.6070164291249083
34259,0.850,0.445,1.8944054256870622
34260,0.850,0.450,1.3578791122543918
34261,0.850,0.455,0.9609194674977337
34262,0.850,0.460,0.6719274792667381
34263,0.850,0.465,0.46464487701276186
34264,0.850,0.470,0.31798891357928444
34265,0.850,0.475,0.21552362692429072
34266,0.850,0.480,0.1447571860440387
34267,0.850,0.485,0.09640266359310842
34268,0.850,0.490,0.06368775748492082
34269,0.850,0.495,0.041757158904952116
34270,0.850,0.500,0.027182073982050747
34271,0.850,0.505,0.017573609173623203
34272,0.850,0.510,0.011287567015886157
34273,0.850,0.515,0.007204796952668685
34274,0.850,0.520,0.00457125242903948
34275,0.850,0.525,0.0028836446915909723
34276,0.850,0.530,0.0018089857916955504
34277,0.850,0.535,0.00112876483232944
34278,0.850,0.540,0.0007006970810976515
34279,0.850,0.545,0.000432808720083278
34280,0.850,0.550,0.00026605938724489665
34281,0.850,0.555,0.00016280009793699738
34282,0.850,0.560,9.917452974531058e-05
34283,0.850,0.565,6.015766339429962e-05
34284,0.850,0.570,3.634156073564113e-05
34285,0.850,0.575,2.186832804881035e-05
34286,0.850,0.580,1.3110103691707932e-05
34287,0.850,0.585,7.831705532869137e-06
34288,0.850,0.590,4.662831735630984e-06
34289,0.850,0.595,2.767403543433204e-06
34290,0.850,0.600,1.63762239020139e-06
34291,0.850,0.605,9.66420163733604e-07
34292,0.850,0.610,5.688857013920401e-07
34293,0.850,0.615,3.3411071614651046e-07
34294,0.850,0.620,1.958237999070986e-07
34295,0.850,0.625,1.1456645104038382e-07
34296,0.850,0.630,6.692333491985191e-08
34297,0.850,0.635,3.9042806106101873e-08
34298,0.850,0.640,2.275448376917516e-08
34299,0.850,0.645,1.3251911936031733e-08
34300,0.850,0.650,7.714406761779405e-09
34301,0.850,0.655,4.49023844124482e-09
34302,0.850,0.660,2.614044233414452e-09
34303,0.850,0.665,1.522544337605874e-09
34304,0.850,0.670,8.875237030036139e-10
34305,0.850,0.675,5.179462925773377e-10
34306,0.850,0.680,3.027107018003525e-10
34307,0.850,0.685,1.772367714003243e-10
34308,0.850,0.690,1.0399398592584418e-10
34309,0.850,0.695,6.116968178646489e-11
34310,0.850,0.700,3.6081310744173096e-11
34311,0.850,0.705,2.134958473867146e-11
34312,0.850,0.710,1.2676467240603666e-11
34313,0.850,0.715,7.555204869062274e-12
34314,0.850,0.720,4.521338734676527e-12
34315,0.850,0.725,2.7176248129041414e-12
34316,0.850,0.730,1.6411072124259456e-12
34317,0.850,0.735,9.959246846146756e-13
34318,0.850,0.740,6.07530739305457e-13
34319,0.850,0.745,3.726188110361149e-13
34320,0.850,0.750,2.298319760330715e-13
34321,0.850,0.755,1.4259065685171654e-13
34322,0.850,0.760,8.899865371609626e-14
34323,0.850,0.765,5.589270262583101e-14
34324,0.850,0.770,3.532354106248959e-14
34325,0.850,0.775,2.2467745086916698e-14
34326,0.850,0.780,1.4384015279203646e-14
34327,0.850,0.785,9.269497085652189e-15
34328,0.850,0.790,6.0132403751535484e-15
34329,0.850,0.795,3.9268975956151865e-15
34330,0.850,0.800,2.5815655557673746e-15
34331,0.850,0.805,1.7084623228101037e-15
34332,0.850,0.810,1.138164558256736e-15
34333,0.850,0.815,7.632451110691886e-16
34334,0.850,0.820,5.151787918290655e-16
34335,0.850,0.825,3.4999097391785e-16
34336,0.850,0.830,2.39290481555834e-16
34337,0.850,0.835,1.6463569217634825e-16
34338,0.850,0.840,1.1397477462981944e-16
34339,0.850,0.845,7.938388038126083e-17
34340,0.850,0.850,5.562171184826502e-17
34341,0.850,0.855,3.920051992130662e-17
34342,0.850,0.860,2.778558568163681e-17
34343,0.850,0.865,1.9804801839974114e-17
34344,0.850,0.870,1.4193389275367995e-17
34345,0.850,0.875,1.0226019229887675e-17
34346,0.850,0.880,7.405786373881355e-18
34347,0.850,0.885,5.390365683281966e-18
34348,0.850,0.890,3.942624941442801e-18
34349,0.850,0.895,2.8974104682397577e-18
34350,0.850,0.900,2.1390873258337894e-18
34351,0.850,0.905,1.5862696253446114e-18
34352,0.850,0.910,1.1813837518013365e-18
34353,0.850,0.915,8.834966340750453e-19
34354,0.850,0.920,6.63366135622559e-19
34355,0.850,0.925,4.999984301909458e-19
34356,0.850,0.930,3.78252850508748e-19
34357,0.850,0.935,2.8715959629580594e-19
34358,0.850,0.940,2.1873525734758165e-19
34359,0.850,0.945,1.6714447141504407e-19
34360,0.850,0.950,1.2810381636896302e-19
34361,0.850,0.955,9.845601878421483e-20
34362,0.850,0.960,7.58644137660659e-20
34363,0.850,0.965,5.859301792212501e-20
34364,0.850,0.970,4.5346905831710923e-20
34365,0.850,0.975,3.515666817193236e-20
34366,0.850,0.980,2.7293886006662804e-20
34367,0.850,0.985,2.1209251247159595e-20
34368,0.850,0.990,1.648705784184421e-20
34369,0.850,0.995,1.2811605830265727e-20
34370,0.850,1.000,9.942310476688528e-21
34371,0.855,0.000,352.25304922812705
34372,0.855,0.005,348.8892973900241
34373,0.855,0.010,345.50665718484385
34374,0.855,0.015,342.1049756701462
34375,0.855,0.020,338.6840975989061
34376,0.855,0.025,335.2438653539625
34377,0.855,0.030,331.7841188802905
34378,0.855,0.035,328.3046956150313
34379,0.855,0.040,324.80543041521923
34380,0.855,0.045,321.28615548314167
34381,0.855,0.050,317.7467002892656
34382,0.855,0.055,314.1868914926684
34383,0.855,0.060,310.6065528589048
34384,0.855,0.065,307.00550517524704
34385,0.855,0.070,303.3835661632299
34386,0.855,0.075,299.7405503884396
34387,0.855,0.080,296.0762691674775
34388,0.855,0.085,292.3905304720424
34389,0.855,0.090,288.6831388300662
34390,0.855,0.095,284.95389522384966
34391,0.855,0.100,281.20259698514576
34392,0.855,0.105,277.4290376871445
34393,0.855,0.110,273.63300703332317
34394,0.855,0.115,269.81429074313706
34395,0.855,0.120,265.972670434541
34396,0.855,0.125,262.10792350335225
34397,0.855,0.130,258.2198229994952
34398,0.855,0.135,254.30813750020155
34399,0.855,0.140,250.37263098029248
34400,0.855,0.145,246.41306267973212
34401,0.855,0.150,242.42918696873102
34402,0.855,0.155,238.42075321079452
34403,0.855,0.160,234.38750562427015
34404,0.855,0.165,230.3291831431583
34405,0.855,0.170,226.24551927823748
34406,0.855,0.175,222.13624197993948
34407,0.855,0.180,218.00107350493178
34408,0.855,0.185,213.83973028906786
34409,0.855,0.190,209.65192283032601
34410,0.855,0.195,205.43735558665128
34411,0.855,0.200,201.19572689539223
34412,0.855,0.205,196.92672892342338
34413,0.855,0.210,192.6300476603439
34414,0.855,0.215,188.30536297162297
34415,0.855,0.220,183.95234873471335
34416,0.855,0.225,179.5706730895513
34417,0.855,0.230,175.15999884637296
34418,0.855,0.235,170.71998410954302
34419,0.855,0.240,166.2502831976921
34420,0.855,0.245,161.75054797005672
34421,0.855,0.250,157.2204297094413
34422,0.855,0.255,152.6595817676686
34423,0.855,0.260,148.0676632551319
34424,0.855,0.265,143.4443441593414
34425,0.855,0.270,138.78931241777664
34426,0.855,0.275,134.10228366057444
34427,0.855,0.280,129.38301459500866
34428,0.855,0.285,124.63132134722242
34429,0.855,0.290,119.84710453306523
34430,0.855,0.295,115.03038342980769
34431,0.855,0.300,110.1813423980648
34432,0.855,0.305,105.30039369225965
34433,0.855,0.310,100.38826202384493
34434,0.855,0.315,95.44609770625551
34435,0.855,0.320,90.47562686623479
34436,0.855,0.325,85.47934891205405
34437,0.855,0.330,80.46079290606565
34438,0.855,0.335,75.42484514736101
34439,0.855,0.340,70.37815921381224
34440,0.855,0.345,65.32965554039775
34441,0.855,0.350,60.291108372420005
34442,0.855,0.355,55.277801237220785
34443,0.855,0.360,50.30920557182929
34444,0.855,0.365,45.40959961932337
34445,0.855,0.370,40.608498070133024
34446,0.855,0.375,35.94071492469841
34447,0.855,0.380,31.445848880010164
34448,0.855,0.385,27.166987130772156
34449,0.855,0.390,23.148498237704025
34450,0.855,0.395,19.43294605927694
34451,0.855,0.400,16.057393256864913
34452,0.855,0.405,13.049617397543983
34453,0.855,0.410,10.4249371921581
34454,0.855,0.415,8.184339664547954
34455,0.855,0.420,6.314366018682636
34456,0.855,0.425,4.788809668285518
34457,0.855,0.430,3.5718476854795984
34458,0.855,0.435,2.6219279268672016
34459,0.855,0.440,1.8956627435281215
34460,0.855,0.445,1.3511240093493093
34461,0.855,0.450,0.9501990226219034
34462,0.855,0.455,0.6599389861228544
34463,0.855,0.460,0.4530315192711862
34464,0.855,0.465,0.30762903251300044
34465,0.855,0.470,0.20678003566252487
34466,0.855,0.475,0.13767293650963555
34467,0.855,0.480,0.09084323979121711
34468,0.855,0.485,0.05943706524628954
34469,0.855,0.490,0.03857745205252827
34470,0.855,0.495,0.02484786669039526
34471,0.855,0.500,0.015888113379482243
34472,0.855,0.505,0.010088224431248837
34473,0.855,0.510,0.00636258794674687
34474,0.855,0.515,0.003986899929761582
34475,0.855,0.520,0.002482650622438959
34476,0.855,0.525,0.00153660822162762
34477,0.855,0.530,0.000945497487861524
34478,0.855,0.535,0.0005784754523582786
34479,0.855,0.540,0.0003519742543521459
34480,0.855,0.545,0.00021301481861180885
34481,0.855,0.550,0.00012824829882372555
34482,0.855,0.555,7.68254969874436e-05
34483,0.855,0.560,4.579732176149909e-05
34484,0.855,0.565,2.7172224649105643e-05
34485,0.855,0.570,1.604838277130093e-05
34486,0.855,0.575,9.436923865295171e-06
34487,0.855,0.580,5.525822365670879e-06
34488,0.855,0.585,3.2226070608320016e-06
34489,0.855,0.590,1.8721528470077095e-06
34490,0.855,0.595,1.0836313116572462e-06
34491,0.855,0.600,6.250495165057565e-07
34492,0.855,0.605,3.593603315141821e-07
34493,0.855,0.610,2.0597902770375064e-07
34494,0.855,0.615,1.1773123868376665e-07
34495,0.855,0.620,6.711807804194758e-08
34496,0.855,0.625,3.8174589695996875e-08
34497,0.855,0.630,2.1667517247529266e-08
34498,0.855,0.635,1.2276133915579694e-08
34499,0.855,0.640,6.9447169881860115e-09
34500,0.855,0.645,3.923879928305726e-09
34501,0.855,0.650,2.2150205466492115e-09
34502,0.855,0.655,1.2496205624327112e-09
34503,0.855,0.660,7.047887878392236e-10
34504,0.855,0.665,3.9752701130138086e-10
34505,0.855,0.670,2.2431151423327962e-10
34506,0.855,0.675,1.266682599578892e-10
34507,0.855,0.680,7.160981245143287e-11
34508,0.855,0.685,4.054389916051748e-11
34509,0.855,0.690,2.2997912507528877e-11
34510,0.855,0.695,1.3074471647298458e-11
34511,0.855,0.700,7.452397817536174e-12
34512,0.855,0.705,4.26056275495923e-12
34513,0.855,0.710,2.443984946198726e-12
34514,0.855,0.715,1.407181097792757e-12
34515,0.855,0.720,8.135371267946398e-13
34516,0.855,0.725,4.724245106646666e-13
34517,0.855,0.730,2.756522873405449e-13
34518,0.855,0.735,1.6166095631063335e-13
34519,0.855,0.740,9.532264883233348e-14
34520,0.855,0.745,5.6527460262086915e-14
34521,0.855,0.750,3.372185101473492e-14
34522,0.855,0.755,2.0242236620026296e-14
34523,0.855,0.760,1.2229176476429595e-14
34524,0.855,0.765,7.437267695658438e-15
34525,0.855,0.770,4.5538847252949895e-15
34526,0.855,0.775,2.8078045557690853e-15
34527,0.855,0.780,1.7434944040317267e-15
34528,0.855,0.785,1.0903968658819133e-15
34529,0.855,0.790,6.868937910112438e-16
34530,0.855,0.795,4.35868583237651e-16
34531,0.855,0.800,2.7860722911241745e-16
34532,0.855,0.805,1.7939083036260565e-16
34533,0.855,0.810,1.1635104359936081e-16
34534,0.855,0.815,7.601253529689092e-17
34535,0.855,0.820,5.001727174921593e-17
34536,0.855,0.825,3.3146869692322815e-17
34537,0.855,0.830,2.2121482603940372e-17
34538,0.855,0.835,1.486589795341208e-17
34539,0.855,0.840,1.00582897966458e-17
34540,0.855,0.845,6.8510913148074946e-18
34541,0.855,0.850,4.697219060472834e-18
34542,0.855,0.855,3.2412086433204386e-18
34543,0.855,0.860,2.250584375871544e-18
34544,0.855,0.865,1.5723187267692832e-18
34545,0.855,0.870,1.1050347011042089e-18
34546,0.855,0.875,7.81147295169822e-19
34547,0.855,0.880,5.553185260620954e-19
34548,0.855,0.885,3.969476604264147e-19
34549,0.855,0.890,2.852562267336883e-19
34550,0.855,0.895,2.0605169889745545e-19
34551,0.855,0.900,1.4958371756579143e-19
34552,0.855,0.905,1.091156101049951e-19
34553,0.855,0.910,7.996698515950817e-20
34554,0.855,0.915,5.88681771427126e-20
34555,0.855,0.920,4.352355604633599e-20
34556,0.855,0.925,3.2312083032847274e-20
34557,0.855,0.930,2.4083792518463845e-20
34558,0.855,0.935,1.8018746152407664e-20
34559,0.855,0.940,1.3529497244261399e-20
34560,0.855,0.945,1.0193188945893787e-20
34561,0.855,0.950,7.704045416714936e-21
34562,0.855,0.955,5.839968103844281e-21
34563,0.855,0.960,4.4389243292268456e-21
34564,0.855,0.965,3.3822472823346607e-21
34565,0.855,0.970,2.5826129084601093e-21
34566,0.855,0.975,1.9755393648665926e-21
34567,0.855,0.980,1.5132181958848871e-21
34568,0.855,0.985,1.1600677851008074e-21
34569,0.855,0.990,8.895074419701e-22
34570,0.855,0.995,6.81607623187764e-22
34571,0.855,1.000,5.213718124909837e-22
34572,0.860,0.000,350.39238117141707
34573,0.860,0.005,347.01256123589377
34574,0.860,0.010,343.613637535719
34575,0.860,0.015,340.19545270804025
34576,0.860,0.020,336.75784695525863
34577,0.860,0.025,333.30065797468035
34578,0.860,0.030,329.8237208857893
34579,0.860,0.035,326.32686815507043
34580,0.860,0.040,322.8099295183094
34581,0.860,0.045,319.27273190029706
34582,0.860,0.050,315.7150993318619
34583,0.860,0.055,312.13685286415523
34584,0.860,0.060,308.5378104801116
34585,0.860,0.065,304.9177870030078
34586,0.860,0.070,301.2765940020402
34587,0.860,0.075,297.6140396948467
34588,0.860,0.080,293.92992884688925
34589,0.860,0.085,290.22406266762687
34590,0.860,0.090,286.49623870339974
34591,0.860,0.095,282.74625072695505
34592,0.860,0.100,278.9738886235457
34593,0.860,0.105,275.17893827354135
34594,0.860,0.110,271.36118143149815
34595,0.860,0.115,267.5203956016473
34596,0.860,0.120,263.6563539097762
34597,0.860,0.125,259.7688249715011
34598,0.860,0.130,255.85757275695528
34599,0.860,0.135,251.9223564519634
34600,0.860,0.140,247.96293031581885
34601,0.860,0.145,243.9790435358599
34602,0.860,0.150,239.97044007913482
34603,0.860,0.155,235.93685854158076
34604,0.860,0.160,231.87803199531646
34605,0.860,0.165,227.7936878348953
34606,0.860,0.170,223.6835476236868
34607,0.860,0.175,219.54732694200376
34608,0.860,0.180,215.38473523919214
34609,0.860,0.185,211.19547569272206
34610,0.860,0.190,206.97924507843967
34611,0.860,0.195,202.73573365766103
34612,0.860,0.200,198.46462508888348
34613,0.860,0.205,194.16559637473782
34614,0.860,0.210,189.8383178587273
34615,0.860,0.215,185.48245329165968
34616,0.860,0.220,181.09765999505933
34617,0.860,0.225,176.68358915897036
34618,0.860,0.230,172.23988632549802
34619,0.860,0.235,167.76619212859458
34620,0.860,0.240,163.26214338695706
34621,0.860,0.245,158.72737468316035
34622,0.860,0.250,154.16152061197883
34623,0.860,0.255,149.56421894927186
34624,0.860,0.260,144.93511508659486
34625,0.860,0.265,140.2738682049642
34626,0.860,0.270,135.5801598360683
34627,0.860,0.275,130.85370569661276
34628,0.860,0.280,126.09427200200437
34629,0.860,0.285,121.30169789522218
34630,0.860,0.290,116.47592619725413
34631,0.860,0.295,111.61704543380966
34632,0.860,0.300,106.72534705856374
34633,0.860,0.305,101.8014030115744
34634,0.860,0.310,96.84617024176028
34635,0.860,0.315,91.86113056361326
34636,0.860,0.320,86.84847611034037
34637,0.860,0.325,81.81135244592852
34638,0.860,0.330,76.75417262977702
34639,0.860,0.335,71.68301535314194
34640,0.860,0.340,66.60611734851041
34641,0.860,0.345,61.53446265633855
34642,0.860,0.350,56.48245646474179
34643,0.860,0.355,51.46864631110299
34644,0.860,0.360,46.5164163591482
34645,0.860,0.365,41.654531766034246
34646,0.860,0.370,36.91735589545756
34647,0.860,0.375,32.344518219649494
34648,0.860,0.380,27.979800594401105
34649,0.860,0.385,23.869066520830348
34650,0.860,0.390,20.057208653017533
34651,0.860,0.395,16.584333377063956
34652,0.860,0.400,13.481687772424255
34653,0.860,0.405,10.768061536461156
34654,0.860,0.410,8.44744408224221
34655,0.860,0.415,6.50851260036483
34656,0.860,0.420,4.9261063895743264
34657,0.860,0.425,3.664353678003206
34658,0.860,0.430,2.6807474278157253
34659,0.860,0.435,1.930343284179705
34660,0.860,0.440,1.3693818945514653
34661,0.860,0.445,0.9579218315199912
34662,0.860,0.450,0.6613771757239045
34663,0.860,0.455,0.45108739332184616
34664,0.860,0.460,0.30416911149362413
34665,0.860,0.465,0.20292259506865545
34666,0.860,0.470,0.13402647361387568
34667,0.860,0.475,0.08768930626409485
34668,0.860,0.480,0.05686156166932708
34669,0.860,0.485,0.03655944569915928
34670,0.860,0.490,0.023316175449644073
34671,0.860,0.495,0.014754997054447078
34672,0.860,0.500,0.009267751293222791
34673,0.860,0.505,0.0057793281581901435
34674,0.860,0.510,0.0035789028412782317
34675,0.860,0.515,0.0022013221440411513
34676,0.860,0.520,0.001345122017541181
34677,0.860,0.525,0.0008166965716704881
34678,0.860,0.530,0.0004927789234729562
34679,0.860,0.535,0.0002955311438740506
34680,0.860,0.540,0.000176188935888992
34681,0.860,0.545,0.00010443373880962804
34682,0.860,0.550,6.155329400736869e-05
34683,0.860,0.555,3.608038402178521e-05
34684,0.860,0.560,2.103593347611819e-05
34685,0.860,0.565,1.2200721853757358e-05
34686,0.860,0.570,7.0405427844315065e-06
34687,0.860,0.575,4.0428663612954605e-06
34688,0.860,0.580,2.3104866019255484e-06
34689,0.860,0.585,1.314375435048105e-06
34690,0.860,0.590,7.444091689032588e-07
34691,0.860,0.595,4.1981541283021907e-07
34692,0.860,0.600,2.357987919646055e-07
34693,0.860,0.605,1.3193130437292543e-07
34694,0.860,0.610,7.354759879035951e-08
34695,0.860,0.615,4.0860135463568165e-08
34696,0.860,0.620,2.2627853527734182e-08
34697,0.860,0.625,1.2494137759218805e-08
34698,0.860,0.630,6.880206198136348e-09
34699,0.860,0.635,3.779615439855775e-09
34700,0.860,0.640,2.0719037000631637e-09
34701,0.860,0.645,1.1337001754904728e-09
34702,0.860,0.650,6.193991388677214e-10
34703,0.860,0.655,3.3801023740619583e-10
34704,0.860,0.660,1.8429990779404247e-10
34705,0.860,0.665,1.004410725854935e-10
34706,0.860,0.670,5.473297329123418e-11
34707,0.860,0.675,2.983348245165322e-11
34708,0.860,0.680,1.6272211930178456e-11
34709,0.860,0.685,8.884883459768296e-12
34710,0.860,0.690,4.858450453311933e-12
34711,0.860,0.695,2.661742298706714e-12
34712,0.860,0.700,1.4616378063114004e-12
34713,0.860,0.705,8.04828868961762e-13
34714,0.860,0.710,4.4457183404524427e-13
34715,0.860,0.715,2.4645554446502165e-13
34716,0.860,0.720,1.371750061978456e-13
34717,0.860,0.725,7.668833124816754e-14
34718,0.860,0.730,4.307993784313608e-14
34719,0.860,0.735,2.4326525609769373e-14
34720,0.860,0.740,1.3813541946747719e-14
34721,0.860,0.745,7.890462200787463e-15
34722,0.860,0.750,4.535398048180441e-15
34723,0.860,0.755,2.6240780025127285e-15
34724,0.860,0.760,1.52864975813445e-15
34725,0.860,0.765,8.96847753516959e-16
34726,0.860,0.770,5.300366720705947e-16
34727,0.860,0.775,3.1561203217760147e-16
34728,0.860,0.780,1.8937923495627166e-16
34729,0.860,0.785,1.1452485833697784e-16
34730,0.860,0.790,6.980716432859614e-17
34731,0.860,0.795,4.289082140026204e-17
34732,0.860,0.800,2.656511310433639e-17
34733,0.860,0.805,1.6586271679939086e-17
34734,0.860,0.810,1.0439297154169528e-17
34735,0.860,0.815,6.623143678046363e-18
34736,0.860,0.820,4.23548222451952e-18
34737,0.860,0.825,2.729944417533325e-18
34738,0.860,0.830,1.7732712222902737e-18
34739,0.860,0.835,1.1606969584497057e-18
34740,0.860,0.840,7.654730783790612e-19
34741,0.860,0.845,5.085668396375533e-19
34742,0.860,0.850,3.4033632291181727e-19
34743,0.860,0.855,2.2937279249477117e-19
34744,0.860,0.860,1.5565991329062915e-19
34745,0.860,0.865,1.0635018468045943e-19
34746,0.860,0.870,7.313907708547577e-20
34747,0.860,0.875,5.062114769138631e-20
34748,0.860,0.880,3.525380749726953e-20
34749,0.860,0.885,2.4699654839261652e-20
34750,0.860,0.890,1.7406246063790795e-20
34751,0.860,0.895,1.2335783714805159e-20
34752,0.860,0.900,8.790090153502699e-21
34753,0.860,0.905,6.296540503085528e-21
34754,0.860,0.910,4.5332473131806114e-21
34755,0.860,0.915,3.2796351516654585e-21
34756,0.860,0.920,2.3838379101935995e-21
34757,0.860,0.925,1.7404907956390598e-21
34758,0.860,0.930,1.2762122164130756e-21
34759,0.860,0.935,9.395941492424657e-22
34760,0.860,0.940,6.944339911911393e-22
34761,0.860,0.945,5.151074197778425e-22
34762,0.860,0.950,3.8338774003237943e-22
34763,0.860,0.955,2.8624789384015803e-22
34764,0.860,0.960,2.143309084257134e-22
34765,0.860,0.965,1.608952393452069e-22
34766,0.860,0.970,1.2104921403292108e-22
34767,0.860,0.975,9.123598173308475e-23
34768,0.860,0.980,6.885680998010741e-23
34769,0.860,0.985,5.2005304614056723e-23
34770,0.860,0.990,3.927744091532947e-23
34771,0.860,0.995,2.9635198754960525e-23
34772,0.860,1.000,2.2308280041734237e-23
34773,0.865,0.000,348.5853009732259
34774,0.865,0.005,345.18999685189607
34775,0.865,0.010,341.77538282849883
34776,0.865,0.015,338.3412973183957
34777,0.865,0.020,334.8875761775741
34778,0.865,0.025,331.41405262769104
34779,0.865,0.030,327.9205571785453
34780,0.865,0.035,324.40691754789935
34781,0.865,0.040,320.87295857856753
34782,0.865,0.045,317.31850215268827
34783,0.865,0.050,313.74336710309444
34784,0.865,0.055,310.1473691216957
34785,0.865,0.060,306.530320664784
34786,0.865,0.065,302.8920308551741
34787,0.865,0.070,299.23230538108726
34788,0.865,0.075,295.55094639168976
34789,0.865,0.080,291.8477523891922
34790,0.865,0.085,288.12251811742146
34791,0.865,0.090,284.3750344467766
34792,0.865,0.095,280.6050882554794
34793,0.865,0.100,276.8124623070398
34794,0.865,0.105,272.99693512385784
34795,0.865,0.110,269.1582808568946
34796,0.865,0.115,265.2962691513562
34797,0.865,0.120,261.41066500835143
34798,0.865,0.125,257.5012286425068
34799,0.865,0.130,253.5677153355569
34800,0.865,0.135,249.6098752859675
34801,0.865,0.140,245.62745345471188
34802,0.865,0.145,241.62018940739873
34803,0.865,0.150,237.587817153061
34804,0.865,0.155,233.53006498006215
34805,0.865,0.160,229.44665528977873
34806,0.865,0.165,225.337304428992
34807,0.865,0.170,221.20172252229543
34808,0.865,0.175,217.0396133063329
34809,0.865,0.180,212.8506739683789
34810,0.865,0.185,208.6345949927199
34811,0.865,0.190,204.39106001960056
34812,0.865,0.195,200.11974572327412
34813,0.865,0.200,195.8203217181538
34814,0.865,0.205,191.4924505054127
34815,0.865,0.210,187.13578747702078
34816,0.865,0.215,182.74998100056948
34817,0.865,0.220,178.3346726170355
34818,0.865,0.225,173.8894973957527
34819,0.865,0.230,169.4140845076102
34820,0.865,0.235,164.90805810061084
34821,0.865,0.240,160.3710385938555
34822,0.865,0.245,155.80264455009487
34823,0.865,0.250,151.20249534779663
34824,0.865,0.255,146.57021495744925
34825,0.865,0.260,141.90543724202783
34826,0.865,0.265,137.20781335955678
34827,0.865,0.270,132.47702206165525
34828,0.865,0.275,127.71278397569482
34829,0.865,0.280,122.91488135527851
34830,0.865,0.285,118.08318531614799
34831,0.865,0.290,113.21769328083852
34832,0.865,0.295,108.31858027894368
34833,0.865,0.300,103.3862689347105
34834,0.865,0.305,98.42152445420746
34835,0.865,0.310,93.42558270557417
34836,0.865,0.315,88.40032150891483
34837,0.865,0.320,83.34848733644324
34838,0.865,0.325,78.27399137692723
34839,0.865,0.330,73.18228961215564
34840,0.865,0.335,68.08085996137473
34841,0.865,0.340,62.97978379057805
34842,0.865,0.345,57.89242654767403
34843,0.865,0.350,52.83618983062057
34844,0.865,0.355,47.83327191480865
34845,0.865,0.360,42.91132469854136
34846,0.865,0.365,38.10383610231032
34847,0.865,0.370,33.45001084275704
34848,0.865,0.375,28.993893656032572
34849,0.865,0.380,24.78251237180877
34850,0.865,0.385,20.86294849371845
34851,0.865,0.390,17.278482554469907
34852,0.865,0.395,14.064273336390455
34853,0.865,0.400,11.243314320120156
34854,0.865,0.405,8.823530323095959
34855,0.865,0.410,6.796726735385036
34856,0.865,0.415,5.139687480372041
34857,0.865,0.420,3.8171758686720874
34858,0.865,0.425,2.7861376136635254
34859,0.865,0.430,2.0002059427926673
34860,0.865,0.435,1.4137022977390623
34861,0.865,0.440,0.9846200509291368
34862,0.865,0.445,0.6764245169317349
34863,0.865,0.450,0.4587786968940045
34864,0.865,0.455,0.3074571161232781
34865,0.865,0.460,0.2037478451818808
34866,0.865,0.465,0.1336048862771139
34867,0.865,0.470,0.08674229049847072
34868,0.865,0.475,0.055788428904976414
34869,0.865,0.480,0.03555968200193803
34870,0.865,0.485,0.022472002084342295
34871,0.865,0.490,0.014084548413528684
34872,0.865,0.495,0.008757683345837314
34873,0.865,0.500,0.00540371480619915
34874,0.865,0.505,0.003309411141049965
34875,0.865,0.510,0.0020121080336362195
34876,0.865,0.515,0.001214708878455983
34877,0.865,0.520,0.0007282562493492492
34878,0.865,0.525,0.00043366293282042135
34879,0.865,0.530,0.0002565292695892671
34880,0.865,0.535,0.0001507631477460494
34881,0.865,0.540,8.804036938905209e-05
34882,0.865,0.545,5.109167502607755e-05
34883,0.865,0.550,2.9468129170573207e-05
34884,0.865,0.555,1.689435495204813e-05
34885,0.865,0.560,9.628760557177906e-06
34886,0.865,0.565,5.4562363437603906e-06
34887,0.865,0.570,3.0744398856451417e-06
34888,0.865,0.575,1.7228487861033956e-06
34889,0.865,0.580,9.602794881035678e-07
34890,0.865,0.585,5.324534972667047e-07
34891,0.865,0.590,2.9374270927277506e-07
34892,0.865,0.595,1.612596782805699e-07
34893,0.865,0.600,8.811181184592097e-08
34894,0.865,0.605,4.792623989212773e-08
34895,0.865,0.610,2.595553236070683e-08
34896,0.865,0.615,1.3998966119268846e-08
34897,0.865,0.620,7.520893675069982e-09
34898,0.865,0.625,4.0258231802194305e-09
34899,0.865,0.630,2.1476453362969093e-09
34900,0.865,0.635,1.1421173750611024e-09
34901,0.865,0.640,6.056531326794954e-10
34902,0.865,0.645,3.203570181779767e-10
34903,0.865,0.650,1.6907559967105846e-10
34904,0.865,0.655,8.90657823174489e-11
34905,0.865,0.660,4.684663603163389e-11
34906,0.865,0.665,2.4611905747766893e-11
34907,0.865,0.670,1.2920532065267097e-11
34908,0.865,0.675,6.780472027505453e-12
34909,0.865,0.680,3.558496883683598e-12
34910,0.865,0.685,1.8684840250232835e-12
34911,0.865,0.690,9.820260710328708e-13
34912,0.865,0.695,5.168531383494597e-13
34913,0.865,0.700,2.7253711905693537e-13
34914,0.865,0.705,1.4404745731669595e-13
34915,0.865,0.710,7.635125430427871e-14
34916,0.865,0.715,4.060388120298493e-14
34917,0.865,0.720,2.1675518353230962e-14
34918,0.865,0.725,1.1620638909287558e-14
34919,0.865,0.730,6.259704455723644e-15
34920,0.865,0.735,3.3895410678383602e-15
34921,0.865,0.740,1.845800699830913e-15
34922,0.865,0.745,1.0112795664227858e-15
34923,0.865,0.750,5.576689428805508e-16
34924,0.865,0.755,3.096463347118445e-16
34925,0.865,0.760,1.7317811797000119e-16
34926,0.865,0.765,9.758829350734542e-17
34927,0.865,0.770,5.542502078889811e-17
34928,0.865,0.775,3.173424836053417e-17
34929,0.865,0.780,1.8321456408633698e-17
34930,0.865,0.785,1.0667939343597884e-17
34931,0.865,0.790,6.265464001220406e-18
34932,0.865,0.795,3.712151475213212e-18
34933,0.865,0.800,2.218860748128858e-18
34934,0.865,0.805,1.338084682309506e-18
34935,0.865,0.810,8.141219891141888e-19
34936,0.865,0.815,4.997324688422197e-19
34937,0.865,0.820,3.0946062957892977e-19
34938,0.865,0.825,1.933122161051116e-19
34939,0.865,0.830,1.2180190120014607e-19
34940,0.865,0.835,7.739959733627044e-20
34941,0.865,0.840,4.9596613612267634e-20
34942,0.865,0.845,3.2042464434479475e-20
34943,0.865,0.850,2.086828244865059e-20
34944,0.865,0.855,1.369795769825127e-20
34945,0.865,0.860,9.06046731489494e-21
34946,0.865,0.865,6.037888625035969e-21
34947,0.865,0.870,4.052945731513662e-21
34948,0.865,0.875,2.7397891926504437e-21
34949,0.865,0.880,1.864799612198538e-21
34950,0.865,0.885,1.2776820048566671e-21
34951,0.865,0.890,8.810390283956871e-22
34952,0.865,0.895,6.113007588011984e-22
34953,0.865,0.900,4.266850437075915e-22
34954,0.865,0.905,2.9954188081766097e-22
34955,0.865,0.910,2.1145107812737273e-22
34956,0.865,0.915,1.500512761971845e-22
34957,0.865,0.920,1.070293908097073e-22
34958,0.865,0.925,7.671448004861577e-23
34959,0.865,0.930,5.52411729967494e-23
34960,0.865,0.935,3.995375544031108e-23
34961,0.865,0.940,2.90172376718036e-23
34962,0.865,0.945,2.1156717755668385e-23
34963,0.865,0.950,1.5481681831597588e-23
34964,0.865,0.955,1.1366877028455813e-23
34965,0.865,0.960,8.370537302310455e-24
34966,0.865,0.965,6.180969543750172e-24
34967,0.865,0.970,4.574618612834599e-24
34968,0.865,0.975,3.391942885539689e-24
34969,0.865,0.980,2.5182464514765595e-24
34970,0.865,0.985,1.870718297076075e-24
34971,0.865,0.990,1.389318748913023e-24
34972,0.865,0.995,1.0303417917763855e-24
34973,0.865,1.000,7.618476564295607e-25
34974,0.870,0.000,346.8336018035798
34975,0.870,0.005,343.4234133994578
34976,0.870,0.010,339.9937184524285
34977,0.870,0.015,336.54435136102427
34978,0.870,0.020,333.0751438455714
34979,0.870,0.025,329.58592486883
34980,0.870,0.030,326.07652055387894
34981,0.870,0.035,322.54675409915745
34982,0.870,0.040,318.99644569057193
34983,0.870,0.045,315.4254124105761
34984,0.870,0.050,311.8334681441296
34985,0.870,0.055,308.2204234814379
34986,0.870,0.060,304.5860856173749
34987,0.870,0.065,300.93025824748855
34988,0.870,0.070,297.2527414604852
34989,0.870,0.075,293.55333162709434
34990,0.870,0.080,289.8318212852042
34991,0.870,0.085,286.0879990211705
34992,0.870,0.090,282.3216493471909
34993,0.870,0.095,278.5325525746478
34994,0.870,0.100,274.72048468332065
34995,0.870,0.105,270.88521718637725
34996,0.870,0.110,267.02651699106167
34997,0.870,0.115,263.1441462550085
34998,0.870,0.120,259.23786223813056
34999,0.870,0.125,255.30741715005465
35000,0.870,0.130,251.35255799310949
35001,0.870,0.135,247.37302640092312
35002,0.870,0.140,243.36855847274686
35003,0.870,0.145,239.33888460371557
35004,0.870,0.150,235.28372931137383
35005,0.870,0.155,231.20281105896294
35006,0.870,0.160,227.09584207619284
35007,0.870,0.165,222.9625281785305
35008,0.870,0.170,218.80256858646166
35009,0.870,0.175,214.61565574676396
35010,0.870,0.180,210.40147515862415
35011,0.870,0.185,206.1597052085266
35012,0.870,0.190,201.89001701934342
35013,0.870,0.195,197.59207432112092
35014,0.870,0.200,193.26553335391534
35015,0.870,0.205,188.9100428169543
35016,0.870,0.210,184.52524388384708
35017,0.870,0.215,180.1107703110703
35018,0.870,0.220,175.6662486773722
35019,0.870,0.225,171.19129880614014
35020,0.870,0.230,166.68553444275705
35021,0.870,0.235,162.14856428665848
35022,0.870,0.240,157.57999351618452
35023,0.870,0.245,152.97942599750178
35024,0.870,0.250,148.34646744248911
35025,0.870,0.255,143.68072988224557
35026,0.870,0.260,138.9818379632527
35027,0.870,0.265,134.24943776627833
35028,0.870,0.270,129.48320911256226
35029,0.870,0.275,124.68288268214786
35030,0.870,0.280,119.84826375674515
35031,0.870,0.285,114.97926505305365
35032,0.870,0.290,110.07595197792557
35033,0.870,0.295,105.13860476421965
35034,0.870,0.300,100.16780338261236
35035,0.870,0.305,95.16454289817236
35036,0.870,0.310,90.13038903136578
35037,0.870,0.315,85.06768597294064
35038,0.870,0.320,79.97983069179404
35039,0.870,0.325,74.87162946218409
35040,0.870,0.330,69.74975204935483
35041,0.870,0.335,64.62329519703111
35042,0.870,0.340,59.504457209005864
35043,0.870,0.345,54.40930619207443
35044,0.870,0.350,49.35859236216276
35045,0.870,0.355,44.378507319863665
35046,0.870,0.360,39.501231921280336
35047,0.870,0.365,34.76504890226109
35048,0.870,0.370,30.213748699896858
35049,0.870,0.375,25.8950623946973
35050,0.870,0.380,21.857955893149683
35051,0.870,0.385,18.148841309484865
35052,0.870,0.390,14.807086189804332
35053,0.870,0.395,11.860540027804916
35054,0.870,0.400,9.322003297814401
35055,0.870,0.405,7.1874962498122255
35056,0.870,0.410,5.436802725205442
35057,0.870,0.415,4.036184009964101
35058,0.870,0.420,2.942608362430627
35059,0.870,0.425,2.108539748442696
35060,0.870,0.430,1.4863589285048393
35061,0.870,0.435,1.0317771860453555
35062,0.870,0.440,0.7059854569022088
35063,0.870,0.445,0.47660928786247453
35064,0.870,0.450,0.3177356240012158
35065,0.870,0.455,0.20933883748885398
35066,0.870,0.460,0.1364017027653732
35067,0.870,0.465,0.08795160785862338
35068,0.870,0.470,0.05615060061702201
35069,0.870,0.475,0.03551013772248022
35070,0.870,0.480,0.022254107501106592
35071,0.870,0.485,0.013825348077427234
35072,0.870,0.490,0.008516819837796563
35073,0.870,0.495,0.005203843837455432
35074,0.870,0.500,0.0031543635575109813
35075,0.870,0.505,0.0018972436413310296
35076,0.870,0.510,0.001132482641377195
35077,0.870,0.515,0.0006709686349631291
35078,0.870,0.520,0.0003946333026279097
35079,0.870,0.525,0.00023044091702073785
35080,0.870,0.530,0.00013361320011045423
35081,0.870,0.535,7.693247254243289e-05
35082,0.870,0.540,4.399316514140888e-05
35083,0.870,0.545,2.4987301707074813e-05
35084,0.870,0.550,1.4097922219008972e-05
35085,0.870,0.555,7.901974185655555e-06
35086,0.870,0.560,4.400528042413273e-06
35087,0.870,0.565,2.4350505085219906e-06
35088,0.870,0.570,1.3390363084347467e-06
35089,0.870,0.575,7.318255120616547e-07
35090,0.870,0.580,3.975631004843417e-07
35091,0.870,0.585,2.1470582444585727e-07
35092,0.870,0.590,1.1528706139180704e-07
35093,0.870,0.595,6.155741330200935e-08
35094,0.870,0.600,3.2689782321384795e-08
35095,0.870,0.605,1.7268300612828472e-08
35096,0.870,0.610,9.075545815104732e-09
35097,0.870,0.615,4.746431740396932e-09
35098,0.870,0.620,2.4707300983074663e-09
35099,0.870,0.625,1.2804012928765022e-09
35100,0.870,0.630,6.607483420941798e-10
35101,0.870,0.635,3.3963258987491453e-10
35102,0.870,0.640,1.7393543140609584e-10
35103,0.870,0.645,8.877744586536317e-11
35104,0.870,0.650,4.5174377566351324e-11
35105,0.870,0.655,2.292474616917275e-11
35106,0.870,0.660,1.1606374876270635e-11
35107,0.870,0.665,5.8645448207855345e-12
35108,0.870,0.670,2.9586442043942476e-12
35109,0.870,0.675,1.4909255858166556e-12
35110,0.870,0.680,7.507872708645726e-13
35111,0.870,0.685,3.779871030768985e-13
35112,0.870,0.690,1.9034687095330396e-13
35113,0.870,0.695,9.592685762949128e-14
35114,0.870,0.700,4.8404330237247946e-14
35115,0.870,0.705,2.4468503193554767e-14
35116,0.870,0.710,1.2397789256727362e-14
35117,0.870,0.715,6.299887230093586e-15
35118,0.870,0.720,3.2122782057589703e-15
35119,0.870,0.725,1.6444706805662997e-15
35120,0.870,0.730,8.456903402223214e-16
35121,0.870,0.735,4.371249207383834e-16
35122,0.870,0.740,2.2721688150576275e-16
35123,0.870,0.745,1.188342225712128e-16
35124,0.870,0.750,6.256402534182185e-17
35125,0.870,0.755,3.3173835340002056e-17
35126,0.870,0.760,1.7723424483061154e-17
35127,0.870,0.765,9.544637356681481e-18
35128,0.870,0.770,5.1831552694334984e-18
35129,0.870,0.775,2.839214097404577e-18
35130,0.870,0.780,1.5692759546786e-18
35131,0.870,0.785,8.754011633214755e-19
35132,0.870,0.790,4.929600712755186e-19
35133,0.870,0.795,2.8027485057082107e-19
35134,0.870,0.800,1.6090744765618212e-19
35135,0.870,0.805,9.328698950598013e-20
35136,0.870,0.810,5.461782059049753e-20
35137,0.870,0.815,3.2293459025609763e-20
35138,0.870,0.820,1.9281662584398928e-20
35139,0.870,0.825,1.1624985658090993e-20
35140,0.870,0.830,7.0763281780448e-21
35141,0.870,0.835,4.348530566023917e-21
35142,0.870,0.840,2.6972924516807794e-21
35143,0.870,0.845,1.688445906891348e-21
35144,0.870,0.850,1.0664399577549402e-21
35145,0.870,0.855,6.794945521306973e-22
35146,0.870,0.860,4.366573874099005e-22
35147,0.870,0.865,2.829447745594471e-22
35148,0.870,0.870,1.8482728673025412e-22
35149,0.870,0.875,1.216827726027027e-22
35150,0.870,0.880,8.072052518640537e-23
35151,0.870,0.885,5.394147090487656e-23
35152,0.870,0.890,3.6302520363690244e-23
35153,0.870,0.895,2.4598960377000785e-23
35154,0.870,0.900,1.6778504090008165e-23
35155,0.870,0.905,1.1516926240024423e-23
35156,0.870,0.910,7.95347528397326e-24
35157,0.870,0.915,5.522695441155882e-24
35158,0.870,0.920,3.857330956430455e-24
35159,0.870,0.925,2.7084597255679637e-24
35160,0.870,0.930,1.91136357371486e-24
35161,0.870,0.935,1.3552919907855262e-24
35162,0.870,0.940,9.653185059323675e-25
35163,0.870,0.945,6.904481249573607e-25
35164,0.870,0.950,4.957716101721633e-25
35165,0.870,0.955,3.5725679841393573e-25
35166,0.870,0.960,2.581715685942497e-25
35167,0.870,0.965,1.8715268722854149e-25
35168,0.870,0.970,1.3598938508451664e-25
35169,0.870,0.975,9.899320057263341e-26
35170,0.870,0.980,7.214736880233692e-26
35171,0.870,0.985,5.260254894094867e-26
35172,0.870,0.990,3.8328597745468424e-26
35173,0.870,0.995,2.7872904775858754e-26
35174,0.870,1.000,2.019189275105492e-26
35175,0.875,0.000,345.138986670261
35176,0.875,0.005,341.7145275340393
35177,0.875,0.010,338.27037488621744
35178,0.875,0.015,334.80635931791943
35179,0.875,0.020,331.3223086292205
35180,0.875,0.025,327.8180477455982
35181,0.875,0.030,324.29339863145236
35182,0.875,0.035,320.7481802005986
35183,0.875,0.040,317.182208223637
35184,0.875,0.045,313.595295232093
35185,0.875,0.050,309.98725041922717
35186,0.875,0.055,306.35787953740817
35187,0.875,0.060,302.70698479193913
35188,0.875,0.065,299.03436473122684
35189,0.875,0.070,295.33981413318037
35190,0.875,0.075,291.6231238877266
35191,0.875,0.080,287.8840808753238
35192,0.875,0.085,284.12246784136016
35193,0.875,0.090,280.3380632663204
35194,0.875,0.095,276.53064123160647
35195,0.875,0.100,272.6999712809024
35196,0.875,0.105,268.845818276978
35197,0.875,0.110,264.967942253836
35198,0.875,0.115,261.06609826411915
35199,0.875,0.120,257.1400362217129
35200,0.875,0.125,253.18950073950705
35201,0.875,0.130,249.2142309623143
35202,0.875,0.135,245.2139603949981
35203,0.875,0.140,241.18841672593072
35204,0.875,0.145,237.13732164600316
35205,0.875,0.150,233.06039066354057
35206,0.875,0.155,228.95733291566378
35207,0.875,0.160,224.82785097689035
35208,0.875,0.165,220.67164066611812
35209,0.875,0.170,216.4883908536114
35210,0.875,0.175,212.2777832702713
35211,0.875,0.180,208.0394923223757
35212,0.875,0.185,203.7731849162261
35213,0.875,0.190,199.47852029886414
35214,0.875,0.195,195.15514992340076
35215,0.875,0.200,190.80271735080646
35216,0.875,0.205,186.42085820457137
35217,0.875,0.210,182.0092002009928
35218,0.875,0.215,177.56736328663507
35219,0.875,0.220,173.09495992674482
35220,0.875,0.225,168.59159560539868
35221,0.875,0.230,164.0568696218179
35222,0.875,0.235,159.49037630019473
35223,0.875,0.240,154.89170677616337
35224,0.875,0.245,150.260451586715
35225,0.875,0.250,145.59620437879076
35226,0.875,0.255,140.89856717441964
35227,0.875,0.260,136.167157799922
35228,0.875,0.265,131.4016203206234
35229,0.875,0.270,126.6016396436244
35230,0.875,0.275,121.76696188931632
35231,0.875,0.280,116.8974227254906
35232,0.875,0.285,111.99298665255418
35233,0.875,0.290,107.05380127829804
35234,0.875,0.295,102.08027198203247
35235,0.875,0.300,97.07316408777915
35236,0.875,0.305,92.03374175940306
35237,0.875,0.310,86.96395523720824
35238,0.875,0.315,81.86669054926993
35239,0.875,0.320,76.74609798542657
35240,0.875,0.325,71.60801652755158
35241,0.875,0.330,66.4605095630715
35242,0.875,0.335,61.31452019963767
35243,0.875,0.340,56.18463903318024
35244,0.875,0.345,51.0899493107089
35245,0.875,0.350,46.05487046840538
35246,0.875,0.355,41.10986017877779
35247,0.875,0.360,36.29176329731471
35248,0.875,0.365,31.643531416533996
35249,0.875,0.370,27.213012616275794
35250,0.875,0.375,23.050573061205526
35251,0.875,0.380,19.205501035894287
35252,0.875,0.385,15.721463409834907
35253,0.875,0.390,12.631666415123743
35254,0.875,0.395,9.954671059140876
35255,0.875,0.400,7.691856308549981
35256,0.875,0.405,5.827214788316201
35257,0.875,0.410,4.329576262799202
35258,0.875,0.415,3.1567118629523927
35259,0.875,0.420,2.260341408497998
35260,0.875,0.425,1.5909955786520342
35261,0.875,0.430,1.101937932677279
35262,0.875,0.435,0.7517624490018125
35263,0.875,0.440,0.5056686823161436
35264,0.875,0.445,0.33566867435742304
35265,0.875,0.450,0.22007729075885166
35266,0.875,0.455,0.14261965164226142
35267,0.875,0.460,0.09141198533116741
35268,0.875,0.465,0.057981381290475684
35269,0.875,0.470,0.036411888918268166
35270,0.875,0.475,0.022648750147755938
35271,0.875,0.480,0.013958617204583466
35272,0.875,0.485,0.008526403201734954
35273,0.875,0.490,0.00516325730481132
35274,0.875,0.495,0.003100339489233017
35275,0.875,0.500,0.0018462996117629886
35276,0.875,0.505,0.0010906149114024803
35277,0.875,0.510,0.0006391118838694669
35278,0.875,0.515,0.00037159608631849784
35279,0.875,0.520,0.00021438818253286703
35280,0.875,0.525,0.00012274621071968418
35281,0.875,0.530,6.974794229937894e-05
35282,0.875,0.535,3.933749154932899e-05
35283,0.875,0.540,2.202257050418755e-05
35284,0.875,0.545,1.223907328207799e-05
35285,0.875,0.550,6.752754899748892e-06
35286,0.875,0.555,3.699119694515881e-06
35287,0.875,0.560,2.012030719272173e-06
35288,0.875,0.565,1.086738231891975e-06
35289,0.875,0.570,5.829168798928856e-07
35290,0.875,0.575,3.1054128635208654e-07
35291,0.875,0.580,1.6432579090403344e-07
35292,0.875,0.585,8.637973500485736e-08
35293,0.875,0.590,4.511155311902415e-08
35294,0.875,0.595,2.3409272576115152e-08
35295,0.875,0.600,1.2071789511450696e-08
35296,0.875,0.605,6.187336942049403e-09
35297,0.875,0.610,3.152498886978048e-09
35298,0.875,0.615,1.5969902579557402e-09
35299,0.875,0.620,8.045068163821634e-10
35300,0.875,0.625,4.031147668340837e-10
35301,0.875,0.630,2.0095484094214718e-10
35302,0.875,0.635,9.968886748300655e-11
35303,0.875,0.640,4.9225456658818825e-11
35304,0.875,0.645,2.4202125960808164e-11
35305,0.875,0.650,1.1851503097963079e-11
35306,0.875,0.655,5.782226413222733e-12
35307,0.875,0.660,2.81173588735065e-12
35308,0.875,0.665,1.3632593535653635e-12
35309,0.875,0.670,6.593024361056773e-13
35310,0.875,0.675,3.181865926734132e-13
35311,0.875,0.680,1.5330980615103932e-13
35312,0.875,0.685,7.378357870592007e-14
35313,0.875,0.690,3.5487290812634514e-14
35314,0.875,0.695,1.7066376652297274e-14
35315,0.875,0.700,8.211206535927923e-15
35316,0.875,0.705,3.954764913194241e-15
35317,0.875,0.710,1.9078375983533202e-15
35318,0.875,0.715,9.22433523798766e-16
35319,0.875,0.720,4.472734671250381e-16
35320,0.875,0.725,2.1763609280380632e-16
35321,0.875,0.730,1.0633735080445128e-16
35322,0.875,0.735,5.220538536241175e-17
35323,0.875,0.740,2.5768820775668782e-17
35324,0.875,0.745,1.2796588335869744e-17
35325,0.875,0.750,6.39702253292482e-18
35326,0.875,0.755,3.221066304016906e-18
35327,0.875,0.760,1.6345627801410088e-18
35328,0.875,0.765,8.363948329627945e-19
35329,0.875,0.770,4.3175746700658384e-19
35330,0.875,0.775,2.249466237911194e-19
35331,0.875,0.780,1.183319868783489e-19
35332,0.875,0.785,6.287211806291185e-20
35333,0.875,0.790,3.375007578722408e-20
35334,0.875,0.795,1.8308649168866112e-20
35335,0.875,0.800,1.0038837940880882e-20
35336,0.875,0.805,5.564340097375196e-21
35337,0.875,0.810,3.1180415054201162e-21
35338,0.875,0.815,1.766450385587518e-21
35339,0.875,0.820,1.0117316095158723e-21
35340,0.875,0.825,5.857977300305497e-22
35341,0.875,0.830,3.4283035838255917e-22
35342,0.875,0.835,2.0278601353449426e-22
35343,0.875,0.840,1.2121226615894526e-22
35344,0.875,0.845,7.32004615001591e-23
35345,0.875,0.850,4.465246823609252e-23
35346,0.875,0.855,2.7506722016085293e-23
35347,0.875,0.860,1.710741388819413e-23
35348,0.875,0.865,1.0739078537427339e-23
35349,0.875,0.870,6.802484521653656e-24
35350,0.875,0.875,4.346739655697021e-24
35351,0.875,0.880,2.8011131697980458e-24
35352,0.875,0.885,1.8198795999742388e-24
35353,0.875,0.890,1.1917161528702822e-24
35354,0.875,0.895,7.8631038550242645e-25
35355,0.875,0.900,5.226115770206002e-25
35356,0.875,0.905,3.497846926613301e-25
35357,0.875,0.910,2.356852544150099e-25
35358,0.875,0.915,1.5948857125197542e-25
35359,0.875,0.920,1.0877371185915182e-25
35360,0.875,0.925,7.461327540727062e-26
35361,0.875,0.930,5.146028555905004e-26
35362,0.875,0.935,3.5674294001817436e-26
35363,0.875,0.940,2.4849906295889784e-26
35364,0.875,0.945,1.7387348731955463e-26
35365,0.875,0.950,1.2215921047963446e-26
35366,0.875,0.955,8.614641581722785e-27
35367,0.875,0.960,6.0798361252191204e-27
35368,0.875,0.965,4.3120862806415434e-27
35369,0.875,0.970,3.065184695464971e-27
35370,0.875,0.975,2.1823472778781112e-27
35371,0.875,0.980,1.5550909617563667e-27
35372,0.875,0.985,1.1079910370720731e-27
35373,0.875,0.990,7.883644683986496e-28
35374,0.875,0.995,5.592511215643929e-28
35375,0.875,1.000,3.946137531723904e-28
35376,0.880,0.000,343.50306180211703
35377,0.880,0.005,340.06495673959057
35378,0.880,0.010,336.6069809843052
35379,0.880,0.015,333.128961532059
35380,0.880,0.020,329.63072248087514
35381,0.880,0.025,326.11208494348375
35382,0.880,0.030,322.5728669567087
35383,0.880,0.035,319.01288338765426
35384,0.880,0.040,315.43194583658493
35385,0.880,0.045,311.8298625363892
35386,0.880,0.050,308.20643824851476
35387,0.880,0.055,304.5614741552579
35388,0.880,0.060,300.89476774829177
35389,0.880,0.065,297.20611271330984
35390,0.880,0.070,293.4952988106624
35391,0.880,0.075,289.76211175186205
35392,0.880,0.080,286.0063330718275
35393,0.880,0.085,282.22773999674314
35394,0.880,0.090,278.4261053074023
35395,0.880,0.095,274.60119719790964
35396,0.880,0.100,270.75277912962054
35397,0.880,0.105,266.8806096801976
35398,0.880,0.110,262.9844423876782
35399,0.880,0.115,259.0640255894569
35400,0.880,0.120,255.1191022561077
35401,0.880,0.125,251.14940982000059
35402,0.880,0.130,247.1546799987039
35403,0.880,0.135,243.13463861322438
35404,0.880,0.140,239.08900540120956
35405,0.880,0.145,235.01749382534888
35406,0.880,0.150,230.91981087735726
35407,0.880,0.155,226.7956568781286
35408,0.880,0.160,222.64472527493155
35409,0.880,0.165,218.46670243690937
35410,0.880,0.170,214.26126745068183
35411,0.880,0.175,210.02809191859242
35412,0.880,0.180,205.76683976316886
35413,0.880,0.185,201.47716704278406
35414,0.880,0.190,197.1587217854769
35415,0.880,0.195,192.81114385061355
35416,0.880,0.200,188.43406483186985
35417,0.880,0.205,184.02710802027832
35418,0.880,0.210,179.58988845342958
35419,0.880,0.215,175.12201308713693
35420,0.880,0.220,170.62308114014706
35421,0.880,0.225,166.09268468237966
35422,0.880,0.230,161.5304095649856
35423,0.880,0.235,156.93583682933277
35424,0.880,0.240,152.30854478623007
35425,0.880,0.245,147.64811203232856
35426,0.880,0.250,142.95412177602503
35427,0.880,0.255,138.22616799178985
35428,0.880,0.260,133.4638641252045
35429,0.880,0.265,128.66685535207571
35430,0.880,0.270,123.83483578155442
35431,0.880,0.275,118.96757252129197
35432,0.880,0.280,114.06493923779908
35433,0.880,0.285,109.12696280226129
35434,0.880,0.290,104.15388787293055
35435,0.880,0.295,99.14626589084904
35436,0.880,0.300,94.10507699904004
35437,0.880,0.305,89.03189582781047
35438,0.880,0.310,83.92911480030101
35439,0.880,0.315,78.80024127184772
35440,0.880,0.320,73.65028672950949
35441,0.880,0.325,68.48626617444134
35442,0.880,0.330,63.3178215930465
35443,0.880,0.335,58.15797196105015
35444,0.880,0.340,53.02396938478156
35445,0.880,0.345,47.93820229349993
35446,0.880,0.350,42.92902910926352
35447,0.880,0.355,38.031351778423456
35448,0.880,0.360,33.28666084336053
35449,0.880,0.365,28.742231428208857
35450,0.880,0.370,24.44916862867886
35451,0.880,0.375,20.459142759117
35452,0.880,0.380,16.819946916457592
35453,0.880,0.385,13.570412944119958
35454,0.880,0.390,10.735607254115488
35455,0.880,0.395,8.323403100636929
35456,0.880,0.400,6.323335954896762
35457,0.880,0.405,4.708095621522918
35458,0.880,0.410,3.437292870721074
35459,0.880,0.415,2.4625613159601163
35460,0.880,0.420,1.7328427237004436
35461,0.880,0.425,1.198883342653692
35462,0.880,0.430,0.8163878907251166
35463,0.880,0.435,0.5477253171558619
35464,0.880,0.440,0.3624037871220153
35465,0.880,0.445,0.23668225988765892
35466,0.880,0.450,0.15269298433836134
35467,0.880,0.455,0.09737501066121688
35468,0.880,0.460,0.06141932044103191
35469,0.880,0.465,0.03833613762651461
35470,0.880,0.470,0.023688706077187267
35471,0.880,0.475,0.01449636132775024
35472,0.880,0.480,0.008788035222026015
35473,0.880,0.485,0.0052789709506036
35474,0.880,0.490,0.003142848985992758
35475,0.880,0.495,0.001854778008466759
35476,0.880,0.500,0.0010852250615977208
35477,0.880,0.505,0.0006295965939661527
35478,0.880,0.510,0.00036221512629935345
35479,0.880,0.515,0.00020666775086416168
35480,0.880,0.520,0.0001169541427485169
35481,0.880,0.525,6.564865575543336e-05
35482,0.880,0.530,3.6553642190135414e-05
35483,0.880,0.535,2.0190863068483636e-05
35484,0.880,0.540,1.1064241907121546e-05
35485,0.880,0.545,6.015242735122179e-06
35486,0.880,0.550,3.244674889319692e-06
35487,0.880,0.555,1.7365921082835513e-06
35488,0.880,0.560,9.222654514276401e-07
35489,0.880,0.565,4.860374775454771e-07
35490,0.880,0.570,2.5419403743318616e-07
35491,0.880,0.575,1.3193839434645392e-07
35492,0.880,0.580,6.79702066952995e-08
35493,0.880,0.585,3.475699745786875e-08
35494,0.880,0.590,1.764333862481036e-08
35495,0.880,0.595,8.891542988471393e-09
35496,0.880,0.600,4.449172584046913e-09
35497,0.880,0.605,2.2107543831359613e-09
35498,0.880,0.610,1.0909886264363794e-09
35499,0.880,0.615,5.347913269696253e-10
35500,0.880,0.620,2.6043894709625645e-10
35501,0.880,0.625,1.2602760664023826e-10
35502,0.880,0.630,6.061116807815502e-11
35503,0.880,0.635,2.8977754596358162e-11
35504,0.880,0.640,1.3775561007990005e-11
35505,0.880,0.645,6.513340600821973e-12
35506,0.880,0.650,3.0639120859870144e-12
35507,0.880,0.655,1.434386285587715e-12
35508,0.880,0.660,6.685352385414662e-13
35509,0.880,0.665,3.10323112598495e-13
35510,0.880,0.670,1.4351971063523328e-13
35511,0.880,0.675,6.616154164267622e-14
35512,0.880,0.680,3.041576190779944e-14
35513,0.880,0.685,1.395104403296901e-14
35514,0.880,0.690,6.3879150876058876e-15
35515,0.880,0.695,2.921453274573206e-15
35516,0.880,0.700,1.3353106364151325e-15
35517,0.880,0.705,6.103488094958409e-16
35518,0.880,0.710,2.791690172916566e-16
35519,0.880,0.715,1.2786202026511453e-16
35520,0.880,0.720,5.868171918947894e-17
35521,0.880,0.725,2.7006043170758386e-17
35522,0.880,0.730,1.2471890679617562e-17
35523,0.880,0.735,5.784122162608374e-18
35524,0.880,0.740,2.695869672459875e-18
35525,0.880,0.745,1.2636831555209816e-18
35526,0.880,0.750,5.96174199295786e-19
35527,0.880,0.755,2.8327925173396705e-19
35528,0.880,0.760,1.3566375063556885e-19
35529,0.880,0.765,6.552513047277935e-20
35530,0.880,0.770,3.1938764053117865e-20
35531,0.880,0.775,1.571976876357852e-20
35532,0.880,0.780,7.816667111284664e-21
35533,0.880,0.785,3.928706869899393e-21
35534,0.880,0.790,1.9966823278392033e-21
35535,0.880,0.795,1.0264806040973079e-21
35536,0.880,0.800,5.339462159681627e-22
35537,0.880,0.805,2.8108849890732303e-22
35538,0.880,0.810,1.4977964699469518e-22
35539,0.880,0.815,8.079127613815397e-23
35540,0.880,0.820,4.4115334558400706e-23
35541,0.880,0.825,2.4384569043039428e-23
35542,0.880,0.830,1.3638607668590266e-23
35543,0.880,0.835,7.721130416554806e-24
35544,0.880,0.840,4.4233237049614314e-24
35545,0.880,0.845,2.563569586900031e-24
35546,0.880,0.850,1.5026711515550009e-24
35547,0.880,0.855,8.906104432782502e-25
35548,0.880,0.860,5.335681571989806e-25
35549,0.880,0.865,3.2302516397487823e-25
35550,0.880,0.870,1.9755484358024724e-25
35551,0.880,0.875,1.2201143274240364e-25
35552,0.880,0.880,7.607273636206169e-26
35553,0.880,0.885,4.7865869738125747e-26
35554,0.880,0.890,3.0383920489107486e-26
35555,0.880,0.895,1.94507122091708e-26
35556,0.880,0.900,1.2553223230933948e-26
35557,0.880,0.905,8.165049132618112e-27
35558,0.880,0.910,5.350620412804056e-27
35559,0.880,0.915,3.4802460038471626e-27
35560,0.880,0.920,2.3056742467685745e-27
35561,0.880,0.925,1.5366181538898172e-27
35562,0.880,0.930,1.0297658463978048e-27
35563,0.880,0.935,6.936407842708572e-28
35564,0.880,0.940,4.694254878691869e-28
35565,0.880,0.945,3.190348423783666e-28
35566,0.880,0.950,2.176405187416396e-28
35567,0.880,0.955,1.4895212707445908e-28
35568,0.880,0.960,1.001363302191566e-28
35569,0.880,0.965,6.857779634948851e-29
35570,0.880,0.970,4.698819960221374e-29
35571,0.880,0.975,3.2177516458685314e-29
35572,0.880,0.980,2.1994689578010984e-29
35573,0.880,0.985,9.139373929436593e-14
35574,0.880,0.990,7.590372539096549e-14
35575,0.880,0.995,6.294299717945786e-14
35576,0.880,1.000,5.204793227888787e-14
35577,0.885,0.000,341.92733082330705
35578,0.885,0.005,338.4762134827862
35579,0.885,0.010,335.00505811266737
35580,0.885,0.015,331.5136883264578
35581,0.885,0.020,328.0019247393423
35582,0.885,0.025,324.4695848769236
35583,0.885,0.030,320.91648308070995
35584,0.885,0.035,317.34243041024
35585,0.885,0.040,313.7472345417312
35586,0.885,0.045,310.130699663133
35587,0.885,0.050,306.49262636546507
35588,0.885,0.055,302.8328115303168
35589,0.885,0.060,299.15104821337906
35590,0.885,0.065,295.4471255238803
35591,0.885,0.070,291.7208284997924
35592,0.885,0.075,287.97193797867175
35593,0.885,0.080,284.20023046399655
35594,0.885,0.085,280.40547798686384
35595,0.885,0.090,276.58744796290557
35596,0.885,0.095,272.74590304428614
35597,0.885,0.100,268.88060096664697
35598,0.885,0.105,264.99129439086914
35599,0.885,0.110,261.077730739533
35600,0.885,0.115,257.1396520279705
35601,0.885,0.120,253.17679468982433
35602,0.885,0.125,249.18888939706105
35603,0.885,0.130,245.17566087442538
35604,0.885,0.135,241.13682770838594
35605,0.885,0.140,237.07210215070708
35606,0.885,0.145,232.98118991689736
35607,0.885,0.150,228.86378997995138
35608,0.885,0.155,224.7195943600258
35609,0.885,0.160,220.5482879110056
35610,0.885,0.165,216.34954810534768
35611,0.885,0.170,212.12304481919293
35612,0.885,0.175,207.86844012056653
35613,0.885,0.180,203.5853880646434
35614,0.885,0.185,199.2735345016565
35615,0.885,0.190,194.93251690525776
35616,0.885,0.195,190.5619642322399
35617,0.885,0.200,186.16149682886072
35618,0.885,0.205,181.7307264050406
35619,0.885,0.210,177.26925610615044
35620,0.885,0.215,172.77668072389739
35621,0.885,0.220,168.25258710434503
35622,0.885,0.225,163.69655483423648
35623,0.885,0.230,159.10815731922008
35624,0.885,0.235,154.4869634130186
35625,0.885,0.240,149.8325398202498
35626,0.885,0.245,145.14445458472898
35627,0.885,0.250,140.42228209968113
35628,0.885,0.255,135.66561025010705
35629,0.885,0.260,130.87405053932287
35630,0.885,0.265,126.04725238660603
35631,0.885,0.270,121.18492324427264
35632,0.885,0.275,116.28685681345374
35633,0.885,0.280,111.35297249220345
35634,0.885,0.285,106.38337033133156
35635,0.885,0.290,101.37840727221077
35636,0.885,0.295,96.33880236049076
35637,0.885,0.300,91.26578100299031
35638,0.885,0.305,86.16127111665178
35639,0.885,0.310,81.028167001926
35640,0.885,0.315,75.87067945669504
35641,0.885,0.320,70.69479203396631
35642,0.885,0.325,65.50884168072746
35643,0.885,0.330,60.32423447749393
35644,0.885,0.335,55.15628982872008
35645,0.885,0.340,50.02517431631942
35646,0.885,0.345,44.95683496293575
35647,0.885,0.350,39.98376965050995
35648,0.885,0.355,35.14538725503984
35649,0.885,0.360,30.4876342705078
35650,0.885,0.365,26.061540646034395
35651,0.885,0.370,21.920422303233813
35652,0.885,0.375,18.1157196364238
35653,0.885,0.380,14.691846794533097
35654,0.885,0.385,11.680877769973689
35655,0.885,0.390,9.09820997899481
35656,0.885,0.395,6.9403172331278435
35657,0.885,0.400,5.1852481241403625
35658,0.885,0.405,3.795779974147859
35659,0.885,0.410,2.7244148756710778
35660,0.885,0.415,1.9190090674765323
35661,0.885,0.420,1.3278792626680838
35662,0.885,0.425,0.9036207862486232
35663,0.885,0.430,0.6053730229079437
35664,0.885,0.435,0.399675451597061
35665,0.885,0.440,0.2602798423912581
35666,0.885,0.445,0.1673323261438255
35667,0.885,0.450,0.10627666472494073
35668,0.885,0.455,0.06672424317541686
35669,0.885,0.460,0.041432942390993883
35670,0.885,0.465,0.025457576773010925
35671,0.885,0.470,0.015483136098231837
35672,0.885,0.475,0.009324076837768968
35673,0.885,0.480,0.005561210815633516
35674,0.885,0.485,0.003285804611171421
35675,0.885,0.490,0.0019235304099046357
35676,0.885,0.495,0.0011158451034073797
35677,0.885,0.500,0.000641516253873937
35678,0.885,0.505,0.0003655547048806858
35679,0.885,0.510,0.00020647736351700222
35680,0.885,0.515,0.00011561015356194831
35681,0.885,0.520,6.41720603061859e-05
35682,0.885,0.525,3.531355124662841e-05
35683,0.885,0.530,1.9266284118240235e-05
35684,0.885,0.535,1.0421471354586942e-05
35685,0.885,0.540,5.589156882238598e-06
35686,0.885,0.545,2.972079154300792e-06
35687,0.885,0.550,1.5670448838597347e-06
35688,0.885,0.555,8.192562937848831e-07
35689,0.885,0.560,4.2470400992351163e-07
35690,0.885,0.565,2.183198668615068e-07
35691,0.885,0.570,1.1128951126913747e-07
35692,0.885,0.575,5.625812011530899e-08
35693,0.885,0.580,2.820361553113102e-08
35694,0.885,0.585,1.402279870448173e-08
35695,0.885,0.590,6.915130787909551e-09
35696,0.885,0.595,3.3824511708671393e-09
35697,0.885,0.600,1.6412038380626012e-09
35698,0.885,0.605,7.900109215937355e-10
35699,0.885,0.610,3.773018068006205e-10
35700,0.885,0.615,1.788059782383665e-10
35701,0.885,0.620,8.409531852607481e-11
35702,0.885,0.625,3.925774019324967e-11
35703,0.885,0.630,1.8193571969091406e-11
35704,0.885,0.635,8.372101858851281e-12
35705,0.885,0.640,3.826215203089334e-12
35706,0.885,0.645,1.7371116370825666e-12
35707,0.885,0.650,7.836568052316546e-13
35708,0.885,0.655,3.513924187365635e-13
35709,0.885,0.660,1.5666370826923343e-13
35710,0.885,0.665,6.947182379951188e-14
35711,0.885,0.670,3.065365238829682e-14
35712,0.885,0.675,1.3463959079791464e-14
35713,0.885,0.680,5.889515956133772e-15
35714,0.885,0.685,2.5669527516671155e-15
35715,0.885,0.690,1.1153704654091395e-15
35716,0.885,0.695,4.834277343655397e-16
35717,0.885,0.700,2.0913177950774225e-16
35718,0.885,0.705,9.035788596488631e-17
35719,0.885,0.710,3.901822554535275e-17
35720,0.885,0.715,1.685147543921537e-17
35721,0.885,0.720,7.284599373463418e-18
35722,0.885,0.725,3.154370170097306e-18
35723,0.885,0.730,1.3693445806821286e-18
35724,0.885,0.735,5.964440697619137e-19
35725,0.885,0.740,2.6088845682272523e-19
35726,0.885,0.745,1.1469489621774893e-19
35727,0.885,0.750,5.072414847940386e-20
35728,0.885,0.755,2.25861432956115e-20
35729,0.885,0.760,1.0134333845845646e-20
35730,0.885,0.765,4.5859912199248404e-21
35731,0.885,0.770,2.094599111766549e-21
35732,0.885,0.775,9.663282683163277e-22
35733,0.885,0.780,4.506180071802738e-22
35734,0.885,0.785,2.125350158321947e-22
35735,0.885,0.790,1.0144703270039377e-22
35736,0.885,0.795,4.9028902691518395e-23
35737,0.885,0.800,2.4002275563601242e-23
35738,0.885,0.805,1.1906629722798291e-23
35739,0.885,0.810,5.986532076824611e-24
35740,0.885,0.815,3.051345297274023e-24
35741,0.885,0.820,1.576825294719073e-24
35742,0.885,0.825,8.261669311954929e-25
35743,0.885,0.830,4.380807869423592e-25
35744,0.885,0.835,2.3562433414094557e-25
35745,0.885,0.840,1.284922108472921e-25
35746,0.885,0.845,7.099309088285455e-26
35747,0.885,0.850,3.972996063143718e-26
35748,0.885,0.855,2.251376464895358e-26
35749,0.885,0.860,1.291396086585971e-26
35750,0.885,0.865,7.49544312927326e-27
35751,0.885,0.870,4.400497416253725e-27
35752,0.885,0.875,2.6122279727751736e-27
35753,0.885,0.880,1.5673469535135993e-27
35754,0.885,0.885,9.501853723433502e-28
35755,0.885,0.890,5.818259117571964e-28
35756,0.885,0.895,3.597360017904359e-28
35757,0.885,0.900,2.2452285270104972e-28
35758,0.885,0.905,1.414237277389788e-28
35759,0.885,0.910,8.988649007711532e-29
35760,0.885,0.915,5.094013991700676e-29
35761,0.885,0.920,3.199945527890637e-29
35762,0.885,0.925,2.014740163763395e-29
35763,0.885,0.930,9.433657512703315e-14
35764,0.885,0.935,7.600264301312179e-14
35765,0.885,0.940,6.141932069187228e-14
35766,0.885,0.945,4.9775431075217805e-14
35767,0.885,0.950,4.044452318864072e-14
35768,0.885,0.955,3.294071928899031e-14
35769,0.885,0.960,2.688558420120827e-14
35770,0.885,0.965,2.1983151118149303e-14
35771,0.885,0.970,1.8001009373242817e-14
35772,0.885,0.975,1.4755917663773893e-14
35773,0.885,0.980,1.210280830248074e-14
35774,0.885,0.985,9.926342392447778e-15
35775,0.885,0.990,8.13439049091757e-15
35776,0.885,0.995,6.6529722615999165e-15
35777,0.885,1.000,5.422308659359624e-15
35778,0.890,0.000,340.4131897720418
35779,0.890,0.005,336.94970024011496
35780,0.890,0.010,333.4660151866738
35781,0.890,0.015,329.96195505533075
35782,0.890,0.020,326.43733719701567
35783,0.890,0.025,322.89197577520065
35784,0.890,0.030,319.3256816677267
35785,0.890,0.035,315.7382623651143
35786,0.890,0.040,312.1295218652377
35787,0.890,0.045,308.4992605642375
35788,0.890,0.050,304.84727514354427
35789,0.890,0.055,301.1733584528792
35790,0.890,0.060,297.4772993890989
35791,0.890,0.065,293.75888277074307
35792,0.890,0.070,290.0178892081444
35793,0.890,0.075,286.2540949689556
35794,0.890,0.080,282.46727183894495
35795,0.890,0.085,278.6571869779134
35796,0.890,0.090,274.82360277058217
35797,0.890,0.095,270.96627667230325
35798,0.890,0.100,267.08496104944635
35799,0.890,0.105,263.1794030143227
35800,0.890,0.110,259.2493442545157
35801,0.890,0.115,255.2945208565017
35802,0.890,0.120,251.3146631234699
35803,0.890,0.125,247.3094953872781
35804,0.890,0.130,243.27873581453136
35805,0.890,0.135,239.22209620683455
35806,0.890,0.140,235.13928179536066
35807,0.890,0.145,231.029991030007
35808,0.890,0.150,226.89391536358826
35809,0.890,0.155,222.73073903176544
35810,0.890,0.160,218.54013882975363
35811,0.890,0.165,214.32178388733178
35812,0.890,0.170,210.07533544434364
35813,0.890,0.175,205.8004466298055
35814,0.890,0.180,201.49676224902717
35815,0.890,0.185,197.16391858494785
35816,0.890,0.190,192.80154322240153
35817,0.890,0.195,188.40925490752355
35818,0.890,0.200,183.98666345942272
35819,0.890,0.205,179.53336975809836
35820,0.890,0.210,175.04896584222342
35821,0.890,0.215,170.53303516391762
35822,0.890,0.220,165.9851530666362
35823,0.890,0.225,161.4048875789806
35824,0.890,0.230,156.7918006547806
35825,0.890,0.235,152.14545004257715
35826,0.890,0.240,147.465392041835
35827,0.890,0.245,142.7511855074155
35828,0.890,0.250,138.00239760996283
35829,0.890,0.255,133.21861206428343
35830,0.890,0.260,128.39944082286257
35831,0.890,0.265,123.54454062738134
35832,0.890,0.270,118.65363635708603
35833,0.890,0.275,113.72655386006504
35834,0.890,0.280,108.76326596494545
35835,0.890,0.285,103.76395671969996
35836,0.890,0.290,98.72911066807187
35837,0.890,0.295,93.65963621591493
35838,0.890,0.300,88.55703487412978
35839,0.890,0.305,83.42363129262125
35840,0.890,0.310,78.26288219591818
35841,0.890,0.315,73.0797848682273
35842,0.890,0.320,67.88140632840371
35843,0.890,0.325,62.67755042320174
35844,0.890,0.330,57.481568121995785
35845,0.890,0.335,52.3112913879884
35846,0.890,0.340,47.19002759237201
35847,0.890,0.345,42.14748555178723
35848,0.890,0.350,37.220417944753706
35849,0.890,0.355,32.45267303162267
35850,0.890,0.360,27.894286278770164
35851,0.890,0.365,23.5992660744802
35852,0.890,0.370,19.62190034495207
35853,0.890,0.375,16.011764067896795
35854,0.890,0.380,12.808088332678626
35855,0.890,0.385,10.03459172080613
35856,0.890,0.390,7.696036365377644
35857,0.890,0.395,5.777480128946973
35858,0.890,0.400,4.2464908532852705
35859,0.890,0.405,3.057747703285498
35860,0.890,0.410,2.1588486171147574
35861,0.890,0.415,1.496005939394825
35862,0.890,0.420,1.018619096218387
35863,0.890,0.425,0.682241779553586
35864,0.890,0.430,0.44995964481084544
35865,0.890,0.435,0.29251137186632636
35866,0.890,0.440,0.1875974250516042
35867,0.890,0.445,0.11878445901244686
35868,0.890,0.450,0.07430673050439864
35869,0.890,0.455,0.04594900832239171
35870,0.890,0.460,0.02810011845136171
35871,0.890,0.465,0.017001779669816544
35872,0.890,0.470,0.010180648045261136
35873,0.890,0.475,0.006034851794903081
35874,0.890,0.480,0.003542109202659663
35875,0.890,0.485,0.0020589107022789847
35876,0.890,0.490,0.0011853711638552464
35877,0.890,0.495,0.000676022242862597
35878,0.890,0.500,0.0003819402371911732
35879,0.890,0.505,0.00021378977674102315
35880,0.890,0.510,0.00011856529576906172
35881,0.890,0.515,6.515135134671359e-05
35882,0.890,0.520,3.547280906208743e-05
35883,0.890,0.525,1.913732311787236e-05
35884,0.890,0.530,1.0230202245705287e-05
35885,0.890,0.535,5.4188382127847165e-06
35886,0.890,0.540,2.8441126683531113e-06
35887,0.890,0.545,1.4791239218275527e-06
35888,0.890,0.550,7.622147162251645e-07
35889,0.890,0.555,3.8919103280810743e-07
35890,0.890,0.560,1.9690608804089693e-07
35891,0.890,0.565,9.871093012361645e-08
35892,0.890,0.570,4.9032205689889067e-08
35893,0.890,0.575,2.413291799332891e-08
35894,0.890,0.580,1.1769416154518858e-08
35895,0.890,0.585,5.6875332742795645e-09
35896,0.890,0.590,2.7235009876317555e-09
35897,0.890,0.595,1.2923500122499613e-09
35898,0.890,0.600,6.077160187524865e-10
35899,0.890,0.605,2.832128959759193e-10
35900,0.890,0.610,1.3081172338830774e-10
35901,0.890,0.615,5.988766039172948e-11
35902,0.890,0.620,2.717863920251558e-11
35903,0.890,0.625,1.222835422169871e-11
35904,0.890,0.630,5.455277664780904e-12
35905,0.890,0.635,2.413470483153529e-12
35906,0.890,0.640,1.0590612172218818e-12
35907,0.890,0.645,4.610441538504286e-13
35908,0.890,0.650,1.9916197822896332e-13
35909,0.890,0.655,8.539362206070313e-14
35910,0.890,0.660,3.635177533026702e-14
35911,0.890,0.665,1.5369067082195412e-14
35912,0.890,0.670,6.455753319997173e-15
35913,0.890,0.675,2.6952311664098092e-15
35914,0.890,0.680,1.1188815332591631e-15
35915,0.890,0.685,4.620814814717346e-16
35916,0.890,0.690,1.899440215266926e-16
35917,0.890,0.695,7.775907696155877e-17
35918,0.890,0.700,3.172202495811272e-17
35919,0.890,0.705,1.290450888447695e-17
35920,0.890,0.710,5.238417911901101e-18
35921,0.890,0.715,2.1235612426309353e-18
35922,0.890,0.720,8.60366909740104e-19
35923,0.890,0.725,3.4867817408045625e-19
35924,0.890,0.730,1.414732609518977e-19
35925,0.890,0.735,5.752223723823788e-20
35926,0.890,0.740,2.3459946649439853e-20
35927,0.890,0.745,9.606789664549464e-21
35928,0.890,0.750,3.95392681638086e-21
35929,0.890,0.755,1.6372773891715121e-21
35930,0.890,0.760,6.828168954274707e-22
35931,0.890,0.765,2.870884982797051e-22
35932,0.890,0.770,1.218117282815469e-22
35933,0.890,0.775,5.220862209071217e-23
35934,0.890,0.780,2.262422840073946e-23
35935,0.890,0.785,9.921056309826114e-24
35936,0.890,0.790,4.405953420852651e-24
35937,0.890,0.795,1.983044077831407e-24
35938,0.890,0.800,9.051335226518193e-25
35939,0.890,0.805,4.192002157147629e-25
35940,0.890,0.810,1.9708938296544452e-25
35941,0.890,0.815,9.410393744676034e-26
35942,0.890,0.820,4.564514636926736e-26
35943,0.890,0.825,2.249771889421245e-26
35944,0.890,0.830,1.1140925168621879e-26
35945,0.890,0.835,5.6249555069994635e-27
35946,0.890,0.840,2.8913036203045096e-27
35947,0.890,0.845,1.507947192943239e-27
35948,0.890,0.850,7.977397468540877e-28
35949,0.890,0.855,4.279329511357373e-28
35950,0.890,0.860,2.3269641316777996e-28
35951,0.890,0.865,1.2822753248271489e-28
35952,0.890,0.870,7.159197933163816e-29
35953,0.890,0.875,4.049579443618041e-29
35954,0.890,0.880,1.2950691119803224e-13
35955,0.890,0.885,9.796743725301931e-14
35956,0.890,0.890,7.4531696403298e-14
35957,0.890,0.895,5.701329441404574e-14
35958,0.890,0.900,4.384206141583271e-14
35959,0.890,0.905,3.3883497480532706e-14
35960,0.890,0.910,2.631297269604973e-14
35961,0.890,0.915,2.052756331321654e-14
35962,0.890,0.920,1.6083904426315507e-14
35963,0.890,0.925,1.2654126476368134e-14
35964,0.890,0.930,9.99443627905029e-15
35965,0.890,0.935,7.922585754869109e-15
35966,0.890,0.940,6.301624482460413e-15
35967,0.890,0.945,5.0281190806463164e-15
35968,0.890,0.950,4.023565242658231e-15
35969,0.890,0.955,3.2280939925605345e-15
35970,0.890,0.960,2.5958352628862453e-15
35971,0.890,0.965,2.0914849648432203e-15
35972,0.890,0.970,1.6877502027275734e-15
35973,0.890,0.975,1.3634386553758433e-15
35974,0.890,0.980,1.1020224082020841e-15
35975,0.890,0.985,8.905529433259556e-16
35976,0.890,0.990,7.188371169716428e-16
35977,0.890,0.995,5.788080678098055e-16
35978,0.890,1.000,4.640428481596009e-16
35979,0.895,0.000,338.96192300165393
35980,0.895,0.005,335.48670543454506
35981,0.895,0.010,331.9911446465012
35982,0.895,0.015,328.4750581215487
35983,0.895,0.020,324.9382601628149
35984,0.895,0.025,321.38056179446363
35985,0.895,0.030,317.801770660097
35986,0.895,0.035,314.2016909174995
35987,0.895,0.040,310.58012312959534
35988,0.895,0.045,306.93686415149006
35989,0.895,0.050,303.2717070134588
35990,0.895,0.055,299.58444079974396
35991,0.895,0.060,295.8748505230166
35992,0.895,0.065,292.1427169943576
35993,0.895,0.070,288.3878166886049
35994,0.895,0.075,284.6099216049161
35995,0.895,0.080,280.80879912238703
35996,0.895,0.085,276.9842118505708
35997,0.895,0.090,273.1359174747358
35998,0.895,0.095,269.263668595706
35999,0.895,0.100,265.36721256412613
36000,0.895,0.105,261.44629130900336
36001,0.895,0.110,257.5006411603849
36002,0.895,0.115,253.52999266604724
36003,0.895,0.120,249.53407040209657
36004,0.895,0.125,245.51259277741426
36005,0.895,0.130,241.46527183193015
36006,0.895,0.135,237.39181302877827
36007,0.895,0.140,233.29191504048754
36008,0.895,0.145,229.1652695294986
36009,0.895,0.150,225.011560923495
36010,0.895,0.155,220.83046618630377
36011,0.895,0.160,216.62165458550325
36012,0.895,0.165,212.384787458399
36013,0.895,0.170,208.1195179787659
36014,0.895,0.175,203.82549092777805
36015,0.895,0.180,199.50234247398078
36016,0.895,0.185,195.14969996916116
36017,0.895,0.190,190.7671817697773
36018,0.895,0.195,186.3543970975329
36019,0.895,0.200,181.91094595820866
36020,0.895,0.205,177.4364191456033
36021,0.895,0.210,172.9303983683615
36022,0.895,0.215,168.39245655281866
36023,0.895,0.220,163.82215839666918
36024,0.895,0.225,159.21906127881283
36025,0.895,0.230,154.58271667385637
36026,0.895,0.235,149.91267228058163
36027,0.895,0.240,145.20847515948648
36028,0.895,0.245,140.46967629537266
36029,0.895,0.250,135.69583717094613
36030,0.895,0.255,130.88653917586618
36031,0.895,0.260,126.04139700901624
36032,0.895,0.265,121.16007769541112
36033,0.895,0.270,116.24232747974239
36034,0.895,0.275,111.28800973571514
36035,0.895,0.280,106.29715821699119
36036,0.895,0.285,101.27005155485942
36037,0.895,0.290,96.20731696264133
36038,0.895,0.295,91.11007369593162
36039,0.895,0.300,85.98012992718844
36040,0.895,0.305,80.82025014875852
36041,0.895,0.310,75.63451353807567
36042,0.895,0.315,70.42878588431532
36043,0.895,0.320,65.21132681657365
36044,0.895,0.325,59.99354710191709
36045,0.895,0.330,54.79091312861442
36046,0.895,0.335,49.623961501080686
36047,0.895,0.340,44.51933012622911
36048,0.895,0.345,39.51063085687764
36049,0.895,0.350,34.63888989425705
36050,0.895,0.355,29.952190976110415
36051,0.895,0.360,25.50412251583556
36052,0.895,0.365,21.35072229954344
36053,0.895,0.370,17.545892233074618
36054,0.895,0.375,14.135718448725246
36055,0.895,0.380,11.152659160789128
36056,0.895,0.385,8.610917822586236
36057,0.895,0.390,6.504253396504919
36058,0.895,0.395,4.806906410390886
36059,0.895,0.400,3.4774294642319874
36060,0.895,0.405,2.464395849013743
36061,0.895,0.410,1.7125738760240239
36062,0.895,0.415,1.1682996081905208
36063,0.895,0.420,0.7832867100247534
36064,0.895,0.425,0.5166925240099927
36065,0.895,0.430,0.3356910169071798
36066,0.895,0.435,0.2150061237424706
36067,0.895,0.440,0.13587012619257083
36068,0.895,0.445,0.08477507688532271
36069,0.895,0.450,0.05225713674303879
36070,0.895,0.455,0.03184019591525726
36071,0.895,0.460,0.01918405304053347
36072,0.895,0.465,0.011433749450983372
36073,0.895,0.470,0.0067428249366638104
36074,0.895,0.475,0.003935478910659797
36075,0.895,0.480,0.0022737014316407305
36076,0.895,0.485,0.0013004998866764511
36077,0.895,0.490,0.0007365039463486
36078,0.895,0.495,0.0004130120817467785
36079,0.895,0.500,0.00022934986838551815
36080,0.895,0.505,0.00012612440505883974
36081,0.895,0.510,6.868699736189664e-05
36082,0.895,0.515,3.70449267775304e-05
36083,0.895,0.520,1.9786134095721326e-05
36084,0.895,0.525,1.0465653137799198e-05
36085,0.895,0.530,5.4819721311891865e-06
36086,0.895,0.535,2.8435555468995647e-06
36087,0.895,0.540,1.4605899643661379e-06
36088,0.895,0.545,7.428864602025046e-07
36089,0.895,0.550,3.7413555840426725e-07
36090,0.895,0.555,1.865659358693417e-07
36091,0.895,0.560,9.211215586500122e-08
36092,0.895,0.565,4.5026443334661375e-08
36093,0.895,0.570,2.1790652012422123e-08
36094,0.895,0.575,1.0440273026335317e-08
36095,0.895,0.580,4.952010365440895e-09
36096,0.895,0.585,2.325255231818373e-09
36097,0.895,0.590,1.0808695437729447e-09
36098,0.895,0.595,4.97378507777951e-10
36099,0.895,0.600,2.2657566348181153e-10
36100,0.895,0.605,1.0217812365073605e-10
36101,0.895,0.610,4.5617555244749363e-11
36102,0.895,0.615,2.0162865944598853e-11
36103,0.895,0.620,8.823520124197165e-12
36104,0.895,0.625,3.823237056707458e-12
36105,0.895,0.630,1.640433464416114e-12
36106,0.895,0.635,6.970616202964722e-13
36107,0.895,0.640,2.9337671998368034e-13
36108,0.895,0.645,1.223177361007998e-13
36109,0.895,0.650,5.0529089265890724e-14
36110,0.895,0.655,2.0685848717666942e-14
36111,0.895,0.660,8.394412923218762e-15
36112,0.895,0.665,3.37763357256741e-15
36113,0.895,0.670,1.3479570903391738e-15
36114,0.895,0.675,5.337455212935098e-16
36115,0.895,0.680,2.0977744561265844e-16
36116,0.895,0.685,8.187307250840596e-17
36117,0.895,0.690,3.1746317629441525e-17
36118,0.895,0.695,1.2236292305580649e-17
36119,0.895,0.700,4.691026743077098e-18
36120,0.895,0.705,1.789900498449929e-18
36121,0.895,0.710,6.802043275531681e-19
36122,0.895,0.715,2.5765069257480194e-19
36123,0.895,0.720,9.735597159411862e-20
36124,0.895,0.725,3.672968169073609e-20
36125,0.895,0.730,1.3848559197595415e-20
36126,0.895,0.735,5.223471801268236e-21
36127,0.895,0.740,1.973053943595641e-21
36128,0.895,0.745,7.471760586866217e-22
36129,0.895,0.750,2.8399404993545553e-22
36130,0.895,0.755,1.0847041460647693e-22
36131,0.895,0.760,4.168252574566889e-23
36132,0.895,0.765,1.6135008579460103e-23
36133,0.895,0.770,6.2992742870643325e-24
36134,0.895,0.775,2.483410713663673e-24
36135,0.895,0.780,9.898423812749742e-25
36136,0.895,0.785,3.9935044761177444e-25
36137,0.895,0.790,1.6327159790420699e-25
36138,0.895,0.795,6.772054935459467e-26
36139,0.895,0.800,2.852732682884744e-26
36140,0.895,0.805,1.2218349416201872e-26
36141,0.895,0.810,5.3269058584266754e-27
36142,0.895,0.815,2.3669771510361e-27
36143,0.895,0.820,1.07347893965941e-27
36144,0.895,0.825,4.977555634657173e-28
36145,0.895,0.830,2.175798673753007e-28
36146,0.895,0.835,9.922169142636814e-29
36147,0.895,0.840,2.0789343710421606e-13
36148,0.895,0.845,1.4443428405812588e-13
36149,0.895,0.850,1.0115967279549212e-13
36150,0.895,0.855,7.141805768627378e-14
36151,0.895,0.860,5.081744165170096e-14
36152,0.895,0.865,3.6437551504342127e-14
36153,0.895,0.870,2.6322889863276908e-14
36154,0.895,0.875,1.915460250809078e-14
36155,0.895,0.880,1.4036789166996819e-14
36156,0.895,0.885,1.0356466695742065e-14
36157,0.895,0.890,7.691207343811429e-15
36158,0.895,0.895,5.74782178045078e-15
36159,0.895,0.900,4.321381884435216e-15
36160,0.895,0.905,3.2676532179456685e-15
36161,0.895,0.910,2.484424564751092e-15
36162,0.895,0.915,1.8987784067336322e-15
36163,0.895,0.920,1.458354313691467e-15
36164,0.895,0.925,1.125312634282602e-15
36165,0.895,0.930,8.72137228056141e-16
36166,0.895,0.935,6.786977089445523e-16
36167,0.895,0.940,5.301803512663547e-16
36168,0.895,0.945,4.15621699121891e-16
36169,0.895,0.950,3.268629694243747e-16
36170,0.895,0.955,2.578000388643768e-16
36171,0.895,0.960,2.0384230405716876e-16
36172,0.895,0.965,1.615200263251043e-16
36173,0.895,0.970,1.2819778063130492e-16
36174,0.895,0.975,1.0186422983918756e-16
36175,0.895,0.980,8.097701789710954e-17
36176,0.895,0.985,6.434771814646064e-17
36177,0.895,0.990,5.105602680190236e-17
36178,0.895,0.995,4.038543577569486e-17
36179,0.895,1.000,3.1774819633419626e-17
36180,0.900,0.000,337.5746999857607
36181,0.900,0.005,334.08840030183575
36182,0.900,0.010,330.5816193883671
36183,0.900,0.015,327.0541719767257
36184,0.900,0.020,323.5058695352213
36185,0.900,0.025,319.9365201679742
36186,0.900,0.030,316.3459285101264
36187,0.900,0.035,312.73389561926206
36188,0.900,0.040,309.10021886290474
36189,0.900,0.045,305.4446918019522
36190,0.900,0.050,301.76710406990964
36191,0.900,0.055,298.06724124777145
36192,0.900,0.060,294.34488473440524
36193,0.900,0.065,290.59981161228086
36194,0.900,0.070,286.8317945083867
36195,0.900,0.075,283.0406014501733
36196,0.900,0.080,279.22599571635607
36197,0.900,0.085,275.38773568241345
36198,0.900,0.090,271.5255746606106
36199,0.900,0.095,267.63926073438074
36200,0.900,0.100,263.72853658690104
36201,0.900,0.105,259.7931393237023
36202,0.900,0.110,255.83280028916516
36203,0.900,0.115,251.8472448767701
36204,0.900,0.120,247.8361923329939
36205,0.900,0.125,243.79935555478275
36206,0.900,0.130,239.73644088058288
36207,0.900,0.135,235.64714787498752
36208,0.900,0.140,231.53116910716324
36209,0.900,0.145,227.38818992337
36210,0.900,0.150,223.2178882140993
36211,0.900,0.155,219.01993417664863
36212,0.900,0.160,214.793990074362
36213,0.900,0.165,210.53970999434242
36214,0.900,0.170,206.2567396062464
36215,0.900,0.175,201.94471592589804
36216,0.900,0.180,197.60326708903784
36217,0.900,0.185,193.2320121427377
36218,0.900,0.190,188.83056086512568
36219,0.900,0.195,184.39851362843544
36220,0.900,0.200,179.93546132656795
36221,0.900,0.205,175.44098539703353
36222,0.900,0.210,170.9146579794258
36223,0.900,0.215,166.35604226991015
36224,0.900,0.220,161.76469315575176
36225,0.900,0.225,157.14015824861704
36226,0.900,0.230,152.4819794845375
36227,0.900,0.235,147.78969552799623
36228,0.900,0.240,143.06284531602387
36229,0.900,0.245,138.3009732172759
36230,0.900,0.250,133.5036364772366
36231,0.900,0.255,128.6704158966176
36232,0.900,0.260,123.80093107659104
36233,0.900,0.265,118.89486210318297
36234,0.900,0.270,113.95198028834166
36235,0.900,0.275,108.97219160596384
36236,0.900,0.280,103.95559784096059
36237,0.900,0.285,98.90258230099202
36238,0.900,0.290,93.81392931090073
36239,0.900,0.295,88.69098966751133
36240,0.900,0.300,83.53590772228722
36241,0.900,0.305,78.35192950715164
36242,0.900,0.310,73.14381464028452
36243,0.900,0.315,67.91837626196126
36244,0.900,0.320,62.68517049479347
36245,0.900,0.325,57.457345960958065
36246,0.900,0.330,52.25263913091727
36247,0.900,0.335,47.09445604683349
36248,0.900,0.340,42.01290969584577
36249,0.900,0.345,37.045585486519876
36250,0.900,0.350,32.237699586627805
36251,0.900,0.355,27.641234540672905
36252,0.900,0.360,23.312648834562886
36253,0.900,0.365,19.308939031462543
36254,0.900,0.370,15.682228891637841
36255,0.900,0.375,12.47361439256444
36256,0.900,0.380,9.70751049656344
36257,0.900,0.385,7.387938065919364
36258,0.900,0.390,5.497845707171007
36259,0.900,0.395,4.0017304495533645
36260,0.900,0.400,2.8508470031954016
36261,0.900,0.405,1.9896234728588866
36262,0.900,0.410,1.3617953260796547
36263,0.900,0.415,0.9151711046565973
36264,0.900,0.420,0.6045700451352042
36265,0.900,0.425,0.3930277264221682
36266,0.900,0.430,0.2516915503983671
36267,0.900,0.435,0.1589168090818505
36268,0.900,0.440,0.09900602897601211
36269,0.900,0.445,0.06090157693487377
36270,0.900,0.450,0.03700910504743158
36271,0.900,0.455,0.02222790024057156
36272,0.900,0.460,0.013199536706355522
36273,0.900,0.465,0.0077520925223398835
36274,0.900,0.470,0.004503835520298942
36275,0.900,0.475,0.002588990691518798
36276,0.900,0.480,0.0014727370291863539
36277,0.900,0.485,0.000829112141568481
36278,0.900,0.490,0.00046198515797652904
36279,0.900,0.495,0.00025479539939429193
36280,0.900,0.500,0.00013909663197749482
36281,0.900,0.505,7.516363310250843e-05
36282,0.900,0.510,4.0203408434454295e-05
36283,0.900,0.515,2.1285017888848924e-05
36284,0.900,0.520,1.1153942252447956e-05
36285,0.900,0.525,5.7850759331411205e-06
36286,0.900,0.530,2.969584330718268e-06
36287,0.900,0.535,1.5085682706232658e-06
36288,0.900,0.540,7.583880058673144e-07
36289,0.900,0.545,3.772661061371908e-07
36290,0.900,0.550,1.8569717432717097e-07
36291,0.900,0.555,9.043455403079129e-08
36292,0.900,0.560,4.3571756643933144e-08
36293,0.900,0.565,2.076764345146614e-08
36294,0.900,0.570,9.791543340711159e-09
36295,0.900,0.575,4.566337152978038e-09
36296,0.900,0.580,2.106250638070138e-09
36297,0.900,0.585,9.608408132233134e-10
36298,0.900,0.590,4.3347933346785577e-10
36299,0.900,0.595,1.9339259549544264e-10
36300,0.900,0.600,8.53194244444993e-11
36301,0.900,0.605,3.722018599495945e-11
36302,0.900,0.610,1.6055432259133947e-11
36303,0.900,0.615,6.848155740121462e-12
36304,0.900,0.620,2.8882477959030074e-12
36305,0.900,0.625,1.2045143184464443e-12
36306,0.900,0.630,4.967306130959252e-13
36307,0.900,0.635,2.0257423344989192e-13
36308,0.900,0.640,8.170218994784207e-14
36309,0.900,0.645,3.259202593650488e-14
36310,0.900,0.650,1.2860864881160003e-14
36311,0.900,0.655,5.020828790818743e-15
36312,0.900,0.660,1.93957116583014e-15
36313,0.900,0.665,7.415739395964691e-16
36314,0.900,0.670,2.80692659107451e-16
36315,0.900,0.675,1.0521130572224847e-16
36316,0.900,0.680,3.906559157322942e-17
36317,0.900,0.685,1.4374522866971818e-17
36318,0.900,0.690,5.243822922477667e-18
36319,0.900,0.695,1.897450166051535e-18
36320,0.900,0.700,6.813936780662592e-19
36321,0.900,0.705,2.429938733761134e-19
36322,0.900,0.710,8.611038372083506e-20
36323,0.900,0.715,3.0345987149805897e-20
36324,0.900,0.720,1.0643548389919448e-20
36325,0.900,0.725,3.718750155717276e-21
36326,0.900,0.730,1.2955426204668557e-21
36327,0.900,0.735,4.505078783305019e-22
36328,0.900,0.740,1.565430726993411e-22
36329,0.900,0.745,5.442058858785599e-23
36330,0.900,0.750,1.8951296905558173e-23
36331,0.900,0.755,6.619713951023253e-24
36332,0.900,0.760,2.322580738326153e-24
36333,0.900,0.765,8.197249644549315e-25
36334,0.900,0.770,2.914703964056597e-25
36335,0.900,0.775,1.045794731101781e-25
36336,0.900,0.780,3.7928536574870363e-26
36337,0.900,0.785,1.3930389872433604e-26
36338,0.900,0.790,5.192260066461638e-27
36339,0.900,0.795,1.9689644013133613e-27
36340,0.900,0.800,7.620285466717516e-28
36341,0.900,0.805,3.0221847739468096e-28
36342,0.900,0.810,3.3573877647796394e-13
36343,0.900,0.815,2.1254247923735824e-13
36344,0.900,0.820,1.357002515611148e-13
36345,0.900,0.825,8.740547363380743e-14
36346,0.900,0.830,5.68096484513215e-14
36347,0.900,0.835,3.7265189713111077e-14
36348,0.900,0.840,2.4673172225582917e-14
36349,0.900,0.845,1.6489266654783655e-14
36350,0.900,0.850,1.1122953071567718e-14
36351,0.900,0.855,7.57259453167417e-15
36352,0.900,0.860,5.202557100169315e-15
36353,0.900,0.865,3.6062791977085295e-15
36354,0.900,0.870,2.5216154366212576e-15
36355,0.900,0.875,1.7781512951239266e-15
36356,0.900,0.880,1.2641875560503764e-15
36357,0.900,0.885,9.059025946471829e-16
36358,0.900,0.890,6.541038399938488e-16
36359,0.900,0.895,4.757411085907147e-16
36360,0.900,0.900,3.484288401092673e-16
36361,0.900,0.905,2.5688327071975457e-16
36362,0.900,0.910,1.9058723979693144e-16
36363,0.900,0.915,1.4224782387270886e-16
36364,0.900,0.920,1.067698755694201e-16
36365,0.900,0.925,8.05675733043491e-17
36366,0.900,0.930,6.109937899259604e-17
36367,0.900,0.935,4.655146897015641e-17
36368,0.900,0.940,3.562071201736817e-17
36369,0.900,0.945,2.7364826319134447e-17
36370,0.900,0.950,2.109820015184431e-17
36371,0.900,0.955,1.6318968379657616e-17
36372,0.900,0.960,1.2657628396187008e-17
36373,0.900,0.965,9.840603737012577e-18
36374,0.900,0.970,7.664234653672562e-18
36375,0.900,0.975,5.97610946475517e-18
36376,0.900,0.980,4.661575830468471e-18
36377,0.900,0.985,3.633939991876753e-18
36378,0.900,0.990,2.8273040677520865e-18
36379,0.900,0.995,2.191303434069678e-18
36380,0.900,1.000,1.6872256140243708e-18
36381,0.905,0.000,336.25257303335275
36382,0.905,0.005,332.7558366901463
36383,0.905,0.010,329.2384906529284
36384,0.905,0.015,325.7003471028408
36385,0.905,0.020,322.141214881731
36386,0.905,0.025,318.5608993881812
36387,0.905,0.030,314.95920246975834
36388,0.905,0.035,311.3359223113514
36389,0.905,0.040,307.6908533194579
36390,0.905,0.045,304.02378600227445
36391,0.905,0.050,300.3345068454454
36392,0.905,0.055,296.62279818331655
36393,0.905,0.060,292.88843806553683
36394,0.905,0.065,289.13120011884683
36395,0.905,0.070,285.3508534038887
36396,0.905,0.075,281.5471622668697
36397,0.905,0.080,277.7198861859033
36398,0.905,0.085,273.86877961185724
36399,0.905,0.090,269.993591803529
36400,0.905,0.095,266.0940666569739
36401,0.905,0.100,262.1699425288136
36402,0.905,0.105,258.22095205335586
36403,0.905,0.110,254.24682195337095
36404,0.905,0.115,250.2472728443852
36405,0.905,0.120,246.22201903237755
36406,0.905,0.125,242.17076830480616
36407,0.905,0.130,238.0932217149464
36408,0.905,0.135,233.98907335960158
36409,0.905,0.140,229.85801015036316
36410,0.905,0.145,225.6997115787564
36411,0.905,0.150,221.5138494758342
36412,0.905,0.155,217.30008776709968
36413,0.905,0.160,213.05808222408174
36414,0.905,0.165,208.78748021451506
36415,0.905,0.170,204.48792045394882
36416,0.905,0.175,200.15903276284232
36417,0.905,0.180,195.80043783493207
36418,0.905,0.185,191.41174702509028
36419,0.905,0.190,186.9925621683249
36420,0.905,0.195,182.54247544640629
36421,0.905,0.200,178.06106932545143
36422,0.905,0.205,173.54791659745825
36423,0.905,0.210,169.00258057249874
36424,0.905,0.215,164.42461548769293
36425,0.905,0.220,159.8135672266697
36426,0.905,0.225,155.16897448235522
36427,0.905,0.230,150.4903705515338
36428,0.905,0.235,145.7772860285708
36429,0.905,0.240,141.02925277771965
36430,0.905,0.245,136.2458097222149
36431,0.905,0.250,131.4265112129235
36432,0.905,0.255,126.57093905599375
36433,0.905,0.260,121.67871972357021
36434,0.905,0.265,116.74954889231483
36435,0.905,0.270,111.78322631402997
36436,0.905,0.275,106.77970520037363
36437,0.905,0.280,101.73916189390454
36438,0.905,0.285,96.66209370239379
36439,0.905,0.290,91.54945548127961
36440,0.905,0.295,86.40284889165449
36441,0.905,0.300,81.22478212709912
36442,0.905,0.305,76.01902188883768
36443,0.905,0.310,70.79106255780927
36444,0.905,0.315,65.54873803872552
36445,0.905,0.320,60.30299647551333
36446,0.905,0.325,55.068842060993475
36447,0.905,0.330,49.86641484016735
36448,0.905,0.335,44.72212145934289
36449,0.905,0.340,39.669642713033205
36450,0.905,0.345,34.75053250762271
36451,0.905,0.350,30.014012132194935
36452,0.905,0.355,25.515506986797586
36453,0.905,0.360,21.313550212898466
36454,0.905,0.365,17.464966465449567
36455,0.905,0.370,14.018761453171248
36456,0.905,0.375,11.009754545768777
36457,0.905,0.380,8.45343059848411
36458,0.905,0.385,6.343448633479258
36459,0.905,0.390,4.652607203710934
36460,0.905,0.395,3.3370424126823703
36461,0.905,0.400,2.3424910389603015
36462,0.905,0.405,1.6110135839716293
36463,0.905,0.410,1.086758580692844
36464,0.905,0.415,0.7199481410342856
36465,0.905,0.420,0.46893081745450643
36466,0.905,0.425,0.3006239906690144
36467,0.905,0.430,0.18987357466954602
36468,0.905,0.435,0.11824866779162638
36469,0.905,0.440,0.07266577729633493
36470,0.905,0.445,0.04408859166918913
36471,0.905,0.450,0.026424112049298915
36472,0.905,0.455,0.015650483715376386
36473,0.905,0.460,0.009163242789546784
36474,0.905,0.465,0.005304887927173309
36475,0.905,0.470,0.0030373545908422314
36476,0.905,0.475,0.0017201754426034827
36477,0.905,0.480,0.0009637313203038117
36478,0.905,0.485,0.0005341684956799163
36479,0.905,0.490,0.0002929274532586961
36480,0.905,0.495,0.000158931904421234
36481,0.905,0.500,8.53162662165495e-05
36482,0.905,0.505,4.5312187289592285e-05
36483,0.905,0.510,2.3809298446228324e-05
36484,0.905,0.515,1.2376752586393307e-05
36485,0.905,0.520,6.364591145528381e-06
36486,0.905,0.525,3.237493055361343e-06
36487,0.905,0.530,1.628879126543836e-06
36488,0.905,0.535,8.105401445967192e-07
36489,0.905,0.540,3.988661382583357e-07
36490,0.905,0.545,1.9409120589193243e-07
36491,0.905,0.550,9.338301202166193e-08
36492,0.905,0.555,4.441903304923021e-08
36493,0.905,0.560,2.0886438030537708e-08
36494,0.905,0.565,9.707512165707171e-09
36495,0.905,0.570,4.459167176747228e-09
36496,0.905,0.575,2.024211658858191e-09
36497,0.905,0.580,9.079649651603399e-10
36498,0.905,0.585,4.0239156093892906e-10
36499,0.905,0.590,1.7617822794638147e-10
36500,0.905,0.595,7.619703441590918e-11
36501,0.905,0.600,3.255124256982088e-11
36502,0.905,0.605,1.3734246787658916e-11
36503,0.905,0.610,5.722917100324503e-12
36504,0.905,0.615,2.3549247638055396e-12
36505,0.905,0.620,9.568855005565914e-13
36506,0.905,0.625,3.839265340901596e-13
36507,0.905,0.630,1.5210013726920182e-13
36508,0.905,0.635,5.949762714157298e-14
36509,0.905,0.640,2.2980606776088558e-14
36510,0.905,0.645,8.764506861438024e-15
36511,0.905,0.650,3.3008061430185155e-15
36512,0.905,0.655,1.2276452790966135e-15
36513,0.905,0.660,4.50954224931146e-16
36514,0.905,0.665,1.6362852941724247e-16
36515,0.905,0.670,5.865815149153538e-17
36516,0.905,0.675,2.0779414665056586e-17
36517,0.905,0.680,7.275877644615708e-18
36518,0.905,0.685,2.5189334507023968e-18
36519,0.905,0.690,8.625450062702333e-19
36520,0.905,0.695,2.9225340907407447e-19
36521,0.905,0.700,9.802924903156288e-20
36522,0.905,0.705,3.25689093393584e-20
36523,0.905,0.710,1.0724291312119951e-20
36524,0.905,0.715,3.502266672878747e-21
36525,0.905,0.720,1.1352151098603947e-21
36526,0.905,0.725,3.65532340854452e-22
36527,0.905,0.730,1.1703121399893216e-22
36528,0.905,0.735,3.7295512301089614e-23
36529,0.905,0.740,1.1843614024289739e-23
36530,0.905,0.745,3.752529458474683e-24
36531,0.905,0.750,1.1878586473943814e-24
36532,0.905,0.755,3.762274931920281e-25
36533,0.905,0.760,1.1942467643599102e-25
36534,0.905,0.765,3.806283035109496e-26
36535,0.905,0.770,1.2207239426208519e-26
36536,0.905,0.775,3.950181752333145e-27
36537,0.905,0.780,1.2943652750178909e-27
36538,0.905,0.785,4.3165269332050215e-28
36539,0.905,0.790,3.8478342711175975e-13
36540,0.905,0.795,2.241004879548711e-13
36541,0.905,0.800,1.313831343637452e-13
36542,0.905,0.805,7.759354729789846e-14
36543,0.905,0.810,4.61953781941921e-14
36544,0.905,0.815,2.774151256764953e-14
36545,0.905,0.820,1.6813640554281662e-14
36546,0.905,0.825,1.0289650026039509e-14
36547,0.905,0.830,6.360877384742086e-15
36548,0.905,0.835,3.9732223260649156e-15
36549,0.905,0.840,2.508250450103257e-15
36550,0.905,0.845,1.6004988790170532e-15
36551,0.905,0.850,1.0323182823415028e-15
36552,0.905,0.855,6.730207797361819e-16
36553,0.905,0.860,4.434569060351047e-16
36554,0.905,0.865,2.9526106930911596e-16
36555,0.905,0.870,1.9860609713221823e-16
36556,0.905,0.875,1.3492436495487773e-16
36557,0.905,0.880,9.254717594931758e-17
36558,0.905,0.885,6.407104567937634e-17
36559,0.905,0.890,4.4753567428537724e-17
36560,0.905,0.895,3.152791952950961e-17
36561,0.905,0.900,2.2392105148490267e-17
36562,0.905,0.905,1.60270666056021e-17
36563,0.905,0.910,1.1555772621174308e-17
36564,0.905,0.915,8.389878054553236e-18
36565,0.905,0.920,6.1312711070028375e-18
36566,0.905,0.925,4.5082705393196585e-18
36567,0.905,0.930,3.333960024304204e-18
36568,0.905,0.935,2.4787186379312195e-18
36569,0.905,0.940,1.851968898589312e-18
36570,0.905,0.945,1.3899485290021727e-18
36571,0.905,0.950,1.047452449692961e-18
36572,0.905,0.955,7.922125649498226e-19
36573,0.905,0.960,6.0104366988438775e-19
36574,0.905,0.965,4.571819986339644e-19
36575,0.905,0.970,3.4843211801386576e-19
36576,0.905,0.975,2.658703288362851e-19
36577,0.905,0.980,2.0292955565002656e-19
36578,0.905,0.985,1.547499168090955e-19
36579,0.905,0.990,1.177148507922345e-19
36580,0.905,0.995,8.911789819832421e-20
36581,0.905,1.000,6.692239461585929e-20
36582,0.910,0.000,334.99647590432136
36583,0.910,0.005,331.48994578087047
36584,0.910,0.010,327.9626868560562
36585,0.910,0.015,324.41450895775733
36586,0.910,0.020,320.84521850409914
36587,0.910,0.025,317.2546183968542
36588,0.910,0.030,313.6425079109554
36589,0.910,0.035,310.0086825799843
36590,0.910,0.040,306.35293407749054
36591,0.910,0.045,302.675050093993
36592,0.910,0.050,298.97481420951067
36593,0.910,0.055,295.2520057614645
36594,0.910,0.060,291.5063997077875
36595,0.910,0.065,287.7377664850758
36596,0.910,0.070,283.9458718616081
36597,0.910,0.075,280.1304767850594
36598,0.910,0.080,276.29133722472596
36599,0.910,0.085,272.4282040080838
36600,0.910,0.090,268.54082265149293
36601,0.910,0.095,264.62893318486607
36602,0.910,0.100,260.6922699701206
36603,0.910,0.105,256.7305615132389
36604,0.910,0.110,252.74353026977394
36605,0.910,0.115,248.73089244365474
36606,0.910,0.120,244.69235777917268
36607,0.910,0.125,240.62762934607275
36608,0.910,0.130,236.53640331773
36609,0.910,0.135,232.41836874247977
36610,0.910,0.140,228.2732073082878
36611,0.910,0.145,224.10059310112104
36612,0.910,0.150,219.9001923576189
36613,0.910,0.155,215.6716632130069
36614,0.910,0.160,211.41465544567285
36615,0.910,0.165,207.12881022049848
36616,0.910,0.170,202.81375983398834
36617,0.910,0.175,198.46912746557183
36618,0.910,0.180,194.09452694133583
36619,0.910,0.185,189.68956251910035
36620,0.910,0.190,185.25382870750747
36621,0.910,0.195,180.78691013709962
36622,0.910,0.200,176.28838150890573
36623,0.910,0.205,171.7578076567294
36624,0.910,0.210,167.1947437745342
36625,0.910,0.215,162.598735881911
36626,0.910,0.220,157.96932163137888
36627,0.910,0.225,153.30603160506536
36628,0.910,0.230,148.6083913107258
36629,0.910,0.235,143.8759241759518
36630,0.910,0.240,139.10815596593707
36631,0.910,0.245,134.30462122999816
36632,0.910,0.250,129.46487263706888
36633,0.910,0.255,124.58849442087445
36634,0.910,0.260,119.6751216627238
36635,0.910,0.265,114.72446784908058
36636,0.910,0.270,109.73636412426183
36637,0.910,0.275,104.71081500582216
36638,0.910,0.280,99.64807714710118
36639,0.910,0.285,94.54877012839005
36640,0.910,0.290,89.41403132257194
36641,0.910,0.295,84.2457306191946
36642,0.910,0.300,79.0467650184463
36643,0.910,0.305,73.82145725895197
36644,0.910,0.310,68.57608547509079
36645,0.910,0.315,63.31957003702036
36646,0.910,0.320,58.06433524359995
36647,0.910,0.325,52.82734146113955
36648,0.910,0.330,47.631239954478076
36649,0.910,0.335,42.505530525687384
36650,0.910,0.340,37.487498674385066
36651,0.910,0.345,32.6225857879052
36652,0.910,0.350,27.96373994932426
36653,0.910,0.355,23.569276484863405
36654,0.910,0.360,19.498938181028553
36655,0.910,0.365,15.808252056963157
36656,0.910,0.370,12.541895558048163
36657,0.910,0.375,9.727405387254894
36658,0.910,0.380,7.370852728701505
36659,0.910,0.385,5.455791104752362
36660,0.910,0.390,3.945871953845764
36661,0.910,0.395,2.7903984649089164
36662,0.910,0.400,1.9312831348529973
36663,0.910,0.405,1.3097237688706558
36664,0.910,0.410,0.8713637322751996
36665,0.910,0.415,0.569422506030456
36666,0.910,0.420,0.36591903284063104
36667,0.910,0.425,0.23147500087463138
36668,0.910,0.430,0.14427489968120802
36669,0.910,0.435,0.08867216895450915
36670,0.910,0.440,0.05377514904714528
36671,0.910,0.445,0.03219672544204778
36672,0.910,0.450,0.019040196620392233
36673,0.910,0.455,0.011125416682005857
36674,0.910,0.460,0.006424937786883952
36675,0.910,0.465,0.003667956155766738
36676,0.910,0.470,0.0020703946847049452
36677,0.910,0.475,0.001155599371586787
36678,0.910,0.480,0.0006378537683508251
36679,0.910,0.485,0.00034818887977838614
36680,0.910,0.490,0.00018797354110468439
36681,0.910,0.495,0.00010036084403084185
36682,0.910,0.500,5.299152004812275e-05
36683,0.910,0.505,2.7669665406355228e-05
36684,0.910,0.510,1.4286672942890317e-05
36685,0.910,0.515,7.293840437653212e-06
36686,0.910,0.520,3.6816498397565106e-06
36687,0.910,0.525,1.8371656246478002e-06
36688,0.910,0.530,9.062087876617583e-07
36689,0.910,0.535,4.4180775896269395e-07
36690,0.910,0.540,2.1286849862165088e-07
36691,0.910,0.545,1.0134623438021186e-07
36692,0.910,0.550,4.767216044763248e-08
36693,0.910,0.555,2.2152559026731974e-08
36694,0.910,0.560,1.0167730631298361e-08
36695,0.910,0.565,4.608961989945406e-09
36696,0.910,0.570,2.0629947283947815e-09
36697,0.910,0.575,9.116860538870178e-10
36698,0.910,0.580,3.9772302677936205e-10
36699,0.910,0.585,1.7125391798415112e-10
36700,0.910,0.590,7.277148912032166e-11
36701,0.910,0.595,3.05126892034362e-11
36702,0.910,0.600,1.2622257778886942e-11
36703,0.910,0.605,5.1507637851211254e-12
36704,0.910,0.610,2.0731336058723552e-12
36705,0.910,0.615,8.229055483458691e-13
36706,0.910,0.620,3.2209889596189023e-13
36707,0.910,0.625,1.2430791267451977e-13
36708,0.910,0.630,4.7297402970059704e-14
36709,0.910,0.635,1.7740641189776205e-14
36710,0.910,0.640,6.559427837149296e-15
36711,0.910,0.645,2.390595658676705e-15
36712,0.910,0.650,8.587708272696411e-16
36713,0.910,0.655,3.040723966236998e-16
36714,0.910,0.660,1.0612407651510757e-16
36715,0.910,0.665,3.650979217010725e-17
36716,0.910,0.670,1.2382226796311046e-17
36717,0.910,0.675,4.140314927313867e-18
36718,0.910,0.680,1.365155555118092e-18
36719,0.910,0.685,4.4394950230422015e-19
36720,0.910,0.690,1.4242884086407562e-19
36721,0.910,0.695,4.509304182068141e-20
36722,0.910,0.700,1.4093833129884983e-20
36723,0.910,0.705,4.350545998590373e-21
36724,0.910,0.710,1.3270235847711435e-21
36725,0.910,0.715,4.002101335959994e-22
36726,0.910,0.720,1.194168383999127e-22
36727,0.910,0.725,3.528136848036482e-23
36728,0.910,0.730,1.0330146930911597e-23
36729,0.910,0.735,3.000384509070039e-24
36730,0.910,0.740,8.654481477739887e-25
36731,0.910,0.745,2.4822852888901404e-25
36732,0.910,0.750,7.090115848876867e-26
36733,0.910,0.755,2.020362121102363e-26
36734,0.910,0.760,5.757009253086569e-27
36735,0.910,0.765,1.6458919471930965e-27
36736,0.910,0.770,7.066562342708019e-13
36737,0.910,0.775,3.813006697643663e-13
36738,0.910,0.780,2.062022259501542e-13
36739,0.910,0.785,1.1186665570723916e-13
36740,0.910,0.790,6.094170088926277e-14
36741,0.910,0.795,3.337066351940124e-14
36742,0.910,0.800,1.8385681866486518e-14
36743,0.910,0.805,1.0201858002156148e-14
36744,0.910,0.810,5.706475115147301e-15
36745,0.910,0.815,3.2205292993081173e-15
36746,0.910,0.820,1.835306690857674e-15
36747,0.910,0.825,1.0568824225057493e-15
36748,0.910,0.830,6.153940944661253e-16
36749,0.910,0.835,3.625046863577314e-16
36750,0.910,0.840,2.1611385383046443e-16
36751,0.910,0.845,1.3043196897342974e-16
36752,0.910,0.850,7.970597388585456e-17
36753,0.910,0.855,4.932045514343924e-17
36754,0.910,0.860,3.0900893194824236e-17
36755,0.910,0.865,1.9600169616561573e-17
36756,0.910,0.870,1.258329324862962e-17
36757,0.910,0.875,8.174186498448636e-18
36758,0.910,0.880,5.3710009040945055e-18
36759,0.910,0.885,3.568215246469265e-18
36760,0.910,0.890,2.3957499728697674e-18
36761,0.910,0.895,1.6248945377547072e-18
36762,0.910,0.900,1.1127394702515443e-18
36763,0.910,0.905,7.690128112628514e-19
36764,0.910,0.910,5.360812300586493e-19
36765,0.910,0.915,3.7676340091533303e-19
36766,0.910,0.920,2.668299936155865e-19
36767,0.910,0.925,1.9033308080388628e-19
36768,0.910,0.930,1.3667680551671728e-19
36769,0.910,0.935,9.87559770340058e-20
36770,0.910,0.940,7.176380981698969e-20
36771,0.910,0.945,5.242068584497492e-20
36772,0.910,0.950,3.847064386524094e-20
36773,0.910,0.955,2.8349701454196626e-20
36774,0.910,0.960,2.096543316397847e-20
36775,0.910,0.965,1.5549426921367223e-20
36776,0.910,0.970,1.1557316778159923e-20
36777,0.910,0.975,8.60100674761629e-21
36778,0.910,0.980,6.4020383536595996e-21
36779,0.910,0.985,4.759392236436497e-21
36780,0.910,0.990,3.527083227079488e-21
36781,0.910,0.995,2.598472380844884e-21
36782,0.910,1.000,1.895233006623408e-21
36783,0.915,0.000,333.8072233016452
36784,0.915,0.005,330.2915377040322
36785,0.915,0.010,326.7550133323077
36786,0.915,0.015,323.197457851809
36787,0.915,0.020,319.61867545325464
36788,0.915,0.025,316.018466743724
36789,0.915,0.030,312.39662863365163
36790,0.915,0.035,308.75295421969327
36791,0.915,0.040,305.08723266331464
36792,0.915,0.045,301.39924906495054
36793,0.915,0.050,297.6887843335754
36794,0.915,0.055,293.95561505152295
36795,0.915,0.060,290.1995133343849
36796,0.915,0.065,286.42024668581854
36797,0.915,0.070,282.61757784708146
36798,0.915,0.075,278.7912646411163
36799,0.915,0.080,274.94105981099335
36800,0.915,0.085,271.0667108525285
36801,0.915,0.090,267.167959840881
36802,0.915,0.095,263.24454325094365
36803,0.915,0.100,259.2961917713366
36804,0.915,0.105,255.322630111823
36805,0.915,0.110,251.32357680397803
36806,0.915,0.115,247.29874399495864
36807,0.915,0.120,243.24783723425205
36808,0.915,0.125,239.17055525332307
36809,0.915,0.130,235.06658973814237
36810,0.915,0.135,230.93562509466722
36811,0.915,0.140,226.77733820747582
36812,0.915,0.145,222.59139819193464
36813,0.915,0.150,218.3774661405387
36814,0.915,0.155,214.135194864425
36815,0.915,0.160,209.86422863157154
36816,0.915,0.165,205.5642029039172
36817,0.915,0.170,201.2347440766534
36818,0.915,0.175,196.8754692243804
36819,0.915,0.180,192.4859858608511
36820,0.915,0.185,188.06589172190536
36821,0.915,0.190,183.61477458528157
36822,0.915,0.195,179.13221214677773
36823,0.915,0.200,174.61777198048352
36824,0.915,0.205,170.071011622515
36825,0.915,0.210,165.49147883441108
36826,0.915,0.215,160.8787121261807
36827,0.915,0.220,156.23224165305038
36828,0.915,0.225,151.55159064860257
36829,0.915,0.230,146.83627762651503
36830,0.915,0.235,142.08581968242592
36831,0.915,0.240,137.29973736921505
36832,0.915,0.245,132.47756182104666
36833,0.915,0.250,127.6188450888168
36834,0.915,0.255,122.72317505671788
36835,0.915,0.260,117.79019688358203
36836,0.915,0.265,112.81964371643635
36837,0.915,0.270,107.81138053900014
36838,0.915,0.275,102.76546654608809
36839,0.915,0.280,97.6822434931438
36840,0.915,0.285,92.56246017619286
36841,0.915,0.290,87.40744663362642
36842,0.915,0.295,82.21935579964898
36843,0.915,0.300,77.0014949037876
36844,0.915,0.305,71.75877314092847
36845,0.915,0.310,66.49829441960748
36846,0.915,0.315,61.23012136522022
36847,0.915,0.320,55.96822433486737
36848,0.915,0.325,50.731599916921134
36849,0.915,0.330,45.54548863711485
36850,0.915,0.335,40.442534125773165
36851,0.915,0.340,35.4636066003627
36852,0.915,0.345,30.65788216343866
36853,0.915,0.350,26.08167790401577
36854,0.915,0.355,21.7955781913836
36855,0.915,0.360,17.859647992616914
36856,0.915,0.365,14.327057453918757
36857,0.915,0.370,11.237135993937848
36858,0.915,0.375,8.60944581366283
36859,0.915,0.380,6.4405439420942665
36860,0.915,0.385,4.704485031274729
36861,0.915,0.390,3.3569860069210002
36862,0.915,0.395,2.342051433555556
36863,0.915,0.400,1.59927641520097
36864,0.915,0.405,1.070192530748332
36865,0.915,0.410,0.7026828155833702
36866,0.915,0.415,0.4532587722091144
36867,0.915,0.420,0.28754950828192355
36868,0.915,0.425,0.17959540335407065
36869,0.915,0.430,0.11052794700048545
36870,0.915,0.435,0.06707540084890269
36871,0.915,0.440,0.040163759841940885
36872,0.915,0.445,0.023741169773083763
36873,0.915,0.450,0.013859274782815645
36874,0.915,0.455,0.007992574563078995
36875,0.915,0.460,0.004554560839444776
36876,0.915,0.465,0.0025650700607535454
36877,0.915,0.470,0.0014279129919286297
36878,0.915,0.475,0.0007857636996942672
36879,0.915,0.480,0.0004274562767572755
36880,0.915,0.485,0.0002298841568304755
36881,0.915,0.490,0.0001222194400337163
36882,0.915,0.495,6.423497458863863e-05
36883,0.915,0.500,3.3371835367991635e-05
36884,0.915,0.505,1.7137022917374235e-05
36885,0.915,0.510,8.697612135878145e-06
36886,0.915,0.515,4.362451449628427e-06
36887,0.915,0.520,2.1621120005258016e-06
36888,0.915,0.525,1.0587392161088275e-06
36889,0.915,0.530,5.121590737972308e-07
36890,0.915,0.535,2.4471673022449537e-07
36891,0.915,0.540,1.1547810298526933e-07
36892,0.915,0.545,5.380762712335583e-08
36893,0.915,0.550,2.4752801978218968e-08
36894,0.915,0.555,1.1240010297925668e-08
36895,0.915,0.560,5.037255980369113e-09
36896,0.915,0.565,2.22754974909987e-09
36897,0.915,0.570,9.718208838284934e-10
36898,0.915,0.575,4.182041493976294e-10
36899,0.915,0.580,1.774804151832733e-10
36900,0.915,0.585,7.42657125933649e-11
36901,0.915,0.590,3.0634964641590724e-11
36902,0.915,0.595,1.2455255729168774e-11
36903,0.915,0.600,4.990102574225321e-12
36904,0.915,0.605,1.969716882138796e-12
36905,0.915,0.610,7.658658022902159e-13
36906,0.915,0.615,2.9327476879671823e-13
36907,0.915,0.620,1.1058357149535564e-13
36908,0.915,0.625,4.1051016224748024e-14
36909,0.915,0.630,1.500035302544989e-14
36910,0.915,0.635,5.394540016746599e-15
36911,0.915,0.640,1.9090561937888206e-15
36912,0.915,0.645,6.647164478935854e-16
36913,0.915,0.650,2.276964361655137e-16
36914,0.915,0.655,7.672470072129824e-17
36915,0.915,0.660,2.542959554510028e-17
36916,0.915,0.665,8.289833441705763e-18
36917,0.915,0.670,2.6579281994686527e-18
36918,0.915,0.675,8.381747874253719e-19
36919,0.915,0.680,2.5997904431641917e-19
36920,0.915,0.685,7.932145692240824e-20
36921,0.915,0.690,2.3809359176725245e-20
36922,0.915,0.695,7.032145352508247e-21
36923,0.915,0.700,2.044158059103498e-21
36924,0.915,0.705,5.849935485936218e-22
36925,0.915,0.710,1.6488025936576525e-22
36926,0.915,0.715,4.5788562695330946e-23
36927,0.915,0.720,1.2535630755774545e-23
36928,0.915,0.725,3.3853635116369585e-24
36929,0.915,0.730,9.024968594393925e-25
36930,0.915,0.735,2.376978845714956e-25
36931,0.915,0.740,6.190948926987584e-26
36932,0.915,0.745,1.596356004543396e-26
36933,0.915,0.750,4.080914738251127e-27
36934,0.915,0.755,1.0459759707630218e-12
36935,0.915,0.760,5.318745591838336e-13
36936,0.915,0.765,2.698012729225463e-13
36937,0.915,0.770,1.3664893695112396e-13
36938,0.915,0.775,6.916839210567463e-14
36939,0.915,0.780,3.5025962783824064e-14
36940,0.915,0.785,1.7763277739726506e-14
36941,0.915,0.790,9.032349439890525e-15
36942,0.915,0.795,4.61037749707204e-15
36943,0.915,0.800,2.365142520532141e-15
36944,0.915,0.805,1.2209449389636247e-15
36945,0.915,0.810,6.350133021820256e-16
36946,0.915,0.815,3.331463394437714e-16
36947,0.915,0.820,1.7650106275355105e-16
36948,0.915,0.825,9.453242489145287e-17
36949,0.915,0.830,5.123337792737739e-17
36950,0.915,0.835,2.8120890523644866e-17
36951,0.915,0.840,1.5642786501048568e-17
36952,0.915,0.845,8.823644327562869e-18
36953,0.915,0.850,5.0489673043651005e-18
36954,0.915,0.855,2.9314427229969095e-18
36955,0.915,0.860,1.727118431043058e-18
36956,0.915,0.865,1.0325249732859094e-18
36957,0.915,0.870,6.26234550255225e-19
36958,0.915,0.875,3.8521515285332344e-19
36959,0.915,0.880,2.4023197995838296e-19
36960,0.915,0.885,1.5181611935048091e-19
36961,0.915,0.890,9.717125075662973e-20
36962,0.915,0.895,6.295719222779913e-20
36963,0.915,0.900,4.126509782080622e-20
36964,0.915,0.905,2.7345453429939185e-20
36965,0.915,0.910,1.8309781767824992e-20
36966,0.915,0.915,1.2379504403065575e-20
36967,0.915,0.920,8.446637920393049e-21
36968,0.915,0.925,5.812392459910223e-21
36969,0.915,0.930,4.0313612131053376e-21
36970,0.915,0.935,2.8165066627443772e-21
36971,0.915,0.940,1.9809261277043045e-21
36972,0.915,0.945,1.4017070292440282e-21
36973,0.915,0.950,9.972493699591818e-22
36974,0.915,0.955,7.128883059807123e-22
36975,0.915,0.960,5.116814229082951e-22
36976,0.915,0.965,3.6847567120646285e-22
36977,0.915,0.970,2.659872795425616e-22
36978,0.915,0.975,1.9226505049699632e-22
36979,0.915,0.980,1.3898343790852717e-22
36980,0.915,0.985,1.0030322933940686e-22
36981,0.915,0.990,7.210234997049187e-23
36982,0.915,0.995,5.145286291248436e-23
36983,0.915,1.000,3.626345878355907e-23
36984,0.920,0.000,332.68551120353555
36985,0.920,0.005,329.1613020084601
36986,0.920,0.010,325.6161529481088
36987,0.920,0.015,322.04986970913416
36988,0.920,0.020,318.462254444099
36989,0.920,0.025,314.8531056602364
36990,0.920,0.030,311.2222181041349
36991,0.920,0.035,307.5693826422009
36992,0.920,0.040,303.89438613674577
36993,0.920,0.045,300.19701131754067
36994,0.920,0.050,296.47703664867595
36995,0.920,0.055,292.73423619055694
36996,0.920,0.060,288.9683794568639
36997,0.920,0.065,285.1792312662973
36998,0.920,0.070,281.36655158892427
36999,0.920,0.075,277.5300953869418
37000,0.920,0.080,273.6696124496592
37001,0.920,0.085,269.7848472225117
37002,0.920,0.090,265.87553862990285
37003,0.920,0.095,261.94141989168253
37004,0.920,0.100,257.9822183330652
37005,0.920,0.105,253.99765518780072
37006,0.920,0.110,249.9874453944229
37007,0.920,0.115,245.9512973854186
37008,0.920,0.120,241.88891286919096
37009,0.920,0.125,237.79998660473453
37010,0.920,0.130,233.68420616900457
37011,0.920,0.135,229.54125171705843
37012,0.920,0.140,225.37079573517892
37013,0.920,0.145,221.17250278738246
37014,0.920,0.150,216.94602925598676
37015,0.920,0.155,212.6910230772944
37016,0.920,0.160,208.40712347399523
37017,0.920,0.165,204.09396068665623
37018,0.920,0.170,199.75115570775623
37019,0.920,0.175,195.378320023262
37020,0.920,0.180,190.97505536892584
37021,0.920,0.185,186.54095351158168
37022,0.920,0.190,182.0755960701282
37023,0.920,0.195,177.57855439715067
37024,0.920,0.200,173.04938955109102
37025,0.920,0.205,168.48765240163095
37026,0.920,0.210,163.89288392922316
37027,0.920,0.215,159.26461580581704
37028,0.920,0.220,154.6023713812544
37029,0.920,0.225,149.90566725341978
37030,0.920,0.230,145.1740156770843
37031,0.920,0.235,140.40692817648238
37032,0.920,0.240,135.60392088427577
37033,0.920,0.245,130.76452235480608
37034,0.920,0.250,125.88828492062599
37035,0.920,0.255,120.97480111729826
37036,0.920,0.260,116.02372734565726
37037,0.920,0.265,111.03481784426651
37038,0.920,0.270,106.00797329962776
37039,0.920,0.275,100.94331014101826
37040,0.920,0.280,95.84125887911506
37041,0.920,0.285,90.7027028767301
37042,0.920,0.290,85.52917275906364
37043,0.920,0.295,80.32311620837507
37044,0.920,0.300,75.08826775599674
37045,0.920,0.305,69.8301473900695
37046,0.920,0.310,64.55671830176395
37047,0.920,0.315,59.279229230726884
37048,0.920,0.320,54.01324976887523
37049,0.920,0.325,48.77986941333862
37050,0.920,0.330,43.606963769624436
37051,0.920,0.335,38.530327759057585
37052,0.920,0.340,33.594341421580985
37053,0.920,0.345,28.851699516111985
37054,0.920,0.350,24.36166986660458
37055,0.920,0.355,20.186450004364435
37056,0.920,0.360,16.385563802137163
37057,0.920,0.365,13.008883929509294
37058,0.920,0.370,10.0896019141289
37059,0.920,0.375,7.638930806256955
37060,0.920,0.380,5.644145482097394
37061,0.920,0.385,4.070658061812369
37062,0.920,0.390,2.86755068008853
37063,0.920,0.395,1.974965536076009
37064,0.920,0.400,1.3314460077290011
37065,0.920,0.405,0.8797496760810793
37066,0.920,0.410,0.5704566298272586
37067,0.920,0.415,0.36344654313178326
37068,0.920,0.420,0.22776661154396216
37069,0.920,0.425,0.14053665898788453
37070,0.920,0.430,0.08544694056797131
37071,0.920,0.435,0.051228211432192805
37072,0.920,0.440,0.03030206756515872
37073,0.920,0.445,0.01769223281891928
37074,0.920,0.450,0.010199900535166733
37075,0.920,0.455,0.005808077434302498
37076,0.920,0.460,0.0032672496698963813
37077,0.920,0.465,0.001815978339196865
37078,0.920,0.470,0.0009973806488345056
37079,0.920,0.475,0.0005413254821206016
37080,0.920,0.480,0.00029034414916553924
37081,0.920,0.485,0.000153893846858098
37082,0.920,0.490,8.06061124835198e-05
37083,0.920,0.495,4.1718450113461805e-05
37084,0.920,0.500,2.1333784817400897e-05
37085,0.920,0.505,1.0778180630198742e-05
37086,0.920,0.510,5.37913005014112e-06
37087,0.920,0.515,2.6516279586257872e-06
37088,0.920,0.520,1.290881209566923e-06
37089,0.920,0.525,6.20536113405559e-07
37090,0.920,0.530,2.9449916859129236e-07
37091,0.920,0.535,1.3796280360953876e-07
37092,0.920,0.540,6.378542582424446e-08
37093,0.920,0.545,2.9099074672235008e-08
37094,0.920,0.550,1.3096292883402888e-08
37095,0.920,0.555,5.8135171953399845e-09
37096,0.920,0.560,2.5448240331900058e-09
37097,0.920,0.565,1.0982690786769269e-09
37098,0.920,0.570,4.671897763166693e-10
37099,0.920,0.575,1.958440871168074e-10
37100,0.920,0.580,8.088295135876603e-11
37101,0.920,0.585,3.290241960498196e-11
37102,0.920,0.590,1.318002669180123e-11
37103,0.920,0.595,5.197736747660731e-12
37104,0.920,0.600,2.0174960097226352e-12
37105,0.920,0.605,7.705515124942027e-13
37106,0.920,0.610,2.8951501093897666e-13
37107,0.920,0.615,1.0698202970745453e-13
37108,0.920,0.620,3.8869714949989706e-14
37109,0.920,0.625,1.388238829692125e-14
37110,0.920,0.630,4.872618681549783e-15
37111,0.920,0.635,1.6803569927940024e-15
37112,0.920,0.640,5.692196368771287e-16
37113,0.920,0.645,1.8936503891513764e-16
37114,0.920,0.650,6.185401737019853e-17
37115,0.920,0.655,1.9833399814282638e-17
37116,0.920,0.660,6.2417584902468416e-18
37117,0.920,0.665,1.9276355013219884e-18
37118,0.920,0.670,5.841013263016945e-19
37119,0.920,0.675,1.7363811531423675e-19
37120,0.920,0.680,5.06356830717855e-20
37121,0.920,0.685,1.4484349171922137e-20
37122,0.920,0.690,4.064105270576845e-21
37123,0.920,0.695,1.1185795820323929e-21
37124,0.920,0.700,3.0202241542316932e-22
37125,0.920,0.705,8.000554356665095e-23
37126,0.920,0.710,2.0797910106249663e-23
37127,0.920,0.715,5.306867774756893e-24
37128,0.920,0.720,1.329586245313288e-24
37129,0.920,0.725,3.272094438511466e-25
37130,0.920,0.730,7.913532242053865e-26
37131,0.920,0.735,1.8818949503489482e-26
37132,0.920,0.740,2.108686293845684e-12
37133,0.920,0.745,1.0272282469793948e-12
37134,0.920,0.750,4.969044518574502e-13
37135,0.920,0.755,2.388301054999111e-13
37136,0.920,0.760,1.141329398812024e-13
37137,0.920,0.765,5.4271608908060066e-14
37138,0.920,0.770,2.5700917809775955e-14
37139,0.920,0.775,1.2132638394876498e-14
37140,0.920,0.780,5.715467294627404e-15
37141,0.920,0.785,2.6899232289858873e-15
37142,0.920,0.790,1.2663761538164075e-15
37143,0.920,0.795,5.971752057563803e-16
37144,0.920,0.800,2.8247007893767274e-16
37145,0.920,0.805,1.3422012613991746e-16
37146,0.920,0.810,6.416512572039434e-17
37147,0.920,0.815,3.0909110884991865e-17
37148,0.920,0.820,1.5026068192109186e-17
37149,0.920,0.825,7.382818316814857e-18
37150,0.920,0.830,3.671380480256154e-18
37151,0.920,0.835,1.850252900621069e-18
37152,0.920,0.840,9.46079224475309e-19
37153,0.920,0.845,4.912957776018916e-19
37154,0.920,0.850,2.593085933411139e-19
37155,0.920,0.855,1.3918654222810094e-19
37156,0.920,0.860,7.6004468470033e-20
37157,0.920,0.865,4.222859958988606e-20
37158,0.920,0.870,2.3871444503116572e-20
37159,0.920,0.875,1.3726414439604402e-20
37160,0.920,0.880,8.02559709398151e-21
37161,0.920,0.885,4.768917665788242e-21
37162,0.920,0.890,2.878202695256677e-21
37163,0.920,0.895,1.7631378288041877e-21
37164,0.920,0.900,1.0954585899052535e-21
37165,0.920,0.905,6.897910325465897e-22
37166,0.920,0.910,4.398558948806791e-22
37167,0.920,0.915,2.837947751780893e-22
37168,0.920,0.920,1.8514242924909666e-22
37169,0.920,0.925,1.2202641299678117e-22
37170,0.920,0.930,8.119195670800312e-23
37171,0.920,0.935,5.449439239118752e-23
37172,0.920,0.940,3.6867211264548946e-23
37173,0.920,0.945,2.5121583304192292e-23
37174,0.920,0.950,1.7227984849312377e-23
37175,0.920,0.955,1.1880987458953329e-23
37176,0.920,0.960,8.231785675165671e-24
37177,0.920,0.965,5.725525066242762e-24
37178,0.920,0.970,3.993229059520915e-24
37179,0.920,0.975,2.789162455465793e-24
37180,0.920,0.980,1.947986142332783e-24
37181,0.920,0.985,1.3576075567684693e-24
37182,0.920,0.990,9.414870148769468e-25
37183,0.920,0.995,6.470121587765314e-25
37184,0.920,1.000,4.37809181170411e-25
37185,0.925,0.000,331.63191798757634
37186,0.925,0.005,328.09980893560083
37187,0.925,0.010,324.5466675302156
37188,0.925,0.015,320.97229765591516
37189,0.925,0.020,317.37649960881515
37190,0.925,0.025,313.7590699833879
37191,0.925,0.030,310.1198015550391
37192,0.925,0.035,306.4584831583774
37193,0.925,0.040,302.7748995610196
37194,0.925,0.045,299.06883133276915
37195,0.925,0.050,295.34005471000364
37196,0.925,0.055,291.5883414550965
37197,0.925,0.060,287.81345871069726
37198,0.925,0.065,284.01516884868636
37199,0.925,0.070,280.19322931361694
37200,0.925,0.075,276.34739246045126
37201,0.925,0.080,272.4774053863926
37202,0.925,0.085,268.5830097566161
37203,0.925,0.090,264.6639416236928
37204,0.925,0.095,260.7199312405055
37205,0.925,0.100,256.75070286645905
37206,0.925,0.105,252.7559745667873
37207,0.925,0.110,248.7354580047806
37208,0.925,0.115,244.68885822676907
37209,0.925,0.120,240.61587343973275
37210,0.925,0.125,236.516194781454
37211,0.925,0.130,232.38950608319524
37212,0.925,0.135,228.23548362498266
37213,0.925,0.140,224.05379588371864
37214,0.925,0.145,219.8441032745434
37215,0.925,0.150,215.60605788615402
37216,0.925,0.155,211.33930321119144
37217,0.925,0.160,207.04347387338004
37218,0.925,0.165,202.718195353918
37219,0.925,0.170,198.36308372076897
37220,0.925,0.175,193.97774536614338
37221,0.925,0.180,189.56177675978665
37222,0.925,0.185,185.1147642290028
37223,0.925,0.190,180.63628378107134
37224,0.925,0.195,176.12590099045246
37225,0.925,0.200,171.58317098283004
37226,0.925,0.205,167.00763856184082
37227,0.925,0.210,162.3988385441471
37228,0.925,0.215,157.75629639691223
37229,0.925,0.220,153.07952931256418
37230,0.925,0.225,148.36804791437723
37231,0.925,0.230,143.6213588707138
37232,0.925,0.235,138.83896881689887
37233,0.925,0.240,134.0203901575716
37234,0.925,0.245,129.1651495715013
37235,0.925,0.250,124.27280039688088
37236,0.925,0.255,119.34294058186448
37237,0.925,0.260,114.37523860240702
37238,0.925,0.265,109.36947075700202
37239,0.925,0.270,104.32557464834893
37240,0.925,0.275,99.2437255806623
37241,0.925,0.280,94.12444517793585
37242,0.925,0.285,88.96875489158433
37243,0.925,0.290,83.77839127497717
37244,0.925,0.295,78.55610483212799
37245,0.925,0.300,73.30606937842613
37246,0.925,0.305,68.03443292079149
37247,0.925,0.310,62.75004155007517
37248,0.925,0.315,57.465360298226344
37249,0.925,0.320,52.19759240083632
37250,0.925,0.325,46.96995155043345
37251,0.925,0.330,41.81296067742773
37252,0.925,0.335,36.76553089250944
37253,0.925,0.340,31.875427054954727
37254,0.925,0.345,27.198595171146696
37255,0.925,0.350,22.796797255278612
37256,0.925,0.355,18.733186961821566
37257,0.925,0.360,15.065949934857175
37258,0.925,0.365,11.840878155560768
37259,0.925,0.370,9.084482416545383
37260,0.925,0.375,6.79954627691041
37261,0.925,0.380,4.964557891852429
37262,0.925,0.385,3.5372922889847827
37263,0.925,0.390,2.4614831444062824
37264,0.925,0.395,1.6746809812984813
37265,0.925,0.400,1.1153847943871305
37266,0.925,0.405,0.7281956654904548
37267,0.925,0.410,0.4666182352130282
37268,0.925,0.415,0.2938220163578
37269,0.925,0.420,0.1820029546087951
37270,0.925,0.425,0.11100530508721952
37271,0.925,0.430,0.06671402451755665
37272,0.925,0.435,0.039534536415224704
37273,0.925,0.440,0.023112517155044227
37274,0.925,0.445,0.013335444712836752
37275,0.925,0.450,0.0075961947664400665
37276,0.925,0.455,0.004272850815691263
37277,0.925,0.460,0.0023738233468104204
37278,0.925,0.465,0.0013026860598205517
37279,0.925,0.470,0.0007061921855486053
37280,0.925,0.475,0.0003781911350671202
37281,0.925,0.480,0.00020007994145141076
37282,0.925,0.485,0.0001045646759128222
37283,0.925,0.490,5.397961712728144e-05
37284,0.925,0.495,2.7523401130469228e-05
37285,0.925,0.500,1.3859806093646869e-05
37286,0.925,0.505,6.891952217480848e-06
37287,0.925,0.510,3.3837439418524823e-06
37288,0.925,0.515,1.6400471979469695e-06
37289,0.925,0.520,7.845962836332104e-07
37290,0.925,0.525,3.7041535630930694e-07
37291,0.925,0.530,1.725444858613504e-07
37292,0.925,0.535,7.928556697781265e-08
37293,0.925,0.540,3.593147529594611e-08
37294,0.925,0.545,1.605633061320212e-08
37295,0.925,0.550,7.07304064010573e-09
37296,0.925,0.555,3.0707809221530407e-09
37297,0.925,0.560,1.3136047932045495e-09
37298,0.925,0.565,5.535291877685942e-10
37299,0.925,0.570,2.296991693260827e-10
37300,0.925,0.575,9.384286373199429e-11
37301,0.925,0.580,3.7734852680661146e-11
37302,0.925,0.585,1.4929913270421002e-11
37303,0.925,0.590,5.810532684969365e-12
37304,0.925,0.595,2.223754567349939e-12
37305,0.925,0.600,8.366345626498698e-13
37306,0.925,0.605,3.0933314817968623e-13
37307,0.925,0.610,1.123622986789617e-13
37308,0.925,0.615,4.008468879041865e-14
37309,0.925,0.620,1.4039743558271361e-14
37310,0.925,0.625,4.826372871469903e-15
37311,0.925,0.630,1.6278763806118322e-15
37312,0.925,0.635,5.385412976432816e-16
37313,0.925,0.640,1.746916905778942e-16
37314,0.925,0.645,5.554458773115497e-17
37315,0.925,0.650,1.7305704280054696e-17
37316,0.925,0.655,5.2817868521026936e-18
37317,0.925,0.660,1.578649740728234e-18
37318,0.925,0.665,4.619325483380192e-19
37319,0.925,0.670,1.3229398722431998e-19
37320,0.925,0.675,3.7073110673975625e-20
37321,0.925,0.680,1.0163264795166e-20
37322,0.925,0.685,2.72503252812253e-21
37323,0.925,0.690,7.144902355069637e-22
37324,0.925,0.695,1.8316569067287686e-22
37325,0.925,0.700,4.590604380507954e-23
37326,0.925,0.705,1.1245845157678605e-23
37327,0.925,0.710,2.693179636939485e-24
37328,0.925,0.715,6.304636750207966e-25
37329,0.925,0.720,1.4427269021515288e-25
37330,0.925,0.725,3.2273549254223515e-26
37331,0.925,0.730,2.6270179663808595e-12
37332,0.925,0.735,1.234307709535617e-12
37333,0.925,0.740,5.738672245280007e-13
37334,0.925,0.745,2.641013808992844e-13
37335,0.925,0.750,1.2035846971676386e-13
37336,0.925,0.755,5.434256350790001e-14
37337,0.925,0.760,2.4322642342126553e-14
37338,0.925,0.765,1.079893542747587e-14
37339,0.925,0.770,4.759809138208923e-15
37340,0.925,0.775,2.0846130223654764e-15
37341,0.925,0.780,9.08094258291685e-16
37342,0.925,0.785,3.9391663555973676e-16
37343,0.925,0.790,1.7037343641787216e-16
37344,0.925,0.795,7.357638086816286e-17
37345,0.925,0.800,3.177505117764758e-17
37346,0.925,0.805,1.374586492604487e-17
37347,0.925,0.810,5.967207547384797e-18
37348,0.925,0.815,2.6043454445472324e-18
37349,0.925,0.820,1.144978340010974e-18
37350,0.925,0.825,5.080685460179468e-19
37351,0.925,0.830,2.2799273026187334e-19
37352,0.925,0.835,1.0366118554949674e-19
37353,0.925,0.840,4.783862456844317e-20
37354,0.925,0.845,2.244431703608712e-20
37355,0.925,0.850,1.0720229819510134e-20
37356,0.925,0.855,5.218744028447612e-21
37357,0.925,0.860,2.5915745779910203e-21
37358,0.925,0.865,1.3135312932257612e-21
37359,0.925,0.870,6.796910166754123e-22
37360,0.925,0.875,3.5906357303346485e-22
37361,0.925,0.880,1.9359976463285405e-22
37362,0.925,0.885,1.064885067072179e-22
37363,0.925,0.890,5.971435511673855e-23
37364,0.925,0.895,3.411039634689055e-23
37365,0.925,0.900,1.983066821651204e-23
37366,0.925,0.905,1.1722283787125723e-23
37367,0.925,0.910,7.038441039774437e-24
37368,0.925,0.915,4.286070965418285e-24
37369,0.925,0.920,2.6467977776401158e-24
37370,0.925,0.925,1.6551526045470464e-24
37371,0.925,0.930,1.0470755060136084e-24
37372,0.925,0.935,6.694438090858506e-25
37373,0.925,0.940,4.321405213170026e-25
37374,0.925,0.945,2.8137838070129234e-25
37375,0.925,0.950,1.84623734338675e-25
37376,0.925,0.955,1.219493809651044e-25
37377,0.925,0.960,8.093683859384783e-26
37378,0.925,0.965,5.399314628173664e-26
37379,0.925,0.970,3.6131900765589276e-26
37380,0.925,0.975,2.4217863270009402e-26
37381,0.925,0.980,1.6227308990785534e-26
37382,0.925,0.985,1.0842708676954826e-26
37383,0.925,0.990,7.199424663287874e-27
37384,0.925,0.995,4.725890975709522e-27
37385,0.925,1.000,3.0419569041338485e-27
37386,0.930,0.000,330.64690628945726
37387,0.930,0.005,327.1075114364005
37388,0.930,0.010,323.5470000456118
37389,0.930,0.015,319.9651743683016
37390,0.930,0.020,316.361833017976
37391,0.930,0.025,312.73677085533194
37392,0.930,0.030,309.08977886892006
37393,0.930,0.035,305.42064405142196
37394,0.930,0.040,301.7291492713831
37395,0.930,0.045,298.01507314023587
37396,0.930,0.050,294.27818987444186
37397,0.930,0.055,290.5182691525788
37398,0.930,0.060,286.7350759671894
37399,0.930,0.065,282.9283704712058
37400,0.930,0.070,279.09790781875625
37401,0.930,0.075,275.2434380001586
37402,0.930,0.080,271.3647056708957
37403,0.930,0.085,267.46144997437153
37404,0.930,0.090,263.5334043582372
37405,0.930,0.095,259.58029638408124
37406,0.930,0.100,255.60184753027863
37407,0.930,0.105,251.59777298780105
37408,0.930,0.110,247.56778144880056
37409,0.930,0.115,243.51157488780325
37410,0.930,0.120,239.42884833537758
37411,0.930,0.125,235.3192896441903
37412,0.930,0.130,231.18257924743475
37413,0.930,0.135,227.018389909715
37414,0.930,0.140,222.82638647061722
37415,0.930,0.145,218.60622558140724
37416,0.930,0.150,214.35755543559117
37417,0.930,0.155,210.08001549449907
37418,0.930,0.160,205.77323620965268
37419,0.930,0.165,201.43683874453308
37420,0.930,0.170,197.0704346995796
37421,0.930,0.175,192.67362584598263
37422,0.930,0.180,188.2460038762967
37423,0.930,0.185,183.78715018342268
37424,0.930,0.190,179.29663568453856
37425,0.930,0.195,174.7740207137577
37426,0.930,0.200,170.21885501762785
37427,0.930,0.205,165.63067790240117
37428,0.930,0.210,161.0090186033337
37429,0.930,0.215,156.35339697693925
37430,0.930,0.220,151.6633246613261
37431,0.930,0.225,146.93830691341827
37432,0.930,0.230,142.1778454236647
37433,0.930,0.235,137.38144254108107
37434,0.930,0.240,132.54860753180677
37435,0.930,0.245,127.67886576778842
37436,0.930,0.250,122.77177213387866
37437,0.930,0.255,117.826930500364
37438,0.930,0.260,112.84402190028949
37439,0.930,0.265,107.82284516554945
37440,0.930,0.270,102.7633753262718
37441,0.930,0.275,97.66584720223446
37442,0.930,0.280,92.53087446354267
37443,0.930,0.285,87.359618142266
37444,0.930,0.290,82.15402317871316
37445,0.930,0.295,76.91714689648788
37446,0.930,0.300,71.65360864803709
37447,0.930,0.305,66.37019369121785
37448,0.930,0.310,61.076643585531826
37449,0.930,0.315,55.78665474632649
37450,0.930,0.320,50.519078193581564
37451,0.930,0.325,45.299256510065085
37452,0.930,0.330,40.16033855964299
37453,0.930,0.335,35.1442764669861
37454,0.930,0.340,30.30205196099907
37455,0.930,0.345,25.692557905444183
37456,0.930,0.350,21.379579186380873
37457,0.930,0.355,17.426599245290742
37458,0.930,0.360,13.889768607901097
37459,0.930,0.365,10.810196360907195
37460,0.930,0.370,8.207413575186361
37461,0.930,0.375,6.075947021851243
37462,0.930,0.380,4.386181066090404
37463,0.930,0.385,3.0893185885763956
37464,0.930,0.390,2.1249441268473523
37465,0.930,0.395,1.4290868430503163
37466,0.930,0.400,0.9409597885441868
37467,0.930,0.405,0.6073926418379365
37468,0.930,0.410,0.38486844348829236
37469,0.930,0.415,0.23966686465390374
37470,0.930,0.420,0.14682612151034877
37471,0.930,0.425,0.08856852775932676
37472,0.930,0.430,0.05264458428699891
37473,0.930,0.435,0.0308521165401061
37474,0.930,0.440,0.017835283423270818
37475,0.930,0.445,0.01017420664230858
37476,0.930,0.450,0.005728879951920536
37477,0.930,0.455,0.003184769170559814
37478,0.930,0.460,0.0017481876942903654
37479,0.930,0.465,0.000947631293150406
37480,0.930,0.470,0.0005072843227424371
37481,0.930,0.475,0.0002681801628803959
37482,0.930,0.480,0.00014000797904649613
37483,0.930,0.485,7.217799816119161e-05
37484,0.930,0.490,3.674062418479199e-05
37485,0.930,0.495,1.8464248399431305e-05
37486,0.930,0.500,9.160199508874492e-06
37487,0.930,0.505,4.4854196380296e-06
37488,0.930,0.510,2.167480891853925e-06
37489,0.930,0.515,1.0334365851473051e-06
37490,0.930,0.520,4.860764926171194e-07
37491,0.930,0.525,2.2549008926491527e-07
37492,0.930,0.530,1.031469612088609e-07
37493,0.930,0.535,4.6514693980391794e-08
37494,0.930,0.540,2.0673880773412796e-08
37495,0.930,0.545,9.053994899847641e-09
37496,0.930,0.550,3.905964233490028e-09
37497,0.930,0.555,1.659451876829611e-09
37498,0.930,0.560,6.941021629746157e-10
37499,0.930,0.565,2.857418624108986e-10
37500,0.930,0.570,1.1573935003804738e-10
37501,0.930,0.575,4.6111102504289755e-11
37502,0.930,0.580,1.806357143645902e-11
37503,0.930,0.585,6.955487499438905e-12
37504,0.930,0.590,2.631634087625254e-12
37505,0.930,0.595,9.780062098422493e-13
37506,0.930,0.600,3.5687513708444157e-13
37507,0.930,0.605,1.2781631430807472e-13
37508,0.930,0.610,4.49143214660114e-14
37509,0.930,0.615,1.5478965750356132e-14
37510,0.930,0.620,5.22979235759934e-15
37511,0.930,0.625,1.7315560507872035e-15
37512,0.930,0.630,5.615905519507463e-16
37513,0.930,0.635,1.783421162890522e-16
37514,0.930,0.640,5.543147266120607e-17
37515,0.930,0.645,1.6855616630517324e-17
37516,0.930,0.650,5.0122586862206925e-18
37517,0.930,0.655,1.4569346217116628e-18
37518,0.930,0.660,4.1379089967427243e-19
37519,0.930,0.665,1.14782224894607e-19
37520,0.930,0.670,3.1084391441276414e-20
37521,0.930,0.675,8.215028629879979e-21
37522,0.930,0.680,2.117896480061202e-21
37523,0.930,0.685,5.324338163786734e-22
37524,0.930,0.690,1.304776014212556e-22
37525,0.930,0.695,3.1157987940371734e-23
37526,0.930,0.700,7.248215656958152e-24
37527,0.930,0.705,1.6415406101731543e-24
37528,0.930,0.710,3.619603983093738e-25
37529,0.930,0.715,7.766351987230679e-26
37530,0.930,0.720,3.900981917554585e-12
37531,0.930,0.725,1.7862833711892965e-12
37532,0.930,0.730,8.069968418005826e-13
37533,0.930,0.735,3.597211182479182e-13
37534,0.930,0.740,1.5822786292578428e-13
37535,0.930,0.745,6.869091920642185e-14
37536,0.930,0.750,2.943887862579531e-14
37537,0.930,0.755,1.2459164489131725e-14
37538,0.930,0.760,5.209317839126726e-15
37539,0.930,0.765,2.152875408152381e-15
37540,0.930,0.770,8.799810752050751e-16
37541,0.930,0.775,3.5601508055687285e-16
37542,0.930,0.780,1.426881483026449e-16
37543,0.930,0.785,5.671277556040795e-17
37544,0.930,0.790,2.238036072314464e-17
37545,0.930,0.795,8.780952010539257e-18
37546,0.930,0.800,3.4306699311320333e-18
37547,0.930,0.805,1.3370114141867505e-18
37548,0.930,0.810,5.2077214605737825e-19
37549,0.930,0.815,2.031575534500145e-19
37550,0.930,0.820,7.955702519433779e-20
37551,0.930,0.825,3.134960956430207e-20
37552,0.930,0.830,1.2461722047294356e-20
37553,0.930,0.835,5.009955966994302e-21
37554,0.930,0.840,2.042219240847541e-21
37555,0.930,0.845,8.461442038416412e-22
37556,0.930,0.850,3.571477671266218e-22
37557,0.930,0.855,1.5388349365859031e-22
37558,0.930,0.860,6.779786224275922e-23
37559,0.930,0.865,3.0584082970023124e-23
37560,0.930,0.870,1.413929207200687e-23
37561,0.930,0.875,6.702354802812013e-24
37562,0.930,0.880,3.2578695722015172e-24
37563,0.930,0.885,1.6233996273206175e-24
37564,0.930,0.890,8.287891783510657e-25
37565,0.930,0.895,4.331314410754504e-25
37566,0.930,0.900,2.3147199730964383e-25
37567,0.930,0.905,1.2634791343273077e-25
37568,0.930,0.910,7.035268811432848e-26
37569,0.930,0.915,3.968227398820922e-26
37570,0.930,0.920,2.2866585096011335e-26
37571,0.930,0.925,1.3384172491046012e-26
37572,0.930,0.930,7.946730738233061e-27
37573,0.930,0.935,4.7799718980552386e-27
37574,0.930,0.940,2.909020548617113e-27
37575,0.930,0.945,1.7889795911078052e-27
37576,0.930,0.950,1.1103395753922239e-27
37577,0.930,0.955,6.946174542941875e-28
37578,0.930,0.960,4.322927824239345e-28
37579,0.930,0.965,2.7288839760689445e-28
37580,0.930,0.970,1.7277793037997714e-28
37581,0.930,0.975,1.0950198531904814e-28
37582,0.930,0.980,6.929651071787903e-29
37583,0.930,0.985,4.364537531526666e-29
37584,0.930,0.990,2.723318573408102e-29
37585,0.930,0.995,1.6717129495650086e-29
37586,0.930,1.000,9.98148356411575e-30
37587,0.935,0.000,329.7308255314312
37588,0.935,0.005,326.1847478633025
37589,0.935,0.010,322.6174774617178
37590,0.935,0.015,319.0288151056333
37591,0.935,0.020,315.41855789171575
37592,0.935,0.025,311.78649911757293
37593,0.935,0.030,308.13242816068754
37594,0.935,0.035,304.45613035289495
37595,0.935,0.040,300.75738685024476
37596,0.935,0.045,297.03597449807546
37597,0.935,0.050,293.29166569113204
37598,0.935,0.055,289.5242282285438
37599,0.935,0.060,285.7334251634795
37600,0.935,0.065,281.91901464728875
37601,0.935,0.070,278.0807497679313
37602,0.935,0.075,274.21837838249724
37603,0.935,0.080,270.331642943606
37604,0.935,0.085,266.42028031948115
37605,0.935,0.090,262.4840216074833
37606,0.935,0.095,258.52259194089345
37607,0.935,0.100,254.53571028873378
37608,0.935,0.105,250.5230892484249
37609,0.935,0.110,246.4844348310885
37610,0.935,0.115,242.41944623932505
37611,0.935,0.120,238.32781563732928
37612,0.935,0.125,234.20922791325475
37613,0.935,0.130,230.06336043381012
37614,0.935,0.135,225.88988279117484
37615,0.935,0.140,221.68845654247207
37616,0.935,0.145,217.45873494225356
37617,0.935,0.150,213.2003626687585
37618,0.935,0.155,208.91297554514966
37619,0.935,0.160,204.5962002575562
37620,0.935,0.165,200.24965407264503
37621,0.935,0.170,195.87294455871728
37622,0.935,0.175,191.46566931614095
37623,0.935,0.180,187.02741572552796
37624,0.935,0.185,182.5577607257761
37625,0.935,0.190,178.0562706394209
37626,0.935,0.195,173.5225010703758
37627,0.935,0.200,168.95599691012902
37628,0.935,0.205,164.35629250426229
37629,0.935,0.210,159.7229120539567
37630,0.935,0.215,155.0553703600238
37631,0.935,0.220,150.35317406450852
37632,0.935,0.225,145.61582361353686
37633,0.935,0.230,140.84281626428032
37634,0.935,0.235,136.03365060219758
37635,0.935,0.240,131.18783324147626
37636,0.935,0.245,126.30488867937159
37637,0.935,0.250,121.38437370269394
37638,0.935,0.255,116.42589835591791
37639,0.935,0.260,111.42915634881146
37640,0.935,0.265,106.39396900488212
37641,0.935,0.270,101.32034855532008
37642,0.935,0.275,96.20858891666614
37643,0.935,0.280,91.05939521538538
37644,0.935,0.285,85.87406737217911
37645,0.935,0.290,80.65475805269195
37646,0.935,0.295,75.40483096733021
37647,0.935,0.300,70.12935102007678
37648,0.935,0.305,64.83574126289759
37649,0.935,0.310,59.53463935915354
37650,0.935,0.315,54.240972104507314
37651,0.935,0.320,48.97523126465781
37652,0.935,0.325,43.76486608398283
37653,0.935,0.330,38.64559747670362
37654,0.935,0.335,33.66230738470449
37655,0.935,0.340,28.868992379357604
37656,0.935,0.345,24.327166384232513
37657,0.935,0.350,20.102173959419805
37658,0.935,0.355,16.2572602558784
37659,0.935,0.360,12.845968470544454
37660,0.935,0.365,9.904312404820987
37661,0.935,0.370,7.444768990029797
37662,0.935,0.375,5.453982402985167
37663,0.935,0.380,3.8950302921863567
37664,0.935,0.385,2.7135955647010914
37665,0.935,0.390,1.8461788120600808
37666,0.935,0.395,1.2281486409492057
37667,0.935,0.400,0.7999673228661689
37668,0.935,0.405,0.5108917739776855
37669,0.935,0.410,0.32031324738823835
37670,0.935,0.415,0.19738180841115274
37671,0.935,0.420,0.1196620081197659
37672,0.935,0.425,0.07143079921723247
37673,0.935,0.430,0.04201397884754736
37674,0.935,0.435,0.024362519807116068
37675,0.935,0.440,0.01393351762230426
37676,0.935,0.445,0.007862411180792268
37677,0.935,0.450,0.004378406502415508
37678,0.935,0.455,0.002406684199867758
37679,0.935,0.460,0.0013059167089965256
37680,0.935,0.465,0.0006995732458571587
37681,0.935,0.470,0.0003699822808782454
37682,0.935,0.475,0.00019317492410709695
37683,0.935,0.480,9.956812534649777e-05
37684,0.935,0.485,5.065877659723016e-05
37685,0.935,0.490,2.543944818909002e-05
37686,0.935,0.495,1.2607329316721824e-05
37687,0.935,0.500,6.165036186339554e-06
37688,0.935,0.505,2.9742101342203467e-06
37689,0.935,0.510,1.4153042042927566e-06
37690,0.935,0.515,6.641734240579265e-07
37691,0.935,0.520,3.073062154222606e-07
37692,0.935,0.525,1.4015786094614226e-07
37693,0.935,0.530,6.299581952760188e-08
37694,0.935,0.535,2.7895877196298196e-08
37695,0.935,0.540,1.2166967832363794e-08
37696,0.935,0.545,5.225321875821222e-09
37697,0.935,0.550,2.2090257528880416e-09
37698,0.935,0.555,9.189856103681227e-10
37699,0.935,0.560,3.760923749455654e-10
37700,0.935,0.565,1.5135977874727475e-10
37701,0.935,0.570,5.988298437289242e-11
37702,0.935,0.575,2.32817096375624e-11
37703,0.935,0.580,8.891620448309667e-12
37704,0.935,0.585,3.3345127245998854e-12
37705,0.935,0.590,1.2274243682618172e-12
37706,0.935,0.595,4.432902733867643e-13
37707,0.935,0.600,1.570101360441967e-13
37708,0.935,0.605,5.4515868473899906e-14
37709,0.935,0.610,1.8547205006584226e-14
37710,0.935,0.615,6.180075904774729e-15
37711,0.935,0.620,2.0158739061133883e-15
37712,0.935,0.625,6.433937920855038e-16
37713,0.935,0.630,2.0082558342379466e-16
37714,0.935,0.635,6.127321130697407e-17
37715,0.935,0.640,1.8264475407883254e-17
37716,0.935,0.645,5.316209457935514e-18
37717,0.935,0.650,1.5101558349286136e-18
37718,0.935,0.655,4.184403085012489e-19
37719,0.935,0.660,1.1303147193366162e-19
37720,0.935,0.665,2.9749518933973173e-20
37721,0.935,0.670,7.624902997308663e-21
37722,0.935,0.675,1.902045444044672e-21
37723,0.935,0.680,4.615279824485365e-22
37724,0.935,0.685,1.0887418205433786e-22
37725,0.935,0.690,2.4955255118299544e-23
37726,0.935,0.695,5.554843393422842e-24
37727,0.935,0.700,1.200105970913926e-24
37728,0.935,0.705,2.5130113375912012e-25
37729,0.935,0.710,5.1013410771715284e-26
37730,0.935,0.715,3.0481114535472704e-12
37731,0.935,0.720,1.352199686442942e-12
37732,0.935,0.725,5.903711080624448e-13
37733,0.935,0.730,2.536431911386663e-13
37734,0.935,0.735,1.0722353476755084e-13
37735,0.935,0.740,4.459632317396149e-14
37736,0.935,0.745,1.8249241007885957e-14
37737,0.935,0.750,7.347633809210823e-15
37738,0.935,0.755,2.9110981984316126e-15
37739,0.935,0.760,1.1351596919229194e-15
37740,0.935,0.765,4.357844288008032e-16
37741,0.935,0.770,1.6476721193237045e-16
37742,0.935,0.775,6.138699790401483e-17
37743,0.935,0.780,2.2551243254651267e-17
37744,0.935,0.785,8.175282383257928e-18
37745,0.935,0.790,2.9275143126866296e-18
37746,0.935,0.795,1.036740265910151e-18
37747,0.935,0.800,3.6359668853979683e-19
37748,0.935,0.805,1.2648973337409263e-19
37749,0.935,0.810,4.373124967634441e-20
37750,0.935,0.815,1.5057769230967792e-20
37751,0.935,0.820,5.17618913867319e-21
37752,0.935,0.825,1.781169398569136e-21
37753,0.935,0.830,6.153041973859371e-22
37754,0.935,0.835,2.1407134270629566e-22
37755,0.935,0.840,7.525693074050252e-23
37756,0.935,0.845,2.682352067743652e-23
37757,0.935,0.850,9.725903725800054e-24
37758,0.935,0.855,3.5991206313990706e-24
37759,0.935,0.860,1.3633658860056672e-24
37760,0.935,0.865,5.3004529018830735e-25
37761,0.935,0.870,2.1194630581878923e-25
37762,0.935,0.875,8.730525928100455e-26
37763,0.935,0.880,3.708467133859835e-26
37764,0.935,0.885,1.6251019607716018e-26
37765,0.935,0.890,7.346355470375099e-27
37766,0.935,0.895,3.4242181594166994e-27
37767,0.935,0.900,1.6444179272127164e-27
37768,0.935,0.905,8.12851436306609e-28
37769,0.935,0.910,4.131637627042359e-28
37770,0.935,0.915,1.9847868702424827e-28
37771,0.935,0.920,1.0345588870659574e-28
37772,0.935,0.925,5.489763400734543e-29
37773,0.935,0.930,2.9599415421186287e-29
37774,0.935,0.935,1.6187786661517152e-29
37775,0.935,0.940,8.96633784595869e-30
37776,0.935,0.945,5.0241895806266196e-30
37777,0.935,0.950,5.601652413527086e-14
37778,0.935,0.955,4.2322332151664674e-14
37779,0.935,0.960,3.213833364545735e-14
37780,0.935,0.965,2.4505693154417948e-14
37781,0.935,0.970,1.8743344306658555e-14
37782,0.935,0.975,1.4362810734753226e-14
37783,0.935,0.980,1.101040795528612e-14
37784,0.935,0.985,8.427594963745476e-15
37785,0.935,0.990,6.423468996080334e-15
37786,0.935,0.995,4.8554718182145716e-15
37787,0.935,1.000,3.6157682525420115e-15
37788,0.940,0.000,328.8839150501249
37789,0.940,0.005,325.33174526407566
37790,0.940,0.010,321.75831421063947
37791,0.940,0.015,318.16342134962775
37792,0.940,0.020,314.5468624184916
37793,0.940,0.025,310.9084293140586
37794,0.940,0.030,307.247909969912
37795,0.940,0.035,303.565088229253
37796,0.940,0.040,299.8597437130807
37797,0.940,0.045,296.1316516835194
37798,0.940,0.050,292.3805829021168
37799,0.940,0.055,288.6063034829304
37800,0.940,0.060,284.8085747402141
37801,0.940,0.065,280.987153030511
37802,0.940,0.070,277.14178958895184
37803,0.940,0.075,273.272230359556
37804,0.940,0.080,269.3782158193219
37805,0.940,0.085,265.45948079589743
37806,0.940,0.090,261.5157542786108
37807,0.940,0.095,257.5467592226475
37808,0.940,0.100,253.5522123461586
37809,0.940,0.105,249.53182392009296
37810,0.940,0.110,245.48529755055893
37811,0.940,0.115,241.4123299535414
37812,0.940,0.120,237.3126107218325
37813,0.940,0.125,233.1858220840858
37814,0.940,0.130,229.03163865597494
37815,0.940,0.135,224.84972718354578
37816,0.940,0.140,220.63974627900635
37817,0.940,0.145,216.40134614942022
37818,0.940,0.150,212.13416831908785
37819,0.940,0.155,207.83784534685472
37820,0.940,0.160,203.5120005402346
37821,0.940,0.165,199.1562476691642
37822,0.940,0.170,194.77019068352877
37823,0.940,0.175,190.35342344049425
37824,0.940,0.180,185.90552945039582
37825,0.940,0.185,181.4260816538231
37826,0.940,0.190,176.91464224813848
37827,0.940,0.195,172.37076258970427
37828,0.940,0.200,167.7939832097007
37829,0.940,0.205,163.18383399814107
37830,0.940,0.210,158.53983463489206
37831,0.940,0.215,153.8614953814909
37832,0.940,0.220,149.14831839824382
37833,0.940,0.225,144.3997998245079
37834,0.940,0.230,139.6154329664577
37835,0.940,0.235,134.79471309072633
37836,0.940,0.240,129.9371445452161
37837,0.940,0.245,125.04225125017948
37838,0.940,0.250,120.1095920658004
37839,0.940,0.255,115.13878320599466
37840,0.940,0.260,110.12953081258797
37841,0.940,0.265,105.08167813648569
37842,0.940,0.270,99.99527362937465
37843,0.940,0.275,94.87066879360583
37844,0.940,0.280,89.70865804069402
37845,0.940,0.285,84.51067720388714
37846,0.940,0.290,79.2790827313406
37847,0.940,0.295,74.01753961079885
37848,0.940,0.300,68.73155171788164
37849,0.940,0.305,63.429171273727306
37850,0.940,0.310,58.12192016688348
37851,0.940,0.315,52.82593789908646
37852,0.940,0.320,47.563328452018915
37853,0.940,0.325,42.36359906066081
37854,0.940,0.330,37.264958496568966
37855,0.940,0.335,32.315076516182785
37856,0.940,0.340,27.57073824555371
37857,0.940,0.345,23.095747012993343
37858,0.940,0.350,18.956572632128783
37859,0.940,0.355,15.215733828076635
37860,0.940,0.360,11.923733229385865
37861,0.940,0.365,9.11126275099892
37862,0.940,0.370,6.783865085854712
37863,0.940,0.375,4.920822994096913
37864,0.940,0.380,3.478754310163674
37865,0.940,0.385,2.39880854467332
37866,0.940,0.390,1.6153091524766803
37867,0.940,0.395,1.063624240311739
37868,0.940,0.400,0.6858106439891397
37869,0.940,0.405,0.43360837750473546
37870,0.940,0.410,0.2691634643088741
37871,0.940,0.415,0.16422679181002017
37872,0.940,0.420,0.09858169890149582
37873,0.940,0.425,0.058266509209769245
37874,0.940,0.430,0.033930793990581104
37875,0.940,0.435,0.01947807351196616
37876,0.940,0.440,0.011026806076609134
37877,0.940,0.445,0.006157967307459507
37878,0.940,0.450,0.0033931643106023643
37879,0.940,0.455,0.0018450903792412252
37880,0.940,0.460,0.0009901822216671211
37881,0.940,0.465,0.0005244629427380511
37882,0.940,0.470,0.0002741670945200251
37883,0.940,0.475,0.00014144873002776596
37884,0.940,0.480,7.201685167943079e-05
37885,0.940,0.485,3.6180634712985494e-05
37886,0.940,0.490,1.7933688189784913e-05
37887,0.940,0.495,8.768972707145204e-06
37888,0.940,0.500,4.229008132135604e-06
37889,0.940,0.505,2.0112010257968485e-06
37890,0.940,0.510,9.429921025815249e-07
37891,0.940,0.515,4.3580993730160436e-07
37892,0.940,0.520,1.9847982812592704e-07
37893,0.940,0.525,8.90538154272921e-08
37894,0.940,0.530,3.9353703428347464e-08
37895,0.940,0.535,1.712336266235631e-08
37896,0.940,0.540,7.333813658735492e-09
37897,0.940,0.545,3.0907842431302444e-09
37898,0.940,0.550,1.2813265471996277e-09
37899,0.940,0.555,5.223376023389081e-10
37900,0.940,0.560,2.0930750943831587e-10
37901,0.940,0.565,8.24130113661522e-11
37902,0.940,0.570,3.187228977703235e-11
37903,0.940,0.575,1.2102076960638337e-11
37904,0.940,0.580,4.509744336434454e-12
37905,0.940,0.585,1.648538084819105e-12
37906,0.940,0.590,5.9088666957249e-13
37907,0.940,0.595,2.07569715164988e-13
37908,0.940,0.600,7.142793116297498e-14
37909,0.940,0.605,2.4065748001735195e-14
37910,0.940,0.610,7.934761552299637e-15
37911,0.940,0.615,2.5588262666122156e-15
37912,0.940,0.620,8.066445223227534e-16
37913,0.940,0.625,2.4843535503559656e-16
37914,0.940,0.630,7.471061335485584e-17
37915,0.940,0.635,2.1924549626398388e-17
37916,0.940,0.640,6.2746826994717455e-18
37917,0.940,0.645,1.750229555782011e-18
37918,0.940,0.650,4.755076104528969e-19
37919,0.940,0.655,1.2574668529104554e-19
37920,0.940,0.660,3.2345871285039226e-20
37921,0.940,0.665,8.087717384007668e-21
37922,0.940,0.670,1.9643258443808155e-21
37923,0.940,0.675,4.630964283226699e-22
37924,0.940,0.680,1.0589703051453676e-22
37925,0.940,0.685,2.3470834136090103e-23
37926,0.940,0.690,5.038211398115986e-24
37927,0.940,0.695,1.0466199912920942e-24
37928,0.940,0.700,2.1024096330315707e-25
37929,0.940,0.705,5.991095654129693e-12
37930,0.940,0.710,2.6344185714694392e-12
37931,0.940,0.715,1.1379959618534423e-12
37932,0.940,0.720,4.827537081345908e-13
37933,0.940,0.725,2.0104659678441228e-13
37934,0.940,0.730,8.217105474492964e-14
37935,0.940,0.735,3.295084595714061e-14
37936,0.940,0.740,1.2960645800911162e-14
37937,0.940,0.745,4.999206403609813e-15
37938,0.940,0.750,1.8906469857640424e-15
37939,0.940,0.755,7.009676246759861e-16
37940,0.940,0.760,2.5476159785010567e-16
37941,0.940,0.765,9.076560182813582e-17
37942,0.940,0.770,3.170307207237035e-17
37943,0.940,0.775,1.0858281556487164e-17
37944,0.940,0.780,3.647884133489305e-18
37945,0.940,0.785,1.202663703387116e-18
37946,0.940,0.790,3.893555394477406e-19
37947,0.940,0.795,1.2388173114192822e-19
37948,0.940,0.800,3.8777798120718277e-20
37949,0.940,0.805,1.1957492344654397e-20
37950,0.940,0.810,3.638047795040845e-21
37951,0.940,0.815,1.094200666714023e-21
37952,0.940,0.820,3.260678030101378e-22
37953,0.940,0.825,9.652721993105535e-23
37954,0.940,0.830,2.8464632150813026e-23
37955,0.940,0.835,8.392365763768688e-24
37956,0.940,0.840,2.483416499827985e-24
37957,0.940,0.845,7.405601854278317e-25
37958,0.940,0.850,2.2353001093998342e-25
37959,0.940,0.855,6.86083360964164e-26
37960,0.940,0.860,2.1513903133228572e-26
37961,0.940,0.865,6.924500989897026e-27
37962,0.940,0.870,2.298116115840685e-27
37963,0.940,0.875,7.900001694335371e-28
37964,0.940,0.880,2.8258093081190928e-28
37965,0.940,0.885,1.0569577134528403e-28
37966,0.940,0.890,4.1572621949620734e-29
37967,0.940,0.895,1.7306851911482177e-29
37968,0.940,0.900,9.931682857284522e-14
37969,0.940,0.905,6.345712942239136e-14
37970,0.940,0.910,4.122906226501824e-14
37971,0.940,0.915,2.722132596864068e-14
37972,0.940,0.920,1.8249060438827863e-14
37973,0.940,0.925,1.2410402892313276e-14
37974,0.940,0.930,8.552602766377004e-15
37975,0.940,0.935,5.9663573938218866e-15
37976,0.940,0.940,4.2086142035124564e-15
37977,0.940,0.945,2.998493352468252e-15
37978,0.940,0.950,2.1553267401943817e-15
37979,0.940,0.955,1.5612602693330603e-15
37980,0.940,0.960,1.138367919085697e-15
37981,0.940,0.965,8.344527427178824e-16
37982,0.940,0.970,6.141169955307702e-16
37983,0.940,0.975,4.530708380210267e-16
37984,0.940,0.980,3.344572860821465e-16
37985,0.940,0.985,2.4644845773822122e-16
37986,0.940,0.990,1.8065335777240489e-16
37987,0.940,0.995,1.310507567924594e-16
37988,0.940,1.000,9.326924230000499e-17
37989,0.945,0.000,328.10630774977983
37990,0.945,0.005,324.5486232008606
37991,0.945,0.010,320.969616178099
37992,0.945,0.015,317.3690849673706
37993,0.945,0.020,313.74682409641383
37994,0.945,0.025,310.1026242152333
37995,0.945,0.030,306.4362719720915
37996,0.945,0.035,302.7475498849296
37997,0.945,0.040,299.03623620804774
37998,0.945,0.045,295.302104793873
37999,0.945,0.050,291.5449249496363
38000,0.945,0.055,287.764461288772
38001,0.945,0.060,283.96047357685006
38002,0.945,0.065,280.13271657184356
38003,0.945,0.070,276.2809398585281
38004,0.945,0.075,272.4048876768068
38005,0.945,0.080,268.504298743744
38006,0.945,0.085,264.57890606909496
38007,0.945,0.090,260.62843676410876
38008,0.945,0.095,256.65261184338505
38009,0.945,0.100,252.65114601956694
38010,0.945,0.105,248.62374749065856
38011,0.945,0.110,244.5701177197677
38012,0.945,0.115,240.4899512070967
38013,0.945,0.120,236.38293525403614
38014,0.945,0.125,232.24874971926735
38015,0.945,0.130,228.08706676685355
38016,0.945,0.135,223.89755060640977
38017,0.945,0.140,219.67985722559763
38018,0.945,0.145,215.43363411542052
38019,0.945,0.150,211.15851998912012
38020,0.945,0.155,206.85414449594168
38021,0.945,0.160,202.5201279317061
38022,0.945,0.165,198.15608094908134
38023,0.945,0.170,193.76160427181793
38024,0.945,0.175,189.33628841917582
38025,0.945,0.180,184.87971344959098
38026,0.945,0.185,180.39144873668093
38027,0.945,0.190,175.87105279653028
38028,0.945,0.195,171.31807319360766
38029,0.945,0.200,166.73204656483907
38030,0.945,0.205,162.11249881894716
38031,0.945,0.210,157.45894559367358
38032,0.945,0.215,152.7708930904703
38033,0.945,0.220,148.04783945994348
38034,0.945,0.225,143.28927698930627
38035,0.945,0.230,138.49469545637953
38036,0.945,0.235,133.6635871791443
38037,0.945,0.240,128.79545452835413
38038,0.945,0.245,123.8898210158587
38039,0.945,0.250,118.94624756913248
38040,0.945,0.255,113.96435631722407
38041,0.945,0.260,108.94386523260754
38042,0.945,0.265,103.88463841360883
38043,0.945,0.270,98.78675880115165
38044,0.945,0.275,93.65063287670911
38045,0.945,0.280,88.47714056702185
38046,0.945,0.285,83.26784831809566
38047,0.945,0.290,78.02530906170388
38048,0.945,0.295,72.75347915236759
38049,0.945,0.300,67.45828807777286
38050,0.945,0.305,62.1483991929202
38051,0.945,0.310,56.836193963820705
38052,0.945,0.315,51.538990114027385
38053,0.945,0.320,46.28045408270742
38054,0.945,0.325,41.09207717669915
38055,0.945,0.330,36.014444502684256
38056,0.945,0.335,31.097846736698685
38057,0.945,0.340,26.401616996533612
38058,0.945,0.345,21.991524926292563
38059,0.945,0.350,17.934777152397913
38060,0.945,0.355,14.292772845856717
38061,0.945,0.360,11.112684619403188
38062,0.945,0.365,8.419827793871644
38063,0.945,0.370,6.213089016935273
38064,0.945,0.375,4.465006058076104
38065,0.945,0.380,3.1265818811852792
38066,0.945,0.385,2.13531931602457
38067,0.945,0.390,1.4241065749772184
38068,0.945,0.395,0.9287901969798613
38069,0.945,0.400,0.5932123909126518
38070,0.945,0.405,0.3715475587287601
38071,0.945,0.410,0.22849150352317688
38072,0.945,0.415,0.13811758887957568
38073,0.945,0.420,0.08213930293494662
38074,0.945,0.425,0.04809569224898118
38075,0.945,0.430,0.027744739405767518
38076,0.945,0.435,0.01577553574764849
38077,0.945,0.440,0.008844585727252509
38078,0.945,0.445,0.004890802591821313
38079,0.945,0.450,0.002667940856690562
38080,0.945,0.455,0.001435886538244122
38081,0.945,0.460,0.0007625022951883684
38082,0.945,0.465,0.0003995278550324921
38083,0.945,0.470,0.0002065509361622889
38084,0.945,0.475,0.00010535490655153797
38085,0.945,0.480,5.3013819187756836e-05
38086,0.945,0.485,2.6313394707864223e-05
38087,0.945,0.490,1.2881119732073535e-05
38088,0.945,0.495,6.217911634249325e-06
38089,0.945,0.500,2.95913966668325e-06
38090,0.945,0.505,1.3881083196943331e-06
38091,0.945,0.510,6.416776364953238e-07
38092,0.945,0.515,2.9223811884843217e-07
38093,0.945,0.520,1.3108904006036524e-07
38094,0.945,0.525,5.790035439582735e-08
38095,0.945,0.530,2.517386609958211e-08
38096,0.945,0.535,1.0770451251795707e-08
38097,0.945,0.540,4.533019142122773e-09
38098,0.945,0.545,1.876109796221989e-09
38099,0.945,0.550,7.632843324347325e-10
38100,0.945,0.555,3.0514421756454983e-10
38101,0.945,0.560,1.198231771842082e-10
38102,0.945,0.565,4.6196854185566305e-11
38103,0.945,0.570,1.7479602918676317e-11
38104,0.945,0.575,6.487876841269053e-12
38105,0.945,0.580,2.361142772763827e-12
38106,0.945,0.585,8.421308279055182e-13
38107,0.945,0.590,2.9420885402700376e-13
38108,0.945,0.595,1.0062918372652226e-13
38109,0.945,0.600,3.367822246527088e-14
38110,0.945,0.605,1.1022700307750983e-14
38111,0.945,0.610,3.526049870792304e-15
38112,0.945,0.615,1.1017673055921954e-15
38113,0.945,0.620,3.360643783434451e-16
38114,0.945,0.625,1.0000178342541881e-16
38115,0.945,0.630,2.901062554952057e-17
38116,0.945,0.635,8.19924582970836e-18
38117,0.945,0.640,2.2560529993824383e-18
38118,0.945,0.645,6.039064606886172e-19
38119,0.945,0.650,1.5714551181946736e-19
38120,0.945,0.655,3.9720513820529615e-20
38121,0.945,0.660,9.744492754834932e-21
38122,0.945,0.665,2.3183420638923626e-21
38123,0.945,0.670,5.344429205593753e-22
38124,0.945,0.675,1.192754019089415e-22
38125,0.945,0.680,2.5747416962007677e-23
38126,0.945,0.685,5.370835409383829e-24
38127,0.945,0.690,1.081552714341636e-24
38128,0.945,0.695,2.10037145336379e-25
38129,0.945,0.700,5.822142696014476e-12
38130,0.945,0.705,2.509975509585591e-12
38131,0.945,0.710,1.0611938056394355e-12
38132,0.945,0.715,4.39788434823376e-13
38133,0.945,0.720,1.7856695715827678e-13
38134,0.945,0.725,7.099880692338676e-14
38135,0.945,0.730,2.7629919524481112e-14
38136,0.945,0.735,1.0519034567320202e-14
38137,0.945,0.740,3.915921541585427e-15
38138,0.945,0.745,1.4248050919251788e-15
38139,0.945,0.750,5.064680140600625e-16
38140,0.945,0.755,1.758121368761737e-16
38141,0.945,0.760,5.957835440108788e-17
38142,0.945,0.765,1.9703144125811714e-17
38143,0.945,0.770,6.357435537003026e-18
38144,0.945,0.775,2.0010305040626037e-18
38145,0.945,0.780,6.143531983401999e-19
38146,0.945,0.785,1.8398942514116368e-19
38147,0.945,0.790,5.3759623736625525e-20
38148,0.945,0.795,1.533060129933815e-20
38149,0.945,0.800,4.269131007141463e-21
38150,0.945,0.805,1.1618173107243464e-21
38151,0.945,0.810,3.0932646782967404e-22
38152,0.945,0.815,8.068347465821856e-23
38153,0.945,0.820,2.065474157503043e-23
38154,0.945,0.825,5.2012690007193704e-24
38155,0.945,0.830,1.2900500195349333e-24
38156,0.945,0.835,3.165145659889912e-25
38157,0.945,0.840,7.712023130617112e-26
38158,0.945,0.845,1.8731778443149247e-26
38159,0.945,0.850,4.557705036991185e-27
38160,0.945,0.855,1.1173374156860816e-27
38161,0.945,0.860,2.7802997795824916e-28
38162,0.945,0.865,3.9322097717776877e-13
38163,0.945,0.870,2.0046145517884608e-13
38164,0.945,0.875,1.0347839860865064e-13
38165,0.945,0.880,5.422581725200969e-14
38166,0.945,0.885,2.891316848393216e-14
38167,0.945,0.890,1.5716262471703063e-14
38168,0.945,0.895,8.721591560076864e-15
38169,0.945,0.900,4.945838884879876e-15
38170,0.945,0.905,2.8672021769706965e-15
38171,0.945,0.910,1.6990697765470744e-15
38172,0.945,0.915,1.0286536160733218e-15
38173,0.945,0.920,6.356928851184476e-16
38174,0.945,0.925,4.0053745608508967e-16
38175,0.945,0.930,2.569637367558026e-16
38176,0.945,0.935,1.6760905418260025e-16
38177,0.945,0.940,1.109830067746925e-16
38178,0.945,0.945,7.448585667721153e-17
38179,0.945,0.950,5.0590771190000844e-17
38180,0.945,0.955,3.471910637446228e-17
38181,0.945,0.960,2.403677022165451e-17
38182,0.945,0.965,1.676023817602266e-17
38183,0.945,0.970,1.1749391936085934e-17
38184,0.945,0.975,8.264569880629288e-18
38185,0.945,0.980,5.819183975500712e-18
38186,0.945,0.985,4.088882853734262e-18
38187,0.945,0.990,2.8547056698429866e-18
38188,0.945,0.995,1.9670080870052645e-18
38189,0.945,1.000,1.322359851548546e-18
38190,0.950,0.000,327.3980342052851
38191,0.950,0.005,323.83539801638096
38192,0.950,0.010,320.2513851365354
38193,0.950,0.015,316.6457928151022
38194,0.950,0.020,313.0184145115981
38195,0.950,0.025,309.3690397749244
38196,0.950,0.030,305.697454118131
38197,0.950,0.035,302.0034388885598
38198,0.950,0.040,298.28677113319776
38199,0.950,0.045,294.5472234590656
38200,0.950,0.050,290.7845638884589
38201,0.950,0.055,286.99855570885614
38202,0.950,0.060,283.18895731729924
38203,0.950,0.065,279.3555220590466
38204,0.950,0.070,275.49799806029387
38205,0.950,0.075,271.61612805475164
38206,0.950,0.080,267.70964920386217
38207,0.950,0.085,263.7782929104366
38208,0.950,0.090,259.8217846254893
38209,0.950,0.095,255.8398436480444
38210,0.950,0.100,251.8321829176946
38211,0.950,0.105,247.7985087996957
38212,0.950,0.110,243.73852086239455
38213,0.950,0.115,239.65191164680905
38214,0.950,0.120,235.53836642821113
38215,0.950,0.125,231.3975629696157
38216,0.950,0.130,227.22917126715248
38217,0.950,0.135,223.03285328740947
38218,0.950,0.140,218.8082626969962
38219,0.950,0.145,214.55504458480672
38220,0.950,0.150,210.27283517779446
38221,0.950,0.155,205.96126155154894
38222,0.950,0.160,201.61994133764827
38223,0.950,0.165,197.2484824307425
38224,0.950,0.170,192.84648269973252
38225,0.950,0.175,188.4135297094306
38226,0.950,0.180,183.94920046200068
38227,0.950,0.185,179.4530611716697
38228,0.950,0.190,174.92466709225516
38229,0.950,0.195,170.36356242579942
38230,0.950,0.200,165.76928035328058
38231,0.950,0.205,161.14134324673233
38232,0.950,0.210,156.47926314880584
38233,0.950,0.215,151.78254264459247
38234,0.950,0.220,147.0506763070087
38235,0.950,0.225,142.28315297925184
38236,0.950,0.230,137.47945927756695
38237,0.950,0.235,132.63908487181303
38238,0.950,0.240,127.76153035460837
38239,0.950,0.245,122.84631887723224
38240,0.950,0.250,117.89301326158551
38241,0.950,0.255,112.9012410616067
38242,0.950,0.260,107.87073113925915
38243,0.950,0.265,102.80136686518036
38244,0.950,0.270,97.69326321168585
38245,0.950,0.275,92.54687796363099
38246,0.950,0.280,87.36317122185979
38247,0.950,0.285,82.14383244592659
38248,0.950,0.290,76.89160041297824
38249,0.950,0.295,71.61070813774916
38250,0.950,0.300,66.30749057590145
38251,0.950,0.305,60.99119477505583
38252,0.950,0.310,55.67502443587283
38253,0.950,0.315,50.377424494825526
38254,0.950,0.320,45.12355364200472
38255,0.950,0.325,39.9467898607949
38256,0.950,0.330,34.88995924534998
38257,0.950,0.335,30.005787735848727
38258,0.950,0.340,25.35591103942747
38259,0.950,0.345,21.00776301042918
38260,0.950,0.350,17.028957637897378
38261,0.950,0.355,13.479484867985093
38262,0.950,0.360,10.403038477753029
38263,0.950,0.365,7.819653941894509
38264,0.950,0.370,5.72196104322212
38265,0.950,0.375,4.07641908268197
38266,0.950,0.380,2.8292208735066873
38267,0.950,0.385,1.9149910085651725
38268,0.950,0.390,1.265765319625905
38269,0.950,0.395,0.8181914982318952
38270,0.950,0.400,0.5179667043266167
38271,0.950,0.405,0.3215779409318439
38272,0.950,0.410,0.19603773723987294
38273,0.950,0.415,0.11746856900808075
38274,0.950,0.420,0.06924968966143873
38275,0.950,0.425,0.040192357671934506
38276,0.950,0.430,0.02298002249179089
38277,0.950,0.435,0.012948960231543847
38278,0.950,0.440,0.007193581888288666
38279,0.950,0.445,0.003940842783046775
38280,0.950,0.450,0.0021293160300697588
38281,0.950,0.455,0.0011348611148490149
38282,0.950,0.460,0.0005966460376090608
38283,0.950,0.465,0.0003094290644418757
38284,0.950,0.470,0.00015829108116384376
38285,0.950,0.475,7.986705209363217e-05
38286,0.950,0.480,3.9741625496691624e-05
38287,0.950,0.485,1.9499737101425108e-05
38288,0.950,0.490,9.432875853515166e-06
38289,0.950,0.495,4.497885572862176e-06
38290,0.950,0.500,2.1136284690285474e-06
38291,0.950,0.505,9.785946479486888e-07
38292,0.950,0.510,4.4629325448719853e-07
38293,0.950,0.515,2.0042975745315113e-07
38294,0.950,0.520,8.861383842647415e-08
38295,0.950,0.525,3.85570336396604e-08
38296,0.950,0.530,1.650539542015122e-08
38297,0.950,0.535,6.948937356534714e-09
38298,0.950,0.540,2.8762277389596193e-09
38299,0.950,0.545,1.169971207427607e-09
38300,0.950,0.550,4.675208939666454e-10
38301,0.950,0.555,1.8345094281429023e-10
38302,0.950,0.560,7.065504261386739e-11
38303,0.950,0.565,2.669769915021024e-11
38304,0.950,0.570,9.892519487604049e-12
38305,0.950,0.575,3.5927660804573152e-12
38306,0.950,0.580,1.2782560102369511e-12
38307,0.950,0.585,4.452897524255903e-13
38308,0.950,0.590,1.5179710675104352e-13
38309,0.950,0.595,5.060936262005354e-14
38310,0.950,0.600,1.649247349700226e-14
38311,0.950,0.605,5.250000930421285e-15
38312,0.950,0.610,1.6314447899421296e-15
38313,0.950,0.615,4.945784518983471e-16
38314,0.950,0.620,1.461662010056946e-16
38315,0.950,0.625,4.20819878115284e-17
38316,0.950,0.630,1.1793938112779815e-17
38317,0.950,0.635,3.21514700419715e-18
38318,0.950,0.640,8.518669954596637e-19
38319,0.950,0.645,2.191880175043785e-19
38320,0.950,0.650,5.472075899018587e-20
38321,0.950,0.655,1.3243409744753376e-20
38322,0.950,0.660,3.1042405994850137e-21
38323,0.950,0.665,7.040480952122421e-22
38324,0.950,0.670,1.5435043362371222e-22
38325,0.950,0.675,3.267535929650335e-23
38326,0.950,0.680,6.672136713581806e-24
38327,0.950,0.685,1.312605226028682e-24
38328,0.950,0.690,2.484677039886434e-25
38329,0.950,0.695,6.179064035572833e-12
38330,0.950,0.700,2.6238916008602736e-12
38331,0.950,0.705,1.0911955410397652e-12
38332,0.950,0.710,4.441423617743323e-13
38333,0.950,0.715,1.7681834836048373e-13
38334,0.950,0.720,6.880724671355844e-14
38335,0.950,0.725,2.615490436789729e-14
38336,0.950,0.730,9.704865626962725e-15
38337,0.950,0.735,3.5127285288720185e-15
38338,0.950,0.740,1.2394148374097384e-15
38339,0.950,0.745,4.2599339911854524e-16
38340,0.950,0.750,1.4252817353970593e-16
38341,0.950,0.755,4.638854358043697e-17
38342,0.950,0.760,1.4677063928079646e-17
38343,0.950,0.765,4.511298790856817e-18
38344,0.950,0.770,1.346253985259654e-18
38345,0.950,0.775,3.898191216653346e-19
38346,0.950,0.780,1.094668572367135e-19
38347,0.950,0.785,2.9798243631111304e-20
38348,0.950,0.790,7.860206658258728e-21
38349,0.950,0.795,2.008686318804004e-21
38350,0.950,0.800,4.972688725052956e-22
38351,0.950,0.805,1.1926733176375878e-22
38352,0.950,0.810,2.7724251761179773e-23
38353,0.950,0.815,6.250332576278098e-24
38354,0.950,0.820,1.3681713523627465e-24
38355,0.950,0.825,2.9130489589277804e-25
38356,0.950,0.830,6.005202654113874e-26
38357,0.950,0.835,1.2060654712428847e-26
38358,0.950,0.840,2.3655529819459077e-27
38359,0.950,0.845,1.0154141244254754e-12
38360,0.950,0.850,4.5101035055160897e-13
38361,0.950,0.855,1.99317407663973e-13
38362,0.950,0.860,8.788964469456616e-14
38363,0.950,0.865,3.879267410969349e-14
38364,0.950,0.870,1.7199543253481007e-14
38365,0.950,0.875,7.689360558507595e-15
38366,0.950,0.880,3.4800209348311667e-15
38367,0.950,0.885,1.6006353593043453e-15
38368,0.950,0.890,7.509721240893501e-16
38369,0.950,0.895,3.6056829607205174e-16
38370,0.950,0.900,1.7763187130127847e-16
38371,0.950,0.905,8.995496682614182e-17
38372,0.950,0.910,4.6874371683678267e-17
38373,0.950,0.915,2.5137725541791802e-17
38374,0.950,0.920,1.3865859734931082e-17
38375,0.950,0.925,7.857440689608808e-18
38376,0.950,0.930,4.5668064555640685e-18
38377,0.950,0.935,2.7170059555628832e-18
38378,0.950,0.940,1.6511461626531694e-18
38379,0.950,0.945,1.0226587777146373e-18
38380,0.950,0.950,6.440939659881046e-19
38381,0.950,0.955,4.115906575444533e-19
38382,0.950,0.960,2.662585167345785e-19
38383,0.950,0.965,1.7396872185094515e-19
38384,0.950,0.970,1.145317854606056e-19
38385,0.950,0.975,7.57737318290757e-20
38386,0.950,0.980,5.0222053625154876e-20
38387,0.950,0.985,3.3213772786996234e-20
38388,0.950,0.990,2.1794162547321315e-20
38389,0.950,0.995,1.4064206766205836e-20
38390,0.950,1.000,8.788622284422813e-21
38391,0.955,0.000,326.7590271393392
38392,0.955,0.005,323.19198746954123
38393,0.955,0.010,319.60352354246044
38394,0.955,0.015,315.9934317007201
38395,0.955,0.020,312.36150446927314
38396,0.955,0.025,308.70753043358576
38397,0.955,0.030,305.03129411332424
38398,0.955,0.035,301.33257583137794
38399,0.955,0.040,297.6111515780484
38400,0.955,0.045,293.86679287022724
38401,0.955,0.050,290.0992666053801
38402,0.955,0.055,286.3083349101456
38403,0.955,0.060,282.49375498335655
38404,0.955,0.065,278.6552789332787
38405,0.955,0.070,274.7926536088599
38406,0.955,0.075,270.9056204247784
38407,0.955,0.080,266.99391518006655
38408,0.955,0.085,263.0572678700922
38409,0.955,0.090,259.09540249166764
38410,0.955,0.095,255.1080368410617
38411,0.955,0.100,251.09488230468844
38412,0.955,0.105,247.0556436422546
38413,0.955,0.110,242.99001876215863
38414,0.955,0.115,238.89769848895665
38415,0.955,0.120,234.77836632274213
38416,0.955,0.125,230.6316981903378
38417,0.955,0.130,226.45736218827514
38418,0.955,0.135,222.25501831764512
38419,0.955,0.140,218.0243182110689
38420,0.955,0.145,213.76490485226924
38421,0.955,0.150,209.47641228906065
38422,0.955,0.155,205.15846534106157
38423,0.955,0.160,200.8106793041284
38424,0.955,0.165,196.43265965451013
38425,0.955,0.170,192.0240017571636
38426,0.955,0.175,187.58429058473862
38427,0.955,0.180,183.11310045672943
38428,0.955,0.185,178.60999481259887
38429,0.955,0.190,174.07452603892074
38430,0.955,0.195,169.50623537961343
38431,0.955,0.200,164.90465297146
38432,0.955,0.205,160.26929806615462
38433,0.955,0.210,155.5996795278703
38434,0.955,0.215,150.89529673575748
38435,0.955,0.220,146.1556410797682
38436,0.955,0.225,141.38019832425925
38437,0.955,0.230,136.56845223945936
38438,0.955,0.235,131.71989008414715
38439,0.955,0.240,126.83401078990384
38440,0.955,0.245,121.91033708548694
38441,0.955,0.250,116.948433362279
38442,0.955,0.255,111.94793189254283
38443,0.955,0.260,106.90857117282931
38444,0.955,0.265,101.83025181002506
38445,0.955,0.270,96.7131176678001
38446,0.955,0.275,91.55767314645776
38447,0.955,0.280,86.36495168024094
38448,0.955,0.285,81.13675593282046
38449,0.955,0.290,75.87599665924247
38450,0.955,0.295,70.58716416911767
38451,0.955,0.300,65.27697213556817
38452,0.955,0.305,59.95521470245175
38453,0.955,0.310,54.63586816062218
38454,0.955,0.315,49.338437803680904
38455,0.955,0.320,44.08948514003398
38456,0.955,0.325,38.9241561474751
38457,0.955,0.330,33.887362477158696
38458,0.955,0.335,29.034066819556077
38459,0.955,0.340,24.427965517717144
38460,0.955,0.345,20.137885318899958
38461,0.955,0.350,16.23158566315553
38462,0.955,0.355,12.767463486238368
38463,0.955,0.360,9.785716308486647
38464,0.955,0.365,7.301324161435599
38465,0.955,0.370,5.301144983382209
38466,0.955,0.375,3.7462396668290547
38467,0.955,0.380,2.578729879034186
38468,0.955,0.385,1.731006126658101
38469,0.955,0.390,1.1346892957244303
38470,0.955,0.395,0.7274209482326217
38471,0.955,0.400,0.4567308092630376
38472,0.955,0.405,0.28124836660311964
38473,0.955,0.410,0.1700583539774078
38474,0.955,0.415,0.10107228615536144
38475,0.955,0.420,0.05909692121120217
38476,0.955,0.425,0.03401717551464546
38477,0.955,0.430,0.019287287829079246
38478,0.955,0.435,0.010776248546141794
38479,0.955,0.440,0.005935053855948545
38480,0.955,0.445,0.003222847262897624
38481,0.955,0.450,0.0017257449155815897
38482,0.955,0.455,0.0009113196963763653
38483,0.955,0.460,0.0004746063296205162
38484,0.955,0.465,0.00024375614637696708
38485,0.955,0.470,0.00012345527884205924
38486,0.955,0.475,6.165280790739806e-05
38487,0.955,0.480,3.0354864667060575e-05
38488,0.955,0.485,1.4732165664489189e-05
38489,0.955,0.490,7.04671861100653e-06
38490,0.955,0.495,3.3212223744963957e-06
38491,0.955,0.500,1.542050014476118e-06
38492,0.955,0.505,7.051441516820086e-07
38493,0.955,0.510,3.174803466509335e-07
38494,0.955,0.515,1.4069776517867043e-07
38495,0.955,0.520,6.135535753302704e-08
38496,0.955,0.525,2.6318914930928544e-08
38497,0.955,0.530,1.110147635650103e-08
38498,0.955,0.535,4.602880207418349e-09
38499,0.955,0.540,1.8751909559173803e-09
38500,0.955,0.545,7.503271831821321e-10
38501,0.955,0.550,2.947537313575304e-10
38502,0.955,0.555,1.1362580827735712e-10
38503,0.955,0.560,4.296359554234378e-11
38504,0.955,0.565,1.5926423153349072e-11
38505,0.955,0.570,5.785072532559192e-12
38506,0.955,0.575,2.057983334943015e-12
38507,0.955,0.580,7.16600819000394e-13
38508,0.955,0.585,2.4409849710253215e-13
38509,0.955,0.590,8.129146009960599e-14
38510,0.955,0.595,2.6451225055859582e-14
38511,0.955,0.600,8.403992610716724e-15
38512,0.955,0.605,2.605380443820122e-15
38513,0.955,0.610,7.875839324272033e-16
38514,0.955,0.615,2.319772097625471e-16
38515,0.955,0.620,6.652514570348908e-17
38516,0.955,0.625,1.855988658143272e-17
38517,0.955,0.630,5.033326752311123e-18
38518,0.955,0.635,1.3257317272211671e-18
38519,0.955,0.640,3.388331297512594e-19
38520,0.955,0.645,8.395607808093495e-20
38521,0.955,0.650,2.0147413320384848e-20
38522,0.955,0.655,4.6780668129568555e-21
38523,0.955,0.660,1.0498666836599678e-21
38524,0.955,0.665,2.274825831306278e-22
38525,0.955,0.670,4.753474614592358e-23
38526,0.955,0.675,9.567484334577285e-24
38527,0.955,0.680,1.8524369843584388e-24
38528,0.955,0.685,1.6598501145806797e-11
38529,0.955,0.690,7.123395393675233e-12
38530,0.955,0.695,2.992730561849998e-12
38531,0.955,0.700,1.2300033311121136e-12
38532,0.955,0.705,4.941824259183026e-13
38533,0.955,0.710,1.9394706315669706e-13
38534,0.955,0.715,7.429417195734683e-14
38535,0.955,0.720,2.7755606425633393e-14
38536,0.955,0.725,1.0104341457098456e-14
38537,0.955,0.730,3.5813906511418946e-15
38538,0.955,0.735,1.2347961316552733e-15
38539,0.955,0.740,4.137528888823398e-16
38540,0.955,0.745,1.346110832311298e-16
38541,0.955,0.750,4.2481194601661434e-17
38542,0.955,0.755,1.299159266980319e-17
38543,0.955,0.760,3.846312911620615e-18
38544,0.955,0.765,1.101299224492185e-18
38545,0.955,0.770,3.0465224063243026e-19
38546,0.955,0.775,8.13397488935912e-20
38547,0.955,0.780,2.0939551380287008e-20
38548,0.955,0.785,5.192491986355829e-21
38549,0.955,0.790,1.2391512325513843e-21
38550,0.955,0.795,2.843391597187784e-22
38551,0.955,0.800,6.268705665801357e-23
38552,0.955,0.805,1.3270108258226043e-23
38553,0.955,0.810,2.6961892120933124e-24
38554,0.955,0.815,5.257736097930586e-25
38555,0.955,0.820,9.8479181854098e-26
38556,0.955,0.825,1.7759858134461023e-26
38557,0.955,0.830,2.5003716734857986e-12
38558,0.955,0.835,1.035207060536818e-12
38559,0.955,0.840,4.204636086444974e-13
38560,0.955,0.845,1.6771655845569194e-13
38561,0.955,0.850,6.579712008381267e-14
38562,0.955,0.855,2.5436487661792972e-14
38563,0.955,0.860,9.713855595318886e-15
38564,0.955,0.865,3.67563495577068e-15
38565,0.955,0.870,1.3831832978854569e-15
38566,0.955,0.875,5.19901078856508e-16
38567,0.955,0.880,1.9616223442540807e-16
38568,0.955,0.885,7.470546595238526e-17
38569,0.955,0.890,2.888451797246363e-17
38570,0.955,0.895,1.140529737592309e-17
38571,0.955,0.900,4.6247636402366925e-18
38572,0.955,0.905,1.935138485566999e-18
38573,0.955,0.910,8.386859974573249e-19
38574,0.955,0.915,3.77392133644652e-19
38575,0.955,0.920,1.764878081604193e-19
38576,0.955,0.925,8.5742846586577e-20
38577,0.955,0.930,4.3209858889361445e-20
38578,0.955,0.935,2.253413749597331e-20
38579,0.955,0.940,1.2125544695369119e-20
38580,0.955,0.945,6.710566643836356e-21
38581,0.955,0.950,3.806765546588848e-21
38582,0.955,0.955,2.2061115761485185e-21
38583,0.955,0.960,1.30171884800038e-21
38584,0.955,0.965,7.794376120371582e-22
38585,0.955,0.970,4.719883423371727e-22
38586,0.955,0.975,2.87986110366584e-22
38587,0.955,0.980,1.7630599310318957e-22
38588,0.955,0.985,1.07722586883741e-22
38589,0.955,0.990,6.51994615372761e-23
38590,0.955,0.995,3.863042650954498e-23
38591,0.955,1.000,2.1933772981300118e-23
38592,0.960,0.000,326.1891261995459
38593,0.960,0.005,322.61821566443024
38594,0.960,0.010,319.025839620286
38595,0.960,0.015,315.4117936254016
38596,0.960,0.020,311.77586939622415
38597,0.960,0.025,308.1178546846432
38598,0.960,0.030,304.4375331507418
38599,0.960,0.035,300.7346842308477
38600,0.960,0.040,297.00908300071245
38601,0.960,0.045,293.26050003363997
38602,0.960,0.050,289.4887012533788
38603,0.960,0.055,285.6934477815881
38604,0.960,0.060,281.8744957796791
38605,0.960,0.065,278.03159628482854
38606,0.960,0.070,274.16449503995324
38607,0.960,0.075,270.27293231743243
38608,0.960,0.080,266.35664273635194
38609,0.960,0.085,262.415355073051
38610,0.960,0.090,258.44879206473666
38611,0.960,0.095,254.45667020594055
38612,0.960,0.100,250.4386995375877
38613,0.960,0.105,246.39458342845555
38614,0.960,0.110,242.32401834881338
38615,0.960,0.115,238.226693636053
38616,0.960,0.120,234.1022912521533
38617,0.960,0.125,229.9504855328738
38618,0.960,0.130,225.77094292864666
38619,0.960,0.135,221.56332173724743
38620,0.960,0.140,217.32727182849047
38621,0.960,0.145,213.06243436142503
38622,0.960,0.150,208.76844149485314
38623,0.960,0.155,204.44491609247586
38624,0.960,0.160,200.09147142468075
38625,0.960,0.165,195.70771086999702
38626,0.960,0.170,191.2932276207066
38627,0.960,0.175,186.84760439920527
38628,0.960,0.180,182.3704131947547
38629,0.960,0.185,177.8612150346679
38630,0.960,0.190,173.319559810358
38631,0.960,0.195,168.7449861879411
38632,0.960,0.200,164.13702164657403
38633,0.960,0.205,159.4951827073271
38634,0.960,0.210,154.81897544404958
38635,0.960,0.215,150.107896409505
38636,0.960,0.220,145.36143417122503
38637,0.960,0.225,140.57907174098375
38638,0.960,0.230,135.76029031267223
38639,0.960,0.235,130.90457491470647
38640,0.960,0.240,126.01142286253308
38641,0.960,0.245,121.080356303931
38642,0.960,0.250,116.11094074095
38643,0.960,0.255,111.10281226629222
38644,0.960,0.260,106.05571747672975
38645,0.960,0.265,100.96957176520226
38646,0.960,0.270,95.84454412810314
38647,0.960,0.275,90.68117996684313
38648,0.960,0.280,85.48057782360958
38649,0.960,0.285,80.24464169912585
38650,0.960,0.290,74.97643743140104
38651,0.960,0.295,69.68068886772853
38652,0.960,0.300,64.36445539837524
38653,0.960,0.305,59.03803299959098
38654,0.960,0.310,53.71610929825894
38655,0.960,0.315,48.41916826777987
38656,0.960,0.320,43.1750671507101
38657,0.960,0.325,38.020582396910505
38658,0.960,0.330,33.00253941755861
38659,0.960,0.335,28.177931574067586
38660,0.960,0.340,23.612284041205175
38661,0.960,0.345,19.37558279662679
38662,0.960,0.350,15.53554256489596
38663,0.960,0.355,12.14888674767877
38664,0.960,0.360,9.252417313876693
38665,0.960,0.365,6.856386434837692
38666,0.960,0.370,4.942420349590158
38667,0.960,0.375,3.466847737113413
38668,0.960,0.380,2.3683779174008386
38669,0.960,0.385,1.5776900468651731
38670,0.960,0.390,1.026299683484424
38671,0.960,0.395,0.652929925336527
38672,0.960,0.400,0.4068531233963978
38673,0.960,0.405,0.24864145348434627
38674,0.960,0.410,0.14920699122322847
38675,0.960,0.415,0.08800791338890386
38676,0.960,0.420,0.05106599929716442
38677,0.960,0.425,0.029168192039687815
38678,0.960,0.430,0.016408999726171502
38679,0.960,0.435,0.009095421169009944
38680,0.960,0.440,0.004968882040062136
38681,0.960,0.445,0.002675948749593036
38682,0.960,0.450,0.001420807664238963
38683,0.960,0.455,0.0007438039894760353
38684,0.960,0.460,0.0003839290964469248
38685,0.960,0.465,0.00019538718213436287
38686,0.960,0.470,9.803002528883255e-05
38687,0.960,0.475,4.8483062284368516e-05
38688,0.960,0.480,2.3633324500101407e-05
38689,0.960,0.485,1.1352377408499318e-05
38690,0.960,0.490,5.372641945284015e-06
38691,0.960,0.495,2.5045470164980725e-06
38692,0.960,0.500,1.14974560729069e-06
38693,0.960,0.505,5.196214764470684e-07
38694,0.960,0.510,2.3113060443806096e-07
38695,0.960,0.515,1.0115239143257873e-07
38696,0.960,0.520,4.354093171202668e-08
38697,0.960,0.525,1.8427566631026137e-08
38698,0.960,0.530,7.66521203905297e-09
38699,0.960,0.535,3.1325268821411333e-09
38700,0.960,0.540,1.257186480637656e-09
38701,0.960,0.545,4.952789032421494e-10
38702,0.960,0.550,1.9144638268288721e-10
38703,0.960,0.555,7.25745750601625e-11
38704,0.960,0.560,2.6967781734288747e-11
38705,0.960,0.565,9.817548372717271e-12
38706,0.960,0.570,3.499626835263608e-12
38707,0.960,0.575,1.2208287968814835e-12
38708,0.960,0.580,4.165287438849897e-13
38709,0.960,0.585,1.3890702279556156e-13
38710,0.960,0.590,4.5249399984509754e-14
38711,0.960,0.595,1.438862782912479e-14
38712,0.960,0.600,4.4631345659669805e-15
38713,0.960,0.605,1.3494537239613613e-15
38714,0.960,0.610,3.9741400324757513e-16
38715,0.960,0.615,1.139073206478697e-16
38716,0.960,0.620,3.174857462279809e-17
38717,0.960,0.625,8.597810975615394e-18
38718,0.960,0.630,2.2602217122391358e-18
38719,0.960,0.635,5.762493959497658e-19
38720,0.960,0.640,1.4234289295509647e-19
38721,0.960,0.645,3.40328334464904e-20
38722,0.960,0.650,7.8670122168106e-21
38723,0.960,0.655,1.7563536182465294e-21
38724,0.960,0.660,3.7826088256172916e-22
38725,0.960,0.665,7.8490631189836e-23
38726,0.960,0.670,1.56722236620615e-23
38727,0.960,0.675,3.006975606768739e-24
38728,0.960,0.680,2.0783173913434778e-11
38729,0.960,0.685,8.867356672256844e-12
38730,0.960,0.690,3.700976953613335e-12
38731,0.960,0.695,1.5098809324378745e-12
38732,0.960,0.700,6.01620281098137e-13
38733,0.960,0.705,2.3393193044512433e-13
38734,0.960,0.710,8.868731294476418e-14
38735,0.960,0.715,3.275211650956529e-14
38736,0.960,0.720,1.1770818836650165e-14
38737,0.960,0.725,4.1127185790132665e-15
38738,0.960,0.730,1.395575611456522e-15
38739,0.960,0.735,4.594177984629325e-16
38740,0.960,0.740,1.4655507187394735e-16
38741,0.960,0.745,4.525027086000811e-17
38742,0.960,0.750,1.3506333825691868e-17
38743,0.960,0.755,3.892228699447049e-18
38744,0.960,0.760,1.081514972254258e-18
38745,0.960,0.765,2.893672672760164e-19
38746,0.960,0.770,7.44457371295071e-20
38747,0.960,0.775,1.8389827355487376e-20
38748,0.960,0.780,4.355337200332138e-21
38749,0.960,0.785,9.874601512511034e-22
38750,0.960,0.790,2.1399915402323294e-22
38751,0.960,0.795,4.426321973729987e-23
38752,0.960,0.800,8.725224297684873e-24
38753,0.960,0.805,1.636953293289827e-24
38754,0.960,0.810,2.92011326304307e-25
38755,0.960,0.815,4.95277631356511e-26
38756,0.960,0.820,3.924631570657812e-12
38757,0.960,0.825,1.5567916277998551e-12
38758,0.960,0.830,6.00669501808712e-13
38759,0.960,0.835,2.2536640697837304e-13
38760,0.960,0.840,8.221499807493234e-14
38761,0.960,0.845,2.9166933245639964e-14
38762,0.960,0.850,1.0067424661180506e-14
38763,0.960,0.855,3.3839316618243645e-15
38764,0.960,0.860,1.1091999989968967e-15
38765,0.960,0.865,3.552760837493681e-16
38766,0.960,0.870,1.1150736630737015e-16
38767,0.960,0.875,3.442136280326809e-17
38768,0.960,0.880,1.0500133097867698e-17
38769,0.960,0.885,3.1838552517677e-18
38770,0.960,0.890,9.664089271736466e-19
38771,0.960,0.895,2.9603485939049642e-19
38772,0.960,0.900,9.233655827094993e-20
38773,0.960,0.905,2.959805183020469e-20
38774,0.960,0.910,9.836736498794371e-21
38775,0.960,0.915,3.41538471282349e-21
38776,0.960,0.920,1.245983517658075e-21
38777,0.960,0.925,4.791364347398424e-22
38778,0.960,0.930,1.9434305117497727e-22
38779,0.960,0.935,8.301230463650182e-23
38780,0.960,0.940,3.721548373731013e-23
38781,0.960,0.945,1.7432681503168625e-23
38782,0.960,0.950,8.489003685510991e-24
38783,0.960,0.955,4.274686088263564e-24
38784,0.960,0.960,2.2137360240444706e-24
38785,0.960,0.965,1.1733362473203246e-24
38786,0.960,0.970,6.331106153101831e-25
38787,0.960,0.975,3.459142569656796e-25
38788,0.960,0.980,1.9024096107578513e-25
38789,0.960,0.985,1.045496236504968e-25
38790,0.960,0.990,5.68383693676531e-26
38791,0.960,0.995,3.0079436055505957e-26
38792,0.960,1.000,1.5041436698451742e-26
38793,0.965,0.000,325.68808296401454
38794,0.965,0.005,322.1138181998333
38795,0.965,0.010,318.5180526582626
38796,0.965,0.015,314.90058122852224
38797,0.965,0.020,311.26119493728805
38798,0.965,0.025,307.599680825205
38799,0.965,0.030,303.9158218188376
38800,0.965,0.035,300.2093965978894
38801,0.965,0.040,296.48017945751803
38802,0.965,0.045,292.72794016556554
38803,0.965,0.050,288.95244381451795
38804,0.965,0.055,285.15345066800177
38805,0.965,0.060,281.3307160016173
38806,0.965,0.065,277.48398993790425
38807,0.965,0.070,273.61301727522704
38808,0.965,0.075,269.7175373103638
38809,0.965,0.080,265.79728365457237
38810,0.965,0.085,261.85198404290963
38811,0.965,0.090,257.8813601365702
38812,0.965,0.095,253.88512731801254
38813,0.965,0.100,249.86299447864255
38814,0.965,0.105,245.81466379882815
38815,0.965,0.110,241.7398305200319
38816,0.965,0.115,237.63818270886802
38817,0.965,0.120,233.50940101292343
38818,0.965,0.125,229.35315840823125
38819,0.965,0.130,225.16911993836223
38820,0.965,0.135,220.95694244520868
38821,0.965,0.140,216.7162742916993
38822,0.965,0.145,212.44675507691653
38823,0.965,0.150,208.14801534443103
38824,0.965,0.155,203.81967628515713
38825,0.965,0.160,199.46134943674218
38826,0.965,0.165,195.07263638252567
38827,0.965,0.170,190.653128454577
38828,0.965,0.175,186.20240644745488
38829,0.965,0.180,181.720040352414
38830,0.965,0.185,177.20558912625685
38831,0.965,0.190,172.6586005155253
38832,0.965,0.195,168.0786109661649
38833,0.965,0.200,163.465145662574
38834,0.965,0.205,158.81771876002884
38835,0.965,0.210,154.13583390386472
38836,0.965,0.215,149.4189851717739
38837,0.965,0.220,144.66665863858358
38838,0.965,0.225,139.8783348552071
38839,0.965,0.230,135.05349266884454
38840,0.965,0.235,130.19161500988255
38841,0.965,0.240,125.29219756125798
38842,0.965,0.245,120.35476164996491
38843,0.965,0.250,115.37887331720113
38844,0.965,0.255,110.3641714165498
38845,0.965,0.260,105.3104088727213
38846,0.965,0.265,100.21751305851194
38847,0.965,0.270,95.08567380686735
38848,0.965,0.275,89.91547109199695
38849,0.965,0.280,84.70805910881963
38850,0.965,0.285,79.46542948256098
38851,0.965,0.290,74.190783500124
38852,0.965,0.295,68.8890507869925
38853,0.965,0.300,63.567597725108826
38854,0.965,0.305,58.237168899335636
38855,0.965,0.310,52.91309136968057
38856,0.965,0.315,47.61673261122038
38857,0.965,0.320,42.37712270085062
38858,0.965,0.325,37.2325147513289
38859,0.965,0.330,32.23146323570105
38860,0.965,0.335,27.43278293776294
38861,0.965,0.340,22.90361104884677
38862,0.965,0.345,18.71490062401104
38863,0.965,0.350,14.934203523840992
38864,0.965,0.355,11.61658582668329
38865,0.965,0.360,8.795657326911066
38866,0.965,0.365,6.47734997977114
38867,0.965,0.370,4.638628532216012
38868,0.965,0.375,3.231723079742814
38869,0.965,0.380,2.192503502055673
38870,0.965,0.385,1.4503476350843076
38871,0.965,0.390,0.9368664366439121
38872,0.965,0.395,0.5918694203711625
38873,0.965,0.400,0.36623359752892903
38874,0.965,0.405,0.22225784458567516
38875,0.965,0.410,0.13244334316825868
38876,0.965,0.415,0.077571969415476
38877,0.965,0.420,0.04469215302114456
38878,0.965,0.425,0.025344804781844664
38879,0.965,0.430,0.014154516346849463
38880,0.965,0.435,0.007787771056197536
38881,0.965,0.440,0.004222421238132689
38882,0.965,0.445,0.002256420271470697
38883,0.965,0.450,0.0011886005460521782
38884,0.965,0.455,0.000617204919480106
38885,0.965,0.460,0.0003159344439180585
38886,0.965,0.465,0.00015940985574991503
38887,0.965,0.470,7.927619778804997e-05
38888,0.965,0.475,3.885287972818174e-05
38889,0.965,0.480,1.8762285779546408e-05
38890,0.965,0.485,8.92579953446787e-06
38891,0.965,0.490,4.182273397282691e-06
38892,0.965,0.495,1.9296377981203153e-06
38893,0.965,0.500,8.764379168215634e-07
38894,0.965,0.505,3.9176222764968977e-07
38895,0.965,0.510,1.722838459458169e-07
38896,0.965,0.515,7.451477965623799e-08
38897,0.965,0.520,3.1685625103187366e-08
38898,0.965,0.525,1.3241621906078556e-08
38899,0.965,0.530,5.436346228504878e-09
38900,0.965,0.535,2.191688850714541e-09
38901,0.965,0.540,8.672936354029209e-10
38902,0.965,0.545,3.367201492899454e-10
38903,0.965,0.550,1.2819714803262425e-10
38904,0.965,0.555,4.783818984288302e-11
38905,0.965,0.560,1.7487548634100006e-11
38906,0.965,0.565,6.258946678841365e-12
38907,0.965,0.570,2.1920034328041812e-12
38908,0.965,0.575,7.507360427111845e-13
38909,0.965,0.580,2.512847921242441e-13
38910,0.965,0.585,8.214722117479897e-14
38911,0.965,0.590,2.6210154581719278e-14
38912,0.965,0.595,8.156158067602572e-15
38913,0.965,0.600,2.473526960801861e-15
38914,0.965,0.605,7.305066689345696e-16
38915,0.965,0.610,2.0992039987598113e-16
38916,0.965,0.615,5.864613575987787e-17
38917,0.965,0.620,1.5914482431181503e-17
38918,0.965,0.625,4.190953888144201e-18
38919,0.965,0.630,1.0699851642834023e-18
38920,0.965,0.635,2.645774663500462e-19
38921,0.965,0.640,6.329504307956164e-20
38922,0.965,0.645,1.463418633621168e-20
38923,0.965,0.650,3.26593602859889e-21
38924,0.965,0.655,7.0274214664352035e-22
38925,0.965,0.660,1.4560197911506049e-22
38926,0.965,0.665,2.900918756067213e-23
38927,0.965,0.670,5.549763045341822e-24
38928,0.965,0.675,2.7825439216459346e-11
38929,0.965,0.680,1.184449908015901e-11
38930,0.965,0.685,4.92959069531689e-12
38931,0.965,0.690,2.004314262078259e-12
38932,0.965,0.695,7.954363283845317e-13
38933,0.965,0.700,3.078471614533081e-13
38934,0.965,0.705,1.160756501965073e-13
38935,0.965,0.710,4.259798475693327e-14
38936,0.965,0.715,1.5199285619704345e-14
38937,0.965,0.720,5.267021835455054e-15
38938,0.965,0.725,1.7705684542921196e-15
38939,0.965,0.730,5.766852232942284e-16
38940,0.965,0.735,1.8175652126376955e-16
38941,0.965,0.740,5.5358625577684704e-17
38942,0.965,0.745,1.6271025319350712e-17
38943,0.965,0.750,4.6082808743425694e-18
38944,0.965,0.755,1.2557003920170811e-18
38945,0.965,0.760,3.286640727967528e-19
38946,0.965,0.765,8.248972608556518e-20
38947,0.965,0.770,1.9817851246685852e-20
38948,0.965,0.775,4.54898735179486e-21
38949,0.965,0.780,9.957069245553123e-22
38950,0.965,0.785,2.074102968520915e-22
38951,0.965,0.790,4.103035024198425e-23
38952,0.965,0.795,7.691905907442575e-24
38953,0.965,0.800,1.3636814314388514e-24
38954,0.965,0.805,2.2822122460323326e-25
38955,0.965,0.810,8.101084249717816e-12
38956,0.965,0.815,3.1704016773681778e-12
38957,0.965,0.820,1.2009293165687524e-12
38958,0.965,0.825,4.3976913300733467e-13
38959,0.965,0.830,1.55495443874505e-13
38960,0.965,0.835,5.302711588335455e-14
38961,0.965,0.840,1.742216967974836e-14
38962,0.965,0.845,5.509604492479405e-15
38963,0.965,0.850,1.6757946542452426e-15
38964,0.965,0.855,4.899837433661444e-16
38965,0.965,0.860,1.3769953505926032e-16
38966,0.965,0.865,3.720542795631663e-17
38967,0.965,0.870,9.674007357318249e-18
38968,0.965,0.875,2.424874044009604e-18
38969,0.965,0.880,5.875778682184497e-19
38970,0.965,0.885,1.382037381565957e-19
38971,0.965,0.890,3.1735366743548346e-20
38972,0.965,0.895,7.169141783936367e-21
38973,0.965,0.900,1.609033386791327e-21
38974,0.965,0.905,3.631473675016911e-22
38975,0.965,0.910,8.358323422857979e-23
38976,0.965,0.915,1.991074038986155e-23
38977,0.965,0.920,4.985803728828369e-24
38978,0.965,0.925,1.3292048650332892e-24
38979,0.965,0.930,3.8076666559582757e-25
38980,0.965,0.935,1.1771527999352693e-25
38981,0.965,0.940,3.9252905462863666e-26
38982,0.965,0.945,1.405280465213552e-26
38983,0.965,0.950,5.361538809797775e-27
38984,0.965,0.955,2.1606091457058013e-27
38985,0.965,0.960,9.005586352628518e-28
38986,0.965,0.965,3.913706330274741e-28
38987,0.965,0.970,1.7410529535081006e-28
38988,0.965,0.975,7.836651193081282e-29
38989,0.965,0.980,3.5190419588237554e-29
38990,0.965,0.985,1.5459668227710887e-29
38991,0.965,0.990,6.432853538729232e-30
38992,0.965,0.995,2.3697257959858976e-30
38993,0.965,1.000,6.282427877906277e-31
38994,0.970,0.000,325.2555661078507
38995,0.970,0.005,321.6784474705001
38996,0.970,0.010,318.0797984466433
38997,0.970,0.015,314.459413364865
38998,0.970,0.020,310.8170826737853
38999,0.970,0.025,307.1525928179251
39000,0.970,0.030,303.465726108983
39001,0.970,0.035,299.7562605923555
39002,0.970,0.040,296.023969908726
39003,0.970,0.045,292.2686231505403
39004,0.970,0.050,288.48998471318276
39005,0.970,0.055,284.6878141406574
39006,0.970,0.060,280.8618659655755
39007,0.970,0.065,277.0118895432406
39008,0.970,0.070,273.13762887961946
39009,0.970,0.075,269.2388224529789
39010,0.970,0.080,265.3152030289626
39011,0.970,0.085,261.36649746887997
39012,0.970,0.090,257.3924265309719
39013,0.970,0.095,253.39270466442008
39014,0.970,0.100,249.3670397958652
39015,0.970,0.105,245.315133108206
39016,0.970,0.110,241.2366788114628
39017,0.970,0.115,237.1313639055069
39018,0.970,0.120,232.99886793449167
39019,0.970,0.125,228.83886273286845
39020,0.970,0.130,224.65101216294585
39021,0.970,0.135,220.43497184406044
39022,0.970,0.140,216.19038887358786
39023,0.970,0.145,211.9169015402573
39024,0.970,0.150,207.61413903057172
39025,0.970,0.155,203.2817211296273
39026,0.970,0.160,198.91925791833216
39027,0.970,0.165,194.52634947005143
39028,0.970,0.170,190.10258555118324
39029,0.970,0.175,185.6475453323152
39030,0.970,0.180,181.1607971197176
39031,0.970,0.185,176.64189812144184
39032,0.970,0.190,172.09039426885838
39033,0.970,0.195,167.50582012403342
39034,0.970,0.200,162.88769891732005
39035,0.970,0.205,158.2355427799607
39036,0.970,0.210,153.54885326643654
39037,0.970,0.215,148.82712230517663
39038,0.970,0.220,144.06983378068645
39039,0.970,0.225,139.27646604479938
39040,0.970,0.230,134.44649579381945
39041,0.970,0.235,129.57940395252442
39042,0.970,0.240,124.67468450547568
39043,0.970,0.245,119.73185765430242
39044,0.970,0.250,114.75048931860572
39045,0.970,0.255,109.73021992501427
39046,0.970,0.260,104.67080676355002
39047,0.970,0.265,99.57218609238514
39048,0.970,0.270,94.43456384342551
39049,0.970,0.275,89.25854745721222
39050,0.970,0.280,84.04533628710769
39051,0.970,0.285,78.79699429043708
39052,0.970,0.290,73.51683619643767
39053,0.970,0.295,68.20996614784099
39054,0.970,0.300,62.88401374431302
39055,0.970,0.305,57.55011189965042
39056,0.970,0.310,52.22414574995685
39057,0.970,0.315,46.92825915419084
39058,0.970,0.320,41.69251832020188
39059,0.970,0.325,36.55648546138923
39060,0.970,0.330,31.570249558646594
39061,0.970,0.335,26.79423771680586
39062,0.970,0.340,22.297000187475327
39063,0.970,0.345,18.150307433647846
39064,0.970,0.350,14.421499242955813
39065,0.970,0.355,11.164088036196075
39066,0.970,0.360,8.408781386489077
39067,0.970,0.365,6.157658322139582
39068,0.970,0.370,4.383603331681809
39069,0.970,0.375,3.035337944439009
39070,0.970,0.380,2.046380531638134
39071,0.970,0.385,1.3451170124163918
39072,0.970,0.390,0.863364057913245
39073,0.970,0.395,0.5419586572565792
39074,0.970,0.400,0.33321155078242465
39075,0.970,0.405,0.20092546341881987
39076,0.970,0.410,0.11896298694526518
39077,0.970,0.415,0.0692260925730205
39078,0.970,0.420,0.039623228327132574
39079,0.970,0.425,0.022321441897223675
39080,0.970,0.430,0.012382129983281654
39081,0.970,0.435,0.0067658838410061106
39082,0.970,0.440,0.003642673159207213
39083,0.970,0.445,0.0019326576339816052
39084,0.970,0.450,0.0010105767954083425
39085,0.970,0.455,0.0005208071419748839
39086,0.970,0.460,0.00026452586287558695
39087,0.970,0.465,0.00013240772470063093
39088,0.970,0.470,6.530784395052375e-05
39089,0.970,0.475,3.1736683985664774e-05
39090,0.970,0.480,1.5192361779374107e-05
39091,0.970,0.485,7.162542455345625e-06
39092,0.970,0.490,3.3249577274176575e-06
39093,0.970,0.495,1.5193919918702616e-06
39094,0.970,0.500,6.832751314853115e-07
39095,0.970,0.505,3.022948063246716e-07
39096,0.970,0.510,1.3153231930594955e-07
39097,0.970,0.515,5.626636170019603e-08
39098,0.970,0.520,2.365473641545766e-08
39099,0.970,0.525,9.769430065503863e-09
39100,0.970,0.530,3.962065137993745e-09
39101,0.970,0.535,1.577194024536282e-09
39102,0.970,0.540,6.159704983814834e-10
39103,0.970,0.545,2.3590449933387406e-10
39104,0.970,0.550,8.855114165168162e-11
39105,0.970,0.555,3.2561426422942505e-11
39106,0.970,0.560,1.172257303322171e-11
39107,0.970,0.565,4.1295296835992835e-12
39108,0.970,0.570,1.4225669519918858e-12
39109,0.970,0.575,4.789208337367084e-13
39110,0.970,0.580,1.5746558079738648e-13
39111,0.970,0.585,5.052862848194699e-14
39112,0.970,0.590,1.5812658004660734e-14
39113,0.970,0.595,4.822355569134953e-15
39114,0.970,0.600,1.4320466626742464e-15
39115,0.970,0.605,4.1375194188612034e-16
39116,0.970,0.610,1.1620708284491457e-16
39117,0.970,0.615,3.1698832445235596e-17
39118,0.970,0.620,8.389985985857138e-18
39119,0.970,0.625,2.152581046126369e-18
39120,0.970,0.630,5.347935873456929e-19
39121,0.970,0.635,1.2852238391865653e-19
39122,0.970,0.640,2.984229453466032e-20
39123,0.970,0.645,6.687459391292489e-21
39124,0.970,0.650,1.4443322671476622e-21
39125,0.970,0.655,3.0028572137394517e-22
39126,0.970,0.660,6.001296608436996e-23
39127,0.970,0.665,1.1512193523321413e-23
39128,0.970,0.670,3.9592919752197453e-11
39129,0.970,0.675,1.6867906627638637e-11
39130,0.970,0.680,7.0241691961308505e-12
39131,0.970,0.685,2.8565698837599563e-12
39132,0.970,0.690,1.1334898001699177e-12
39133,0.970,0.695,4.384293512146363e-13
39134,0.970,0.700,1.6514126219446618e-13
39135,0.970,0.705,6.051002410562019e-14
39136,0.970,0.710,2.1544290615852683e-14
39137,0.970,0.715,7.444948975030198e-15
39138,0.970,0.720,2.493905013660414e-15
39139,0.970,0.725,8.087634522608423e-16
39140,0.970,0.730,2.535655524247509e-16
39141,0.970,0.735,7.674618338013959e-17
39142,0.970,0.740,2.2390133346870642e-17
39143,0.970,0.745,6.286199699860547e-18
39144,0.970,0.750,1.6955470777499615e-18
39145,0.970,0.755,4.3856925802733495e-19
39146,0.970,0.760,1.0857877911666539e-19
39147,0.970,0.765,2.5677610080163547e-20
39148,0.970,0.770,5.788174117874451e-21
39149,0.970,0.775,1.240874849552584e-21
39150,0.970,0.780,2.523956331642062e-22
39151,0.970,0.785,4.858676275342166e-23
39152,0.970,0.790,8.828881127450618e-24
39153,0.970,0.795,1.5104171915972584e-24
39154,0.970,0.800,2.42669875003545e-25
39155,0.970,0.805,8.043416938307339e-12
39156,0.970,0.810,3.0648937604351533e-12
39157,0.970,0.815,1.1260542430511423e-12
39158,0.970,0.820,3.981916397986341e-13
39159,0.970,0.825,1.352692997731685e-13
39160,0.970,0.830,4.405889838273721e-14
39161,0.970,0.835,1.3731559109304984e-14
39162,0.970,0.840,4.086579778283473e-15
39163,0.970,0.845,1.158891260277717e-15
39164,0.970,0.850,3.125044785351333e-16
39165,0.970,0.855,7.996630508510187e-17
39166,0.970,0.860,1.937962298854814e-17
39167,0.970,0.865,4.440184380254272e-18
39168,0.970,0.870,9.603564618628679e-19
39169,0.970,0.875,1.9588141909131998e-19
39170,0.970,0.880,3.766363180972116e-20
39171,0.970,0.885,6.830689450176667e-21
39172,0.970,0.890,1.1706651709127141e-21
39173,0.970,0.895,1.9029035401699098e-22
39174,0.970,0.900,2.9515746655140554e-23
39175,0.970,0.905,4.40920415193271e-24
39176,0.970,0.910,6.428695608240908e-25
39177,0.970,0.915,9.249047988835384e-26
39178,0.970,0.920,1.3496028236334337e-26
39179,0.970,0.925,2.0343751809837547e-27
39180,0.970,0.930,3.2231482514794774e-28
39181,0.970,0.935,5.390641517273342e-29
39182,0.970,0.940,9.277329381813597e-30
39183,0.970,0.945,1.4754956261357607e-30
39184,0.970,0.950,4.328880304833217e-14
39185,0.970,0.955,2.1407268807426996e-14
39186,0.970,0.960,1.1094373233398698e-14
39187,0.970,0.965,5.993671673016005e-15
39188,0.970,0.970,3.353537250898193e-15
39189,0.970,0.975,1.9292812411453446e-15
39190,0.970,0.980,1.1322882226945799e-15
39191,0.970,0.985,6.718856181772757e-16
39192,0.970,0.990,3.9849771369934067e-16
39193,0.970,0.995,2.3210959886094127e-16
39194,0.970,1.000,1.2835635112428978e-16
39195,0.975,0.000,324.89116666758366
39196,0.975,0.005,321.31167805637403
39197,0.975,0.010,317.71063479346003
39198,0.975,0.015,314.0878307487065
39199,0.975,0.020,310.44305589769897
39200,0.975,0.025,306.77609619707624
39201,0.975,0.030,303.08673345525443
39202,0.975,0.035,299.3747451983736
39203,0.975,0.040,295.63990453129003
39204,0.975,0.045,291.88197999343305
39205,0.975,0.050,288.1007354093375
39206,0.975,0.055,284.2959297336567
39207,0.975,0.060,280.46731689045555
39208,0.975,0.065,276.6146456065737
39209,0.975,0.070,272.737659238846
39210,0.975,0.075,268.83609559495875
39211,0.975,0.080,264.90968674771466
39212,0.975,0.085,260.95815884247594
39213,0.975,0.090,256.98123189754983
39214,0.975,0.095,252.97861959727985
39215,0.975,0.100,248.95002907760627
39216,0.975,0.105,244.89516070386495
39217,0.975,0.110,240.81370784060405
39218,0.975,0.115,236.7053566132172
39219,0.975,0.120,232.56978566122308
39220,0.975,0.125,228.40666588306877
39221,0.975,0.130,224.21566017240932
39222,0.975,0.135,219.9964231459214
39223,0.975,0.140,215.74860086286975
39224,0.975,0.145,211.47183053687664
39225,0.975,0.150,207.16574024067955
39226,0.975,0.155,202.82994860515117
39227,0.975,0.160,198.46406451455803
39228,0.975,0.165,194.06768680105768
39229,0.975,0.170,189.64040394290822
39230,0.975,0.175,185.18179377300856
39231,0.975,0.180,180.69142320749933
39232,0.975,0.185,176.16884800867746
39233,0.975,0.190,171.61361260307984
39234,0.975,0.195,167.02524998521355
39235,0.975,0.200,162.4032817515086
39236,0.975,0.205,157.74721832969763
39237,0.975,0.210,153.0565594991308
39238,0.975,0.215,148.3307953420288
39239,0.975,0.220,143.5694078311618
39240,0.975,0.225,138.77187335579444
39241,0.975,0.230,133.93766662960482
39242,0.975,0.235,129.0662666330184
39243,0.975,0.240,124.1571655491571
39244,0.975,0.245,119.20988210241059
39245,0.975,0.250,114.22398136586632
39246,0.975,0.255,109.1991040591692
39247,0.975,0.260,104.1350097367572
39248,0.975,0.265,99.03164023453738
39249,0.975,0.270,93.88921251246329
39250,0.975,0.275,88.70835384761914
39251,0.975,0.280,83.49029743876133
39252,0.975,0.285,78.2371630138012
39253,0.975,0.290,72.95235479872694
39254,0.975,0.295,67.64111728762495
39255,0.975,0.300,62.31129528291081
39256,0.975,0.305,56.9743437633717
39257,0.975,0.310,51.64661651874378
39258,0.975,0.315,46.35091648155356
39259,0.975,0.320,41.11819759831503
39260,0.975,0.325,35.989152287677534
39261,0.975,0.330,31.015202149470877
39262,0.975,0.335,26.25817981584084
39263,0.975,0.340,21.787868438050065
39264,0.975,0.345,17.676747077317327
39265,0.975,0.350,13.991957407566483
39266,0.975,0.355,10.785638317685343
39267,0.975,0.360,8.085956102289218
39268,0.975,0.365,5.89164681200096
39269,0.975,0.370,4.172093699592826
39270,0.975,0.375,2.8730514135269947
39271,0.975,0.380,1.9260953269942462
39272,0.975,0.385,1.2588418521756943
39273,0.975,0.390,0.8033502577091464
39274,0.975,0.395,0.5013778304625077
39275,0.975,0.400,0.30647636011700424
39276,0.975,0.405,0.18372878745962026
39277,0.975,0.410,0.10814369867880837
39278,0.975,0.415,0.06255774286716903
39279,0.975,0.420,0.03559180811975459
39280,0.975,0.425,0.019928318411006483
39281,0.975,0.430,0.010986104672913635
39282,0.975,0.435,0.0059650969674322745
39283,0.975,0.440,0.003190771570694727
39284,0.975,0.445,0.0016816848803011672
39285,0.975,0.450,0.0008733712358487391
39286,0.975,0.455,0.00044695761652810694
39287,0.975,0.460,0.00022538855203090464
39288,0.975,0.465,0.00011198513531770102
39289,0.975,0.470,5.481500018020806e-05
39290,0.975,0.475,2.6429012751660256e-05
39291,0.975,0.480,1.2549397690972013e-05
39292,0.975,0.485,5.867192614510095e-06
39293,0.975,0.490,2.700203577310599e-06
39294,0.975,0.495,1.2229348631223322e-06
39295,0.975,0.500,5.449065941585806e-07
39296,0.975,0.505,2.3878864936961384e-07
39297,0.975,0.510,1.0287955801581919e-07
39298,0.975,0.515,4.356215309598829e-08
39299,0.975,0.520,1.812114624859125e-08
39300,0.975,0.525,7.402518942350908e-09
39301,0.975,0.530,2.9682639768558925e-09
39302,0.975,0.535,1.1677671965120928e-09
39303,0.975,0.540,4.505388560308603e-10
39304,0.975,0.545,1.7037723409305345e-10
39305,0.975,0.550,6.311966157715368e-11
39306,0.975,0.555,2.289554773651749e-11
39307,0.975,0.560,8.126786704429428e-12
39308,0.975,0.565,2.821009647786843e-12
39309,0.975,0.570,9.570451705278507e-13
39310,0.975,0.575,3.1711300148850835e-13
39311,0.975,0.580,1.0255286740130068e-13
39312,0.975,0.585,3.234583253389162e-14
39313,0.975,0.590,9.942504532251887e-15
39314,0.975,0.595,2.976016650242296e-15
39315,0.975,0.600,8.667147737734527e-16
39316,0.975,0.605,2.453811352834927e-16
39317,0.975,0.610,6.74737999612579e-17
39318,0.975,0.615,1.8003032578358363e-17
39319,0.975,0.620,4.656279222562225e-18
39320,0.975,0.625,1.166177618255288e-18
39321,0.975,0.630,2.8251649184199483e-19
39322,0.975,0.635,6.612851463844111e-20
39323,0.975,0.640,1.493686686603599e-20
39324,0.975,0.645,3.2520033344404095e-21
39325,0.975,0.650,6.814040194213115e-22
39326,0.975,0.655,1.3724278067468095e-22
39327,0.975,0.660,2.6529825244960914e-23
39328,0.975,0.665,5.951089359241107e-11
39329,0.975,0.670,2.54467372209883e-11
39330,0.975,0.675,1.0634279969886262e-11
39331,0.975,0.680,4.339520108762305e-12
39332,0.975,0.685,1.7275469536486429e-12
39333,0.975,0.690,6.702669225591751e-13
39334,0.975,0.695,2.5319063490107204e-13
39335,0.975,0.700,9.301585015663171e-14
39336,0.975,0.705,3.3195335646180707e-14
39337,0.975,0.710,1.1494266432672656e-14
39338,0.975,0.715,3.85667409067535e-15
39339,0.975,0.720,1.2522283368046204e-15
39340,0.975,0.725,3.928893360315274e-16
39341,0.975,0.730,1.1893609989299203e-16
39342,0.975,0.735,3.4682890183444674e-17
39343,0.975,0.740,9.726002365894497e-18
39344,0.975,0.745,2.6180941074352442e-18
39345,0.975,0.750,6.752021996787544e-19
39346,0.975,0.755,1.6649230173309509e-19
39347,0.975,0.760,3.9167373578734296e-20
39348,0.975,0.765,8.770477293205069e-21
39349,0.975,0.770,1.8647691888743918e-21
39350,0.975,0.775,3.754886912688212e-22
39351,0.975,0.780,7.140609613675773e-23
39352,0.975,0.785,1.2787029679593651e-23
39353,0.975,0.790,2.1497124272232873e-24
39354,0.975,0.795,2.3710950234200817e-11
39355,0.975,0.800,9.240219214742694e-12
39356,0.975,0.805,3.470620386499799e-12
39357,0.975,0.810,1.25382025385173e-12
39358,0.975,0.815,4.3472817341585296e-13
39359,0.975,0.820,1.4432475857862768e-13
39360,0.975,0.825,4.5763776773223184e-14
39361,0.975,0.830,1.3823105228609884e-14
39362,0.975,0.835,3.966073398480511e-15
39363,0.975,0.840,1.077647883033231e-15
39364,0.975,0.845,2.764157549069331e-16
39365,0.975,0.850,6.670313348018235e-17
39366,0.975,0.855,1.5089547173043835e-17
39367,0.975,0.860,3.188077685307746e-18
39368,0.975,0.865,6.266412654640135e-19
39369,0.975,0.870,1.141349839022965e-19
39370,0.975,0.875,1.918618132092503e-20
39371,0.975,0.880,2.9649904838327498e-21
39372,0.975,0.885,4.1968520870422975e-22
39373,0.975,0.890,5.423793932742373e-23
39374,0.975,0.895,6.384928698649609e-24
39375,0.975,0.900,6.841366347951422e-25
39376,0.975,0.905,6.686134659653636e-26
39377,0.975,0.910,6.011213344543276e-27
39378,0.975,0.915,4.574774129971917e-28
39379,0.975,0.920,4.3637394549425784e-13
39380,0.975,0.925,1.207657258309902e-13
39381,0.975,0.930,3.3013112587260557e-14
39382,0.975,0.935,9.074125539881797e-15
39383,0.975,0.940,2.561255872528482e-15
39384,0.975,0.945,7.588341907602455e-16
39385,0.975,0.950,2.40501197903113e-16
39386,0.975,0.955,8.254461411437917e-17
39387,0.975,0.960,3.079403045846086e-17
39388,0.975,0.965,1.2434793064708168e-17
39389,0.975,0.970,5.382613517553471e-18
39390,0.975,0.975,2.4659543159429344e-18
39391,0.975,0.980,1.1786717275422373e-18
39392,0.975,0.985,5.785952045455217e-19
39393,0.975,0.990,2.8621693522436545e-19
39394,0.975,0.995,1.3875762612100437e-19
39395,0.975,1.000,6.245402215220782e-20
39396,0.980,0.000,324.59440334584
39397,0.980,0.005,321.0130121415428
39398,0.980,0.010,317.41004705914315
39399,0.980,0.015,313.7853016055094
39400,0.980,0.020,310.1385653818527
39401,0.980,0.025,306.4696239586368
39402,0.980,0.030,302.7782587458639
39403,0.980,0.035,299.06424685856433
39404,0.980,0.040,295.327360977316
39405,0.980,0.045,291.5673692036099
39406,0.980,0.050,287.78403490987154
39407,0.980,0.055,283.9771165839438
39408,0.980,0.060,280.1463676678288
39409,0.980,0.065,276.2915363904782
39410,0.980,0.070,272.4123655944177
39411,0.980,0.075,268.50859255598425
39412,0.980,0.080,264.57994879894545
39413,0.980,0.085,260.62615990127154
39414,0.980,0.090,256.6469452948208
39415,0.980,0.095,252.64201805770023
39416,0.980,0.100,248.61108469906313
39417,0.980,0.105,244.55384493610936
39418,0.980,0.110,240.4699914630651
39419,0.980,0.115,236.35920971193593
39420,0.980,0.120,232.2211776048585
39421,0.980,0.125,228.0555652979223
39422,0.980,0.130,223.86203491640504
39423,0.980,0.135,219.6402402814699
39424,0.980,0.140,215.38982662853076
39425,0.980,0.145,211.11043031771788
39426,0.980,0.150,206.80167853720886
39427,0.980,0.155,202.46318900067064
39428,0.980,0.160,198.09456964075514
39429,0.980,0.165,193.69541830160193
39430,0.980,0.170,189.26532243476808
39431,0.980,0.175,184.8038588051339
39432,0.980,0.180,180.3105932164314
39433,0.980,0.185,175.78508027055423
39434,0.980,0.190,171.2268631813999
39435,0.980,0.195,166.63547367362273
39436,0.980,0.200,162.01043201080523
39437,0.980,0.205,157.35124721826332
39438,0.980,0.210,152.6574175961773
39439,0.980,0.215,147.92843166357
39440,0.980,0.220,143.16376973974917
39441,0.980,0.225,138.36290646727235
39442,0.980,0.230,133.52531472423073
39443,0.980,0.235,128.65047158555598
39444,0.980,0.240,123.73786730509364
39445,0.980,0.245,118.78701874866015
39446,0.980,0.250,113.79748937956893
39447,0.980,0.255,108.76891887585766
39448,0.980,0.260,103.70106687207965
39449,0.980,0.265,98.59387734111527
39450,0.980,0.270,93.44757298320894
39451,0.980,0.275,88.26279292757765
39452,0.980,0.280,83.04079232918458
39453,0.980,0.285,77.78372920151865
39454,0.980,0.290,72.49507186891468
39455,0.980,0.295,67.18016877906368
39456,0.980,0.300,61.84702859411713
39457,0.980,0.305,56.50735731612741
39458,0.980,0.310,51.177881441989584
39459,0.980,0.315,45.88193735785708
39460,0.980,0.320,40.65120882749028
39461,0.980,0.325,35.52733049492107
39462,0.980,0.330,30.562849313625644
39463,0.980,0.335,25.820799984204196
39464,0.980,0.340,21.37203635152707
39465,0.980,0.345,17.28967428011403
39466,0.980,0.350,13.640726643857523
39467,0.980,0.355,10.476203516961895
39468,0.980,0.360,7.822147515096457
39469,0.980,0.365,5.674490989463794
39470,0.980,0.370,3.999684720269507
39471,0.980,0.375,2.7410100803811126
39472,0.980,0.380,1.8284371176283907
39473,0.980,0.385,1.188962098472524
39474,0.980,0.390,0.7548653419365722
39475,0.980,0.395,0.46868144559938407
39476,0.980,0.400,0.28499687110265004
39477,0.980,0.405,0.16995399680454487
39478,0.980,0.410,0.09950450813804027
39479,0.980,0.415,0.05725067387347053
39480,0.980,0.420,0.032394547578628724
39481,0.980,0.425,0.018037352292803146
39482,0.980,0.430,0.009887302187739404
39483,0.980,0.435,0.005337393493815621
39484,0.980,0.440,0.0028380830361387304
39485,0.980,0.445,0.001486710218667988
39486,0.980,0.450,0.0007672951081157877
39487,0.980,0.455,0.00039015419672653944
39488,0.980,0.460,0.00019544650603568238
39489,0.980,0.465,9.644895018166555e-05
39490,0.980,0.470,4.6880022298449123e-05
39491,0.980,0.475,2.2440162905158495e-05
39492,0.980,0.480,1.0576091038190904e-05
39493,0.980,0.485,4.906654510686355e-06
39494,0.980,0.490,2.2402422733142552e-06
39495,0.980,0.495,1.006306805198978e-06
39496,0.980,0.500,4.4458782484989495e-07
39497,0.980,0.505,1.931220018238101e-07
39498,0.980,0.510,8.245139276258824e-08
39499,0.980,0.515,3.458526985745388e-08
39500,0.980,0.520,1.4247414684262952e-08
39501,0.980,0.525,5.7616566106885726e-09
39502,0.980,0.530,2.2862808510593875e-09
39503,0.980,0.535,8.897681126113239e-10
39504,0.980,0.540,3.3944760683670924e-10
39505,0.980,0.545,1.2687910989309106e-10
39506,0.980,0.550,4.643983345669038e-11
39507,0.980,0.555,1.6635068186589577e-11
39508,0.980,0.560,5.828144497123201e-12
39509,0.980,0.565,1.9958776798425868e-12
39510,0.980,0.570,6.676498083745097e-13
39511,0.980,0.575,2.1800914404148288e-13
39512,0.980,0.580,6.943811840129223e-14
39513,0.980,0.585,2.155708186087495e-14
39514,0.980,0.590,6.517890451149356e-15
39515,0.980,0.595,1.9177393964362183e-15
39516,0.980,0.600,5.486065716213099e-16
39517,0.980,0.605,1.524500028682354e-16
39518,0.980,0.610,4.1112684115656426e-17
39519,0.980,0.615,1.0749166187516122e-17
39520,0.980,0.620,2.7218859622867237e-18
39521,0.980,0.625,6.667910009147085e-19
39522,0.980,0.630,1.5784488724736103e-19
39523,0.980,0.635,3.606475837973213e-20
39524,0.980,0.640,7.942801533780238e-21
39525,0.980,0.645,1.6841636336641834e-21
39526,0.980,0.650,3.432355465690451e-22
39527,0.980,0.655,6.715220975954088e-23
39528,0.980,0.660,1.2591135866681492e-23
39529,0.980,0.665,4.0409128937956834e-11
39530,0.980,0.670,1.699171252872169e-11
39531,0.980,0.675,6.976985382996099e-12
39532,0.980,0.680,2.794889490436344e-12
39533,0.980,0.685,1.0911851671197146e-12
39534,0.980,0.690,4.147784845957205e-13
39535,0.980,0.695,1.5333434046917818e-13
39536,0.980,0.700,5.506331151582745e-14
39537,0.980,0.705,1.9184478540677453e-14
39538,0.980,0.710,6.476439376823138e-15
39539,0.980,0.715,2.1155417785115e-15
39540,0.980,0.720,6.676830038707615e-16
39541,0.980,0.725,2.032863631011007e-16
39542,0.980,0.730,5.961007177005397e-17
39543,0.980,0.735,1.680521486002917e-17
39544,0.980,0.740,4.546454961866252e-18
39545,0.980,0.745,1.1780006240377575e-18
39546,0.980,0.750,2.917059240555948e-19
39547,0.980,0.755,6.888025668255126e-20
39548,0.980,0.760,1.547216928339718e-20
39549,0.980,0.765,3.2976232060220107e-21
39550,0.980,0.770,6.6505044754700705e-22
39551,0.980,0.775,1.2654399329295523e-22
39552,0.980,0.780,2.2646922280898706e-23
39553,0.980,0.785,3.7995435333727004e-24
39554,0.980,0.790,3.0976495725035845e-11
39555,0.980,0.795,1.2036669862639698e-11
39556,0.980,0.800,4.502845502808523e-12
39557,0.980,0.805,1.6180881526344866e-12
39558,0.980,0.810,5.571902589688916e-13
39559,0.980,0.815,1.8338325777202213e-13
39560,0.980,0.820,5.752390174908487e-14
39561,0.980,0.825,1.7145397298051993e-14
39562,0.980,0.830,4.839788847000058e-15
39563,0.980,0.835,1.2892429002952617e-15
39564,0.980,0.840,3.2284343011888105e-16
39565,0.980,0.845,7.56789316061139e-17
39566,0.980,0.850,1.653124762780264e-17
39567,0.980,0.855,3.3483979538316036e-18
39568,0.980,0.860,6.255187177272725e-19
39569,0.980,0.865,1.0714967647946552e-19
39570,0.980,0.870,1.6724636539994275e-20
39571,0.980,0.875,2.362593653595898e-21
39572,0.980,0.880,2.9986043838140586e-22
39573,0.980,0.885,3.3928735473577424e-23
39574,0.980,0.890,3.394576057323438e-24
39575,0.980,0.895,2.9785179452940387e-25
39576,0.980,0.900,2.2761222730624782e-26
39577,0.980,0.905,2.575227320234384e-12
39578,0.980,0.910,6.285883454417536e-13
39579,0.980,0.915,1.4150589524731492e-13
39580,0.980,0.920,2.932146016877102e-14
39581,0.980,0.925,5.594301781260874e-15
39582,0.980,0.930,9.868333464605169e-16
39583,0.980,0.935,1.6256597385969018e-16
39584,0.980,0.940,2.5480319890166903e-17
39585,0.980,0.945,3.915769616037378e-18
39586,0.980,0.950,6.155067169919197e-19
39587,0.980,0.955,1.0404601805905321e-19
39588,0.980,0.960,1.9809824215691812e-20
39589,0.980,0.965,4.3688507439467416e-21
39590,0.980,0.970,1.1194255035664351e-21
39591,0.980,0.975,3.275341059764503e-22
39592,0.980,0.980,1.0639231706365949e-22
39593,0.980,0.985,3.7134881000559917e-23
39594,0.980,0.990,1.342566481899194e-23
39595,0.980,0.995,4.7863450027238674e-24
39596,0.980,1.000,1.5320713812272301e-24
39597,0.985,0.000,324.36472780425134
39598,0.985,0.005,320.7818849105995
39599,0.985,0.010,317.17745365740745
39600,0.985,0.015,313.5512272784054
39601,0.985,0.020,309.9029950930673
39602,0.985,0.025,306.23254238120126
39603,0.985,0.030,302.53965025290324
39604,0.985,0.035,298.8240955137033
39605,0.985,0.040,295.0856505247274
39606,0.985,0.045,291.3240830576913
39607,0.985,0.050,287.5391561445372
39608,0.985,0.055,283.7306279215158
39609,0.985,0.060,279.89825146751156
39610,0.985,0.065,276.04177463640156
39611,0.985,0.070,272.1609398832287
39612,0.985,0.075,268.25548408397196
39613,0.985,0.080,264.3251383486769
39614,0.985,0.085,260.36962782772054
39615,0.985,0.090,256.38867151096565
39616,0.985,0.095,252.38198201956786
39617,0.985,0.100,248.3492653901921
39618,0.985,0.105,244.2902208514051
39619,0.985,0.110,240.2045405920134
39620,0.985,0.115,236.09190952114045
39621,0.985,0.120,231.9520050198602
39622,0.985,0.125,227.78449668425316
39623,0.985,0.130,223.5890460598195
39624,0.985,0.135,219.3653063672859
39625,0.985,0.140,215.11292221999727
39626,0.985,0.145,210.83152933330646
39627,0.985,0.150,206.52075422669995
39628,0.985,0.155,202.18021391987122
39629,0.985,0.160,197.80951562463844
39630,0.985,0.165,193.4082564355993
39631,0.985,0.170,188.97602302386355
39632,0.985,0.175,184.51239134030757
39633,0.985,0.180,180.01692633786226
39634,0.985,0.185,175.48918172681817
39635,0.985,0.190,170.92869978367793
39636,0.985,0.195,166.33501124365978
39637,0.985,0.200,161.70763532102947
39638,0.985,0.205,157.04607992209878
39639,0.985,0.210,152.34984214618427
39640,0.985,0.215,147.61840921469775
39641,0.985,0.220,142.85126003482125
39642,0.985,0.225,138.04786770210825
39643,0.985,0.230,133.20770339101918
39644,0.985,0.235,128.330242296071
39645,0.985,0.240,123.41497260152676
39646,0.985,0.245,118.46140892164486
39647,0.985,0.250,113.46911233437287
39648,0.985,0.255,108.43772012513548
39649,0.985,0.260,103.36698979717377
39650,0.985,0.265,98.25686396933813
39651,0.985,0.270,93.1075656993109
39652,0.985,0.275,87.91973780738653
39653,0.985,0.280,82.69464519766852
39654,0.985,0.285,77.43446613165689
39655,0.985,0.290,72.14270670637184
39656,0.985,0.295,66.82478142494752
39657,0.985,0.300,61.48880913264578
39658,0.985,0.305,56.146672346143816
39659,0.985,0.310,50.81536945679379
39660,0.985,0.315,45.51863835365057
39661,0.985,0.320,40.288727335083045
39662,0.985,0.325,35.16801826207532
39663,0.985,0.330,30.209972213348124
39664,0.985,0.335,25.478625821516584
39665,0.985,0.340,21.045756974836976
39666,0.985,0.345,16.985077886159903
39667,0.985,0.350,13.363587994647277
39668,0.985,0.355,10.231465717562136
39669,0.985,0.360,7.6130915371713845
39670,0.985,0.365,5.502152887288485
39671,0.985,0.370,3.862722937107214
39672,0.985,0.375,2.636059320319231
39673,0.985,0.380,1.7508040200651196
39674,0.985,0.385,1.1334229958165591
39675,0.985,0.390,0.7163505444004015
39676,0.985,0.395,0.4427294564108975
39677,0.985,0.400,0.2679663215565639
39678,0.985,0.405,0.15904685770245028
39679,0.985,0.410,0.0926747059417241
39680,0.985,0.415,0.053062870030826194
39681,0.985,0.420,0.029876917718164024
39682,0.985,0.425,0.016551882636895093
39683,0.985,0.430,0.009026411480050683
39684,0.985,0.435,0.00484703712582367
39685,0.985,0.440,0.0025634475689076254
39686,0.985,0.445,0.001335413609278548
39687,0.985,0.450,0.0006852918971786181
39688,0.985,0.455,0.0003464196155459655
39689,0.985,0.460,0.00017249332234267086
39690,0.985,0.465,8.459429510455644e-05
39691,0.985,0.470,4.085520801255324e-05
39692,0.985,0.475,1.942738322185687e-05
39693,0.985,0.480,9.09390718091484e-06
39694,0.985,0.485,4.189399751811889e-06
39695,0.985,0.490,1.8988983589817187e-06
39696,0.985,0.495,8.465883403648266e-07
39697,0.985,0.500,3.7112862289799383e-07
39698,0.985,0.505,1.599220897988566e-07
39699,0.985,0.510,6.771174962551313e-08
39700,0.985,0.515,2.8159214866994294e-08
39701,0.985,0.520,1.1497329529674922e-08
39702,0.985,0.525,4.6068276230886755e-09
39703,0.985,0.530,1.8106462310757024e-09
39704,0.985,0.535,6.977170698828119e-10
39705,0.985,0.540,2.634606343175522e-10
39706,0.985,0.545,9.743345845399005e-11
39707,0.985,0.550,3.527039716970426e-11
39708,0.985,0.555,1.2490055799035113e-11
39709,0.985,0.560,4.32414084908432e-12
39710,0.985,0.565,1.462626813814315e-12
39711,0.985,0.570,4.830242949414081e-13
39712,0.985,0.575,1.5563086994324972e-13
39713,0.985,0.580,4.8886494749037996e-14
39714,0.985,0.585,1.4959197029077573e-14
39715,0.985,0.590,4.4555132263622704e-15
39716,0.985,0.595,1.2905786223009757e-15
39717,0.985,0.600,3.6322676597407e-16
39718,0.985,0.605,9.923596781872015e-17
39719,0.985,0.610,2.629233736464571e-17
39720,0.985,0.615,6.748541418940334e-18
39721,0.985,0.620,1.6762485525940641e-18
39722,0.985,0.625,4.0246177580531694e-19
39723,0.985,0.630,9.329159099580117e-20
39724,0.985,0.635,2.0852802472393426e-20
39725,0.985,0.640,4.4883327642550294e-21
39726,0.985,0.645,9.291364344444828e-22
39727,0.985,0.650,1.8465323196308602e-22
39728,0.985,0.655,3.518711087828063e-23
39729,0.985,0.660,6.713364984709639e-11
39730,0.985,0.665,2.846825847401174e-11
39731,0.985,0.670,1.1790489028468432e-11
39732,0.985,0.675,4.764830618290409e-12
39733,0.985,0.680,1.8770669714361724e-12
39734,0.985,0.685,7.200730766867492e-13
39735,0.985,0.690,2.6869524978156923e-13
39736,0.985,0.695,9.741471395554185e-14
39737,0.985,0.700,3.427167200790574e-14
39738,0.985,0.705,1.1684913564894966e-14
39739,0.985,0.710,3.855622269948565e-15
39740,0.985,0.715,1.2294331285414717e-15
39741,0.985,0.720,3.7825101738956307e-16
39742,0.985,0.725,1.1209878994864857e-16
39743,0.985,0.730,3.19449672876363e-17
39744,0.985,0.735,8.737160115701175e-18
39745,0.985,0.740,2.28895156287419e-18
39746,0.985,0.745,5.73159641689923e-19
39747,0.985,0.750,1.3686700357234667e-19
39748,0.985,0.755,3.109205618720032e-20
39749,0.985,0.760,6.701887516611153e-21
39750,0.985,0.765,1.3668827053919934e-21
39751,0.985,0.770,2.6299955923652024e-22
39752,0.985,0.775,4.758617703870078e-23
39753,0.985,0.780,8.069215770444152e-24
39754,0.985,0.785,4.465386422429983e-11
39755,0.985,0.790,1.7434470226681047e-11
39756,0.985,0.795,6.5513135375337766e-12
39757,0.985,0.800,2.36378614637234e-12
39758,0.985,0.805,8.16873374224146e-13
39759,0.985,0.810,2.6963871998211977e-13
39760,0.985,0.815,8.476229539275065e-14
39761,0.985,0.820,2.529384000408107e-14
39762,0.985,0.825,7.13988589421504e-15
39763,0.985,0.830,1.8991752575883823e-15
39764,0.985,0.835,4.740376940245845e-16
39765,0.985,0.840,1.1051907939422147e-16
39766,0.985,0.845,2.394669910692113e-17
39767,0.985,0.850,4.7954234240089366e-18
39768,0.985,0.855,8.82113839739438e-19
39769,0.985,0.860,1.4804924257118013e-19
39770,0.985,0.865,2.250237975757764e-20
39771,0.985,0.870,3.0718377802481438e-21
39772,0.985,0.875,3.731889038051837e-22
39773,0.985,0.880,3.993857375516543e-23
39774,0.985,0.885,3.7229253253750934e-24
39775,0.985,0.890,2.9857208217113964e-25
39776,0.985,0.895,9.006628389353107e-12
39777,0.985,0.900,2.2080681443234226e-12
39778,0.985,0.905,4.908736390574454e-13
39779,0.985,0.910,9.801757353766517e-14
39780,0.985,0.915,1.7397561397675348e-14
39781,0.985,0.920,2.7141408363409237e-15
39782,0.985,0.925,3.6777670431717466e-16
39783,0.985,0.930,4.2772399088581876e-17
39784,0.985,0.935,4.223115543954833e-18
39785,0.985,0.940,3.5123987523312828e-19
39786,0.985,0.945,2.4588059570846458e-20
39787,0.985,0.950,1.4679199783202088e-21
39788,0.985,0.955,7.767785202308567e-23
39789,0.985,0.960,3.941659814517758e-24
39790,0.985,0.965,2.1751843755820395e-25
39791,0.985,0.970,1.5027031547062996e-26
39792,0.985,0.975,1.4124148751499435e-27
39793,0.985,0.980,1.777534098544169e-28
39794,0.985,0.985,2.742277646878639e-29
39795,0.985,0.990,4.530697267461297e-30
39796,0.985,0.995,6.155498113535899e-31
39797,0.985,1.000,-9.216257790354414e-33
39798,0.990,0.000,324.2015298984767
39799,0.990,0.005,320.61766987622667
39800,0.990,0.010,317.012211476176
39801,0.990,0.015,313.38494774323675
39802,0.990,0.020,309.73566780209353
39803,0.990,0.025,306.06415673157215
39804,0.990,0.030,302.37019543436355
39805,0.990,0.035,298.6535605019308
39806,0.990,0.040,294.914024074423
39807,0.990,0.045,291.15135369541156
39808,0.990,0.050,287.36531216125917
39809,0.990,0.055,283.5556573649242
39810,0.990,0.060,279.72214213399684
39811,0.990,0.065,275.86451406275694
39812,0.990,0.070,271.9825153380354
39813,0.990,0.075,268.0758825586572
39814,0.990,0.080,264.1443465482338
39815,0.990,0.085,260.187632161072
39816,0.990,0.090,256.205458080958
39817,0.990,0.095,252.1975366125754
39818,0.990,0.100,248.1635734653135
39819,0.990,0.105,244.1032675292283
39820,0.990,0.110,240.01631064292494
39821,0.990,0.115,235.9023873531484
39822,0.990,0.120,231.76117466589662
39823,0.990,0.125,227.59234178891379
39824,0.990,0.130,223.39554986548922
39825,0.990,0.135,219.17045169958647
39826,0.990,0.140,214.91669147247643
39827,0.990,0.145,210.6339044512651
39828,0.990,0.150,206.32171669002443
39829,0.990,0.155,201.97974472469517
39830,0.990,0.160,197.60759526360442
39831,0.990,0.165,193.2048648764146
39832,0.990,0.170,188.77113968574238
39833,0.990,0.175,184.30599506775505
39834,0.990,0.180,179.8089953710695
39835,0.990,0.185,175.27969366768966
39836,0.990,0.190,170.71763155617933
39837,0.990,0.195,166.12233904673292
39838,0.990,0.200,161.49333457174254
39839,0.990,0.205,156.8301251859454
39840,0.990,0.210,152.13220705048633
39841,0.990,0.215,147.399066339872
39842,0.990,0.220,142.6301807768388
39843,0.990,0.225,137.82502209785847
39844,0.990,0.230,132.98305989665047
39845,0.990,0.235,128.1037675070914
39846,0.990,0.240,123.1866309032566
39847,0.990,0.245,118.23116206093287
39848,0.990,0.250,113.23691891083757
39849,0.990,0.255,108.20353501693909
39850,0.990,0.260,103.13076356978047
39851,0.990,0.265,98.01854237773281
39852,0.990,0.270,92.86708950342985
39853,0.990,0.275,87.67704330526063
39854,0.990,0.280,82.44966618142178
39855,0.990,0.285,77.18713844147592
39856,0.990,0.290,71.89297725819064
39857,0.990,0.295,66.57262456874679
39858,0.990,0.300,61.23425445022191
39859,0.990,0.305,55.88984935238806
39860,0.990,0.310,50.55657563218881
39861,0.990,0.315,45.258436452019794
39862,0.990,0.320,40.02807416373984
39863,0.990,0.325,34.90841768201711
39864,0.990,0.330,29.953627943320054
39865,0.990,0.335,25.228545775238963
39866,0.990,0.340,20.80573828697673
39867,0.990,0.345,16.759497752604325
39868,0.990,0.350,13.156961189309987
39869,0.990,0.355,10.04781283313055
39870,0.990,0.360,7.4552654761682415
39871,0.990,0.365,5.371333215184604
39872,0.990,0.370,3.758252539830554
39873,0.990,0.375,2.555669631108191
39874,0.990,0.380,1.6911267684597038
39875,0.990,0.385,1.0906027213594054
39876,0.990,0.390,0.6865841495032637
39877,0.990,0.395,0.42263419837837507
39878,0.990,0.400,0.25476045748555554
39879,0.990,0.405,0.15058107362881895
39880,0.990,0.410,0.08737080554874392
39881,0.990,0.415,0.04981031098707672
39882,0.990,0.420,0.027922084189305484
39883,0.990,0.425,0.015399242183453883
39884,0.990,0.430,0.00835910034806742
39885,0.990,0.435,0.004467473230131894
39886,0.990,0.440,0.0023512361903931175
39887,0.990,0.445,0.0012187515286142259
39888,0.990,0.450,0.0006222147379977808
39889,0.990,0.455,0.00031287201198462175
39890,0.990,0.460,0.00015494114526040447
39891,0.990,0.465,7.556017144473211e-05
39892,0.990,0.470,3.6281082173696606e-05
39893,0.990,0.475,1.7149362199557373e-05
39894,0.990,0.480,7.978131895925768e-06
39895,0.990,0.485,3.652009034080063e-06
39896,0.990,0.490,1.6444453291598483e-06
39897,0.990,0.495,7.281684967866802e-07
39898,0.990,0.500,3.169756060905085e-07
39899,0.990,0.505,1.3559605656906962e-07
39900,0.990,0.510,5.6981069282689144e-08
39901,0.990,0.515,2.3512613291451294e-08
39902,0.990,0.520,9.522957575996059e-09
39903,0.990,0.525,3.783961131298183e-09
39904,0.990,0.530,1.474408430836802e-09
39905,0.990,0.535,5.630756591203995e-10
39906,0.990,0.540,2.1065112617169249e-10
39907,0.990,0.545,7.71556358428542e-11
39908,0.990,0.550,2.765191695255533e-11
39909,0.990,0.555,9.691057097757047e-12
39910,0.990,0.560,3.3191527860126106e-12
39911,0.990,0.565,1.1102023264912188e-12
39912,0.990,0.570,3.624020422409917e-13
39913,0.990,0.575,1.1536475330576203e-13
39914,0.990,0.580,3.578614936085831e-14
39915,0.990,0.585,1.0808505443180478e-14
39916,0.990,0.590,3.1758358556519027e-15
39917,0.990,0.595,9.070009928963564e-16
39918,0.990,0.600,2.5154273285732573e-16
39919,0.990,0.605,6.767811214899371e-17
39920,0.990,0.610,1.7647125773882875e-17
39921,0.990,0.615,4.454778765704312e-18
39922,0.990,0.620,1.0874656031731613e-18
39923,0.990,0.625,2.5641066619571725e-19
39924,0.990,0.630,5.832324206976455e-20
39925,0.990,0.635,1.278173218245504e-20
39926,0.990,0.640,2.694913061643148e-21
39927,0.990,0.645,5.459864270160542e-22
39928,0.990,0.650,1.0608103518687298e-22
39929,0.990,0.655,1.9742040223723726e-23
39930,0.990,0.660,4.970680837789624e-11
39931,0.990,0.665,2.080699946903929e-11
39932,0.990,0.670,8.501214221309204e-12
39933,0.990,0.675,3.386942384558647e-12
39934,0.990,0.680,1.3144484411218962e-12
39935,0.990,0.685,4.963822225906595e-13
39936,0.990,0.690,1.821908112599756e-13
39937,0.990,0.695,6.491508832466495e-14
39938,0.990,0.700,2.2424028435605194e-14
39939,0.990,0.705,7.499571648765457e-15
39940,0.990,0.710,2.424843831159003e-15
39941,0.990,0.715,7.56808547601111e-16
39942,0.990,0.720,2.276309955160507e-16
39943,0.990,0.725,6.586616988300598e-17
39944,0.990,0.730,1.830089139700333e-17
39945,0.990,0.735,4.8730476140437915e-18
39946,0.990,0.740,1.2408791582316903e-18
39947,0.990,0.745,3.014933550793848e-19
39948,0.990,0.750,6.972621853825394e-20
39949,0.990,0.755,1.530949985113165e-20
39950,0.990,0.760,3.1824972154584582e-21
39951,0.990,0.765,6.24489567904444e-22
39952,0.990,0.770,1.153045294839393e-22
39953,0.990,0.775,1.996400594472218e-23
39954,0.990,0.780,3.2296414639804453e-24
39955,0.990,0.785,2.7568526023967833e-11
39956,0.990,0.790,1.0475949585647898e-11
39957,0.990,0.795,3.823494760814334e-12
39958,0.990,0.800,1.3369529423965467e-12
39959,0.990,0.805,4.4664902640617025e-13
39960,0.990,0.810,1.4213849725664006e-13
39961,0.990,0.815,4.2947192955687326e-14
39962,0.990,0.820,1.2276846672924728e-14
39963,0.990,0.825,3.3072880370714814e-15
39964,0.990,0.830,8.360445378700573e-16
39965,0.990,0.835,1.9738420057305057e-16
39966,0.990,0.840,4.329768619074673e-17
39967,0.990,0.845,8.773902335540086e-18
39968,0.990,0.850,1.6320512325720299e-18
39969,0.990,0.855,2.7670551957394676e-19
39970,0.990,0.860,4.2425229350686683e-20
39971,0.990,0.865,5.830821272085858e-21
39972,0.990,0.870,7.112921875089476e-22
39973,0.990,0.875,7.616562298013306e-23
39974,0.990,0.880,7.070207320849505e-24
39975,0.990,0.885,4.4922282502091934e-11
39976,0.990,0.890,1.1918482793683343e-11
39977,0.990,0.895,2.875942401659961e-12
39978,0.990,0.900,6.245781451981724e-13
39979,0.990,0.905,1.2061364820452404e-13
39980,0.990,0.910,2.0424040779708325e-14
39981,0.990,0.915,2.983815335630443e-15
39982,0.990,0.920,3.6902919634398247e-16
39983,0.990,0.925,3.778977861097144e-17
39984,0.990,0.930,3.1217785165910968e-18
39985,0.990,0.935,2.0176973669808821e-19
39986,0.990,0.940,9.844047059031474e-21
39987,0.990,0.945,3.477869831551686e-22
39988,0.990,0.950,8.488908202308926e-24
39989,0.990,0.955,1.3606209554970058e-25
39990,0.990,0.960,1.3243865089291287e-27
39991,0.990,0.965,3.3475277384566117e-13
39992,0.990,0.970,2.2648711293996553e-14
39993,0.990,0.975,1.365831267323885e-15
39994,0.990,0.980,9.036257376483506e-17
39995,0.990,0.985,8.191304758313376e-18
39996,0.990,0.990,1.0750240799680844e-18
39997,0.990,0.995,1.812584487769552e-19
39998,0.990,1.000,3.047161326128642e-20
39999,0.995,0.000,324.1041428151688
40000,0.995,0.005,320.51968409795535
40001,0.995,0.010,316.91362117865447
40002,0.995,0.015,313.28574699245905
40003,0.995,0.020,309.63585055084945
40004,0.995,0.025,305.96371681583247
40005,0.995,0.030,302.2691265695307
40006,0.995,0.035,298.5518562789504
40007,0.995,0.040,294.81167795575044
40008,0.995,0.045,291.048359010828
40009,0.995,0.050,287.2616621035312
40010,0.995,0.055,283.45134498530103
40011,0.995,0.060,279.6171603375379
40012,0.995,0.065,275.7588556034832
40013,0.995,0.070,271.8761728138975
40014,0.995,0.075,267.968848406311
40015,0.995,0.080,264.0366130376159
40016,0.995,0.085,260.0791913897642
40017,0.995,0.090,256.0963019683314
40018,0.995,0.095,252.0876568937003
40019,0.995,0.100,248.05296168462263
40020,0.995,0.105,243.99191503391611
40021,0.995,0.110,239.90420857606352
40022,0.995,0.115,235.78952664649708
40023,0.995,0.120,231.64754603237583
40024,0.995,0.125,227.47793571470703
40025,0.995,0.130,223.28035660172665
40026,0.995,0.135,219.05446125355118
40027,0.995,0.140,214.7998935982545
40028,0.995,0.145,210.5162886397374
40029,0.995,0.150,206.20327215806262
40030,0.995,0.155,201.8604604033783
40031,0.995,0.160,197.48745978520765
40032,0.995,0.165,193.08386655983318
40033,0.995,0.170,188.64926651989265
40034,0.995,0.175,184.18323469232587
40035,0.995,0.180,179.68533505376715
40036,0.995,0.185,175.1551202768027
40037,0.995,0.190,170.5921315268529
40038,0.995,0.195,165.9958983387486
40039,0.995,0.200,161.36593861578316
40040,0.995,0.205,156.70175881422327
40041,0.995,0.210,152.00285440611782
40042,0.995,0.215,147.26871075738853
40043,0.995,0.220,142.4988046235795
40044,0.995,0.225,137.69260656254585
40045,0.995,0.230,132.8495847070546
40046,0.995,0.235,127.96921055324513
40047,0.995,0.240,123.05096773625719
40048,0.995,0.245,118.09436523033817
40049,0.995,0.250,113.09895709708383
40050,0.995,0.255,108.06437191131218
40051,0.995,0.260,102.99035645761029
40052,0.995,0.265,97.8768403985307
40053,0.995,0.270,92.72403160821888
40054,0.995,0.275,87.53255602862434
40055,0.995,0.280,82.30366152852352
40056,0.995,0.285,77.03951250917734
40057,0.995,0.290,71.74361073183731
40058,0.995,0.295,66.42138703800698
40059,0.995,0.300,61.08101562327178
40060,0.995,0.305,55.7345016802745
40061,0.995,0.310,50.399074316103686
40062,0.995,0.315,45.098863576124764
40063,0.995,0.320,39.86673235234684
40064,0.995,0.325,34.74595302610873
40065,0.995,0.330,29.79116960896812
40066,0.995,0.335,25.06783010749753
40067,0.995,0.340,20.649163023373255
40068,0.995,0.345,16.61004016548786
40069,0.995,0.350,13.017911507609796
40070,0.995,0.355,9.92233286893797
40071,0.995,0.360,7.345867092141134
40072,0.995,0.365,5.279435200257038
40073,0.995,0.370,3.683966861471487
40074,0.995,0.375,2.4978807841910884
40075,0.995,0.380,1.647811212065588
40076,0.995,0.385,1.0592582021076298
40077,0.995,0.390,0.6646340176466572
40078,0.995,0.395,0.40772123726902804
40079,0.995,0.400,0.244906850363157
40080,0.995,0.405,0.1442352575892125
40081,0.995,0.410,0.08337988982647286
40082,0.995,0.415,0.047355309131156036
40083,0.995,0.420,0.0264429677383221
40084,0.995,0.425,0.01452548701621336
40085,0.995,0.430,0.007852596173954418
40086,0.995,0.435,0.004179156769355812
40087,0.995,0.440,0.0021899980516808383
40088,0.995,0.445,0.0011301298911042877
40089,0.995,0.450,0.0005743297328641604
40090,0.995,0.455,0.0002874317685855812
40091,0.995,0.460,0.0001416505221513504
40092,0.995,0.465,6.873233210529001e-05
40093,0.995,0.470,3.283185643682286e-05
40094,0.995,0.475,1.543609590176978e-05
40095,0.995,0.480,7.141492943970634e-06
40096,0.995,0.485,3.250413714403571e-06
40097,0.995,0.490,1.45499828826147e-06
40098,0.995,0.495,6.403609317615226e-07
40099,0.995,0.500,2.7699924966059664e-07
40100,0.995,0.505,1.1772416511616471e-07
40101,0.995,0.510,4.9137931142392705e-08
40102,0.995,0.515,2.0135040305084083e-08
40103,0.995,0.520,8.096212527964488e-09
40104,0.995,0.525,3.19303413815535e-09
40105,0.995,0.530,1.234539469133257e-09
40106,0.995,0.535,4.6769466974788e-10
40107,0.995,0.540,1.735164543455419e-10
40108,0.995,0.545,6.300756256705939e-11
40109,0.995,0.550,2.237995685734757e-11
40110,0.995,0.555,7.770849971493237e-12
40111,0.995,0.560,2.6359404024055547e-12
40112,0.995,0.565,8.728947229903179e-13
40113,0.995,0.570,2.8199057819105184e-13
40114,0.995,0.575,8.880269311661737e-14
40115,0.995,0.580,2.7239134871816108e-14
40116,0.995,0.585,8.131611916169611e-15
40117,0.995,0.590,2.3604753552731424e-15
40118,0.995,0.595,6.656827025485847e-16
40119,0.995,0.600,1.822075060123558e-16
40120,0.995,0.605,4.8357433293561837e-17
40121,0.995,0.610,1.2430906485603128e-17
40122,0.995,0.615,3.091785765527725e-18
40123,0.995,0.620,7.431553753326562e-19
40124,0.995,0.625,1.7242244757242245e-19
40125,0.995,0.630,3.8564528337301817e-20
40126,0.995,0.635,8.3043931809475e-21
40127,0.995,0.640,1.7190546897461956e-21
40128,0.995,0.645,3.416757499457333e-22
40129,0.995,0.650,6.506427940885365e-23
40130,0.995,0.655,1.1857041798625147e-23
40131,0.995,0.660,3.8119991235050197e-11
40132,0.995,0.665,1.577466460352949e-11
40133,0.995,0.670,6.368075499087237e-12
40134,0.995,0.675,2.505301103865594e-12
40135,0.995,0.680,9.595183143486955e-13
40136,0.995,0.685,3.573546449539885e-13
40137,0.995,0.690,1.2926500168330945e-13
40138,0.995,0.695,4.5357551594956024e-14
40139,0.995,0.700,1.5417858719889578e-14
40140,0.995,0.705,5.069760445019368e-15
40141,0.995,0.710,1.6102174339860266e-15
40142,0.995,0.715,4.931951259197301e-16
40143,0.995,0.720,1.4542833284112111e-16
40144,0.995,0.725,4.1208409894655143e-17
40145,0.995,0.730,1.1199215937113883e-17
40146,0.995,0.735,2.913104287042868e-18
40147,0.995,0.740,7.236546317212255e-19
40148,0.995,0.745,1.712722422497854e-19
40149,0.995,0.750,3.852331379855987e-20
40150,0.995,0.755,8.212261860905087e-21
40151,0.995,0.760,1.6543967962851643e-21
40152,0.995,0.765,3.139757354039547e-22
40153,0.995,0.770,5.594663744007114e-23
40154,0.995,0.775,9.326398560716198e-24
40155,0.995,0.780,4.680351004356489e-11
40156,0.995,0.785,1.807816388069933e-11
40157,0.995,0.790,6.7121869304068226e-12
40158,0.995,0.795,2.3896340977695694e-12
40159,0.995,0.800,8.135545267979649e-13
40160,0.995,0.805,2.6409247920638205e-13
40161,0.995,0.810,8.147975816022347e-14
40162,0.995,0.815,2.3809393660319445e-14
40163,0.995,0.820,6.564280405014513e-15
40164,0.995,0.825,1.700349000581597e-15
40165,0.995,0.830,4.1189736587534735e-16
40166,0.995,0.835,9.283669617792394e-17
40167,0.995,0.840,1.9358582123843163e-17
40168,0.995,0.845,3.7112921648643145e-18
40169,0.995,0.850,6.495934681084132e-19
40170,0.995,0.855,1.0300008517224171e-19
40171,0.995,0.860,1.466632068692687e-20
40172,0.995,0.865,1.8570796932957846e-21
40173,0.995,0.870,2.0680343045997993e-22
40174,0.995,0.875,2.0001391460115704e-23
40175,0.995,0.880,1.65641808960258e-24
40176,0.995,0.885,2.0405693526997646e-11
40177,0.995,0.890,5.033711562400633e-12
40178,0.995,0.895,1.117972280440226e-12
40179,0.995,0.900,2.2078155911052383e-13
40180,0.995,0.905,3.820753349207508e-14
40181,0.995,0.910,5.6954729589921194e-15
40182,0.995,0.915,7.165604975629406e-16
40183,0.995,0.920,7.425491950991972e-17
40184,0.995,0.925,6.153938201292555e-18
40185,0.995,0.930,3.9348295512210315e-19
40186,0.995,0.935,1.8568539575534506e-20
40187,0.995,0.940,6.118209357192606e-22
40188,0.995,0.945,1.3118700355254331e-23
40189,0.995,0.950,3.9439974512645e-11
40190,0.995,0.955,3.4258295644311673e-12
40191,0.995,0.960,2.010720811633497e-13
40192,0.995,0.965,7.174742546288123e-15
40193,0.995,0.970,1.34565635875654e-16
40194,0.995,0.975,1.086496854954051e-18
40195,0.995,0.980,2.9309713206553753e-21
40196,0.995,0.985,2.2108828356565392e-24
40197,0.995,0.990,9.353201498713895e-28
40198,0.995,0.995,2.1874139884443922e-30
40199,0.995,1.000,8.11955488754468e-15
40200,1.000,0.000,324.07184807657535
40201,1.000,0.005,320.4871932580792
40202,1.000,0.010,316.8809323508542
40203,1.000,0.015,313.25285825456007
40204,1.000,0.020,309.6027599440097
40205,1.000,0.025,305.9304223433662
40206,1.000,0.030,302.23562619568867
40207,1.000,0.035,298.51814792765373
40208,1.000,0.040,294.77775950927725
40209,1.000,0.045,291.0142283084506
40210,1.000,0.050,287.22731694010133
40211,1.000,0.055,283.4167831097813
40212,1.000,0.060,279.5823794514768
40213,1.000,0.065,275.72385335943096
40214,1.000,0.070,271.84094681375905
40215,1.000,0.075,267.9333961996339
40216,1.000,0.080,264.0009321198073
40217,1.000,0.085,260.04327920023434
40218,1.000,0.090,256.06015588855547
40219,1.000,0.095,252.05127424519387
40220,1.000,0.100,248.01633972682055
40221,1.000,0.105,243.95505096194515
40222,1.000,0.110,239.86709951839455
40223,1.000,0.115,235.75216966245884
40224,1.000,0.120,231.6099381095074
40225,1.000,0.125,227.44007376591804
40226,1.000,0.130,223.24223746222447
40227,1.000,0.135,219.01608167747906
40228,1.000,0.140,214.7612502549673
40229,1.000,0.145,210.47737810961237
40230,1.000,0.150,206.16409092770664
40231,1.000,0.155,201.8210048600415
40232,1.000,0.160,197.4477262101409
40233,1.000,0.165,193.04385112022777
40234,1.000,0.170,188.6089652589013
40235,1.000,0.175,184.14264351647014
40236,1.000,0.180,179.64444971676713
40237,1.000,0.185,175.1139363584858
40238,1.000,0.190,170.5506444052746
40239,1.000,0.195,165.95410315292096
40240,1.000,0.200,161.3238302153863
40241,1.000,0.205,156.65933169124767
40242,1.000,0.210,151.9601026014133
40243,1.000,0.215,147.2256277323584
40244,1.000,0.220,142.45538308349805
40245,1.000,0.225,137.6488382128289
40246,1.000,0.230,132.80545991683132
40247,1.000,0.235,127.9247178912169
40248,1.000,0.240,123.00609333146657
40249,1.000,0.245,118.04909189449336
40250,1.000,0.250,113.05326312505694
40251,1.000,0.255,108.01822945246525
40252,1.000,0.260,102.94372932403321
40253,1.000,0.265,97.82968115086206
40254,1.000,0.270,92.67627774367072
40255,1.000,0.275,87.48412510500435
40256,1.000,0.280,82.25444512066834
40257,1.000,0.285,76.98936905710609
40258,1.000,0.290,71.69235767509024
40259,1.000,0.295,66.36879323827863
40260,1.000,0.300,61.02679607617255
40261,1.000,0.305,55.67831800226377
40262,1.000,0.310,50.34054643262721
40263,1.000,0.315,45.037600071554074
40264,1.000,0.320,39.80238807977535
40265,1.000,0.325,34.67832090526298
40266,1.000,0.330,29.72030634654422
40267,1.000,0.335,24.994200554479647
40268,1.000,0.340,20.573766113669254
40269,1.000,0.345,16.53445920226171
40270,1.000,0.350,12.944229431727939
40271,1.000,0.355,9.852885420376657
40272,1.000,0.360,7.282872245465679
40273,1.000,0.365,5.224604960329159
40274,1.000,0.370,3.638231115483652
40275,1.000,0.375,2.4613093435574305
40276,1.000,0.380,1.6197347113820375
40277,1.000,0.385,1.038514844478575
40278,1.000,0.390,0.6498444648622694
40279,1.000,0.395,0.3975161049188819
40280,1.000,0.400,0.23807306555485178
40281,1.000,0.405,0.13978321400012683
40282,1.000,0.410,0.0805520966799164
40283,1.000,0.415,0.045600967040443835
40284,1.000,0.420,0.02537831083499902
40285,1.000,0.425,0.013892695017850695
40286,1.000,0.430,0.007483882669695416
40287,1.000,0.435,0.00396837901666822
40288,1.000,0.440,0.0020717146576828094
40289,1.000,0.445,0.0010649401981489633
40290,1.000,0.450,0.0005390333069011545
40291,1.000,0.455,0.00026865262828236605
40292,1.000,0.460,0.00013183138733958435
40293,1.000,0.465,6.368629002040538e-05
40294,1.000,0.470,3.028321493478287e-05
40295,1.000,0.475,1.417100158515619e-05
40296,1.000,0.480,6.524403677601157e-06
40297,1.000,0.485,2.954667329412398e-06
40298,1.000,0.490,1.3157611296525481e-06
40299,1.000,0.495,5.759800687056461e-07
40300,1.000,0.500,2.4777045678963875e-07
40301,1.000,0.505,1.0469881084022298e-07
40302,1.000,0.510,4.3442178041560886e-08
40303,1.000,0.515,1.7691943107645892e-08
40304,1.000,0.520,7.068692460388206e-09
40305,1.000,0.525,2.7694701850125974e-09
40306,1.000,0.530,1.0634855085108547e-09
40307,1.000,0.535,4.0005113841753534e-10
40308,1.000,0.540,1.4733588892852901e-10
40309,1.000,0.545,5.309561725596444e-11
40310,1.000,0.550,1.8711190509084907e-11
40311,1.000,0.555,6.444057603695652e-12
40312,1.000,0.560,2.1674140384777342e-12
40313,1.000,0.565,7.114495222911509e-13
40314,1.000,0.570,2.2774390289128894e-13
40315,1.000,0.575,7.104202850903317e-14
40316,1.000,0.580,2.1577415129482846e-14
40317,1.000,0.585,6.3757571461981604e-15
40318,1.000,0.590,1.8311653491164874e-15
40319,1.000,0.595,5.107209168660177e-16
40320,1.000,0.600,1.3819013053840453e-16
40321,1.000,0.605,3.62380502078525e-17
40322,1.000,0.610,9.199859030090079e-18
40323,1.000,0.615,2.258602367928399e-18
40324,1.000,0.620,5.355808930377984e-19
40325,1.000,0.625,1.2251971712042585e-19
40326,1.000,0.630,2.7002447469372854e-20
40327,1.000,0.635,5.7260225219598035e-21
40328,1.000,0.640,1.1664494754171212e-21
40329,1.000,0.645,2.279989240661176e-22
40330,1.000,0.650,4.2661751504082454e-23
40331,1.000,0.655,7.218520004084037e-11
40332,1.000,0.660,3.030051740318768e-11
40333,1.000,0.665,1.2414080223491877e-11
40334,1.000,0.670,4.9592575780058865e-12
40335,1.000,0.675,1.92977742039092e-12
40336,1.000,0.680,7.306529840097283e-13
40337,1.000,0.685,2.6885970359553835e-13
40338,1.000,0.690,9.603252784560199e-14
40339,1.000,0.695,3.325252530875122e-14
40340,1.000,0.700,1.1146684621541629e-14
40341,1.000,0.705,3.611983860720812e-15
40342,1.000,0.710,1.1296638665921447e-15
40343,1.000,0.715,3.4043745772327355e-16
40344,1.000,0.720,9.868358826722344e-17
40345,1.000,0.725,2.7463541808642445e-17
40346,1.000,0.730,7.323221952449715e-18
40347,1.000,0.735,1.8670363479798257e-18
40348,1.000,0.740,4.540617331654845e-19
40349,1.000,0.745,1.0508126822727556e-19
40350,1.000,0.750,2.308046488845182e-20
40351,1.000,0.755,4.797889233073783e-21
40352,1.000,0.760,9.410864771504467e-22
40353,1.000,0.765,1.7360890817654618e-22
40354,1.000,0.770,3.00167514463383e-23
40355,1.000,0.775,4.84605926049697e-24
40356,1.000,0.780,3.317044435733114e-11
40357,1.000,0.785,1.258087469537507e-11
40358,1.000,0.790,4.58104971650486e-12
40359,1.000,0.795,1.5973082929738782e-12
40360,1.000,0.800,5.318115766715189e-13
40361,1.000,0.805,1.6855332412975248e-13
40362,1.000,0.810,5.0683793041163144e-14
40363,1.000,0.815,1.4406440301360787e-14
40364,1.000,0.820,3.855212929671002e-15
40365,1.000,0.825,9.669804177524216e-16
40366,1.000,0.830,2.262249879355759e-16
40367,1.000,0.835,4.909861298547267e-17
40368,1.000,0.840,9.8265510665415e-18
40369,1.000,0.845,1.801536100060619e-18
40370,1.000,0.850,3.0030894721218066e-19
40371,1.000,0.855,4.514055954419236e-20
40372,1.000,0.860,6.0615742442312255e-21
40373,1.000,0.865,7.195404001464798e-22
40374,1.000,0.870,7.46117598875336e-23
40375,1.000,0.875,6.66767301419458e-24
40376,1.000,0.880,4.1604406980378806e-11
40377,1.000,0.885,1.0736514495569041e-11
40378,1.000,0.890,2.5063363161856376e-12
40379,1.000,0.895,5.230606560673095e-13
40380,1.000,0.900,9.625540095894918e-14
40381,1.000,0.905,1.5368335204504602e-14
40382,1.000,0.910,2.088426595336244e-15
40383,1.000,0.915,2.3606402528601883e-16
40384,1.000,0.920,2.1588215215816734e-17
40385,1.000,0.925,1.5441252652812801e-18
40386,1.000,0.930,8.28458360547039e-20
40387,1.000,0.935,3.1640291431091197e-21
40388,1.000,0.940,8.047170702399012e-23
40389,1.000,0.945,1.2496876376153383e-24
40390,1.000,0.950,9.92966406979831e-12
40391,1.000,0.955,6.610215413390991e-13
40392,1.000,0.960,2.7156466667089168e-14
40393,1.000,0.965,5.896361553558512e-16
40394,1.000,0.970,5.347010990855106e-18
40395,1.000,0.975,1.3855789506313522e-20
40396,1.000,0.980,5.283758735362492e-24
40397,1.000,0.985,1.629432583201773e-12
40398,1.000,0.990,3.393765910781814e-16
40399,1.000,0.995,2.1195626971543191e-23
40400,1.000,1.000,2.19719850209398e-19
